x_coordinate,y_coordinate,0
359,564,65
0,0,52
1853,590,49
1999,1999,48
1850,590,45
349,564,43
1852,590,41
559,1302,38
558,1304,34
557,1305,33
1851,590,33
554,1309,33
556,1306,32
550,1318,32
1692,1204,31
555,1308,30
559,1301,29
0,1999,29
1396,1748,29
556,1307,28
1471,1339,28
1016,1509,28
557,1306,28
552,1312,27
557,1307,27
1898,1491,27
550,1316,26
558,1303,26
558,1305,26
1908,1472,26
552,1310,26
195,489,26
551,1314,24
1447,1635,24
1999,0,24
1363,1748,24
1854,590,24
553,1309,24
553,1308,24
551,1316,23
556,1308,23
1363,1749,23
1932,96,23
931,1852,23
1918,1809,22
1397,1748,22
556,1309,22
559,1300,22
557,1312,22
1059,756,22
551,1313,22
1649,1869,22
552,1309,21
194,489,21
1779,1755,21
553,1311,21
554,1307,21
246,938,21
1397,1747,21
1396,1747,21
924,1856,21
556,1310,21
562,1293,21
559,1303,21
105,768,20
1396,1749,20
1655,1869,20
175,216,20
1397,1749,20
1058,756,20
1060,756,20
615,1411,20
553,1312,20
1362,1748,20
1362,1749,20
1789,1409,20
558,1306,20
662,222,20
557,1313,20
558,1309,19
561,1295,19
554,1310,19
654,1229,19
1364,1748,19
8,1267,19
558,1311,19
557,1303,19
193,489,19
1269,1287,19
166,1079,19
286,1084,19
555,1307,19
532,1283,19
662,221,18
1395,1747,18
657,1229,18
1637,1204,18
552,1308,18
1908,404,18
557,1304,18
562,1291,18
1890,353,18
205,507,18
1680,1203,18
559,1308,18
555,1305,18
290,1377,18
579,1271,18
560,1299,18
608,1417,17
1976,74,17
1395,1749,17
550,1315,17
582,1741,17
1521,1186,17
557,1309,17
555,1306,17
1058,755,17
554,1306,17
1988,96,17
559,1299,16
1987,104,16
558,1301,16
555,1309,16
1987,99,16
549,1323,16
559,1305,16
573,610,16
553,1310,16
1669,1243,16
207,501,16
104,768,16
344,382,16
554,1308,16
1898,1492,16
973,1032,16
998,1406,16
1395,1748,16
1614,237,16
621,1417,16
531,1276,16
621,443,16
1765,73,16
1786,1753,15
732,1589,15
533,1289,15
559,1309,15
556,1313,15
1675,1248,15
419,365,15
562,1292,15
1987,98,15
1692,1205,15
558,1302,15
580,1272,15
422,254,15
297,1377,15
557,1314,15
1802,1824,15
551,1317,15
481,1402,15
380,405,14
559,1255,14
1247,377,14
1986,98,14
550,1308,14
556,1312,14
557,1310,14
555,1313,14
1658,1255,14
559,1306,14
375,392,14
392,1477,14
444,1691,14
550,1319,14
1644,1341,14
559,1304,14
557,1308,14
555,1310,14
1659,1265,14
551,1310,14
556,1304,14
556,1314,14
260,446,14
662,1708,14
748,799,14
609,1425,14
422,397,14
1779,1753,14
549,1317,14
1488,103,14
771,735,14
166,1080,14
427,377,14
560,1300,14
919,1853,14
1798,1820,14
622,1417,14
549,1320,14
260,445,14
424,921,14
724,516,14
552,1316,13
551,1315,13
558,1313,13
417,376,13
167,1079,13
552,1314,13
554,1314,13
532,1291,13
555,1315,13
523,1259,13
1932,94,13
620,1425,13
663,221,13
560,1296,13
532,1282,13
1975,83,13
563,1291,13
423,921,13
1844,577,13
607,1417,13
1270,1287,13
1083,768,13
1000,1000,13
1878,198,13
1897,1491,13
298,372,13
1923,1602,13
559,1307,13
298,371,13
563,1288,13
1446,1635,13
556,1305,13
421,380,13
1667,1243,12
1491,719,12
1851,594,12
558,1307,12
73,1944,12
1436,1614,12
1006,647,12
578,1272,12
662,223,12
552,1311,12
553,1305,12
1679,1253,12
730,1585,12
165,895,12
1778,1754,12
1371,652,12
720,667,12
1767,1541,12
558,1310,12
531,1279,12
1968,379,12
561,1445,12
773,783,12
1537,1186,12
189,1715,12
214,507,12
1854,1751,12
1362,1750,12
533,1287,12
555,1311,12
561,1297,12
550,1314,12
1428,1626,12
551,1319,12
195,488,12
549,1321,12
1398,1748,12
559,1313,12
726,498,12
619,1425,12
556,1311,12
561,1448,11
685,492,11
475,1257,11
299,372,11
1849,1773,11
724,673,11
1858,1751,11
723,505,11
390,1484,11
1794,1979,11
557,1311,11
1979,1756,11
311,349,11
1883,1786,11
1976,76,11
1452,1641,11
557,1302,11
1350,1950,11
167,1715,11
561,1294,11
532,1293,11
288,1090,11
1789,1410,11
1351,696,11
418,365,11
533,1292,11
1658,1252,11
532,1279,11
721,758,11
1643,1341,11
553,1314,11
1365,1748,11
580,1271,11
1249,381,11
774,783,11
1962,731,11
560,1303,11
1911,1800,11
56,522,11
1460,1635,11
552,1318,11
1174,1866,11
421,376,11
373,390,11
1014,432,11
1363,1747,11
421,397,11
513,1273,11
1361,1748,11
1908,1471,11
551,1311,11
1272,1287,11
207,487,11
970,1052,11
735,726,11
420,420,11
1454,1375,11
104,769,11
509,1233,11
559,1310,11
1082,768,11
732,1590,11
1038,1404,11
549,1318,11
420,397,11
1767,84,11
420,398,11
1888,1478,11
549,742,10
1794,1980,10
533,1281,10
549,1316,10
533,1291,10
548,1318,10
549,1324,10
619,443,10
19,124,10
596,513,10
1109,1347,10
1658,1264,10
260,448,10
1720,1345,10
216,517,10
1202,155,10
1857,1751,10
301,452,10
549,1319,10
297,371,10
1366,1769,10
1940,425,10
349,1749,10
1364,1749,10
1084,768,10
667,1707,10
378,396,10
656,1229,10
115,1720,10
1371,654,10
579,1272,10
226,1043,10
1332,1498,10
1692,1343,10
374,392,10
553,1315,10
1777,1754,10
578,1271,10
1511,362,10
999,474,10
553,1307,10
1694,1342,10
554,1311,10
1362,1747,10
1976,78,10
1909,1472,10
1023,56,10
551,1323,10
1708,1336,10
580,1273,10
1352,1950,10
580,1245,10
1350,1951,10
810,1225,10
362,361,10
554,1315,10
552,1313,10
1907,1472,10
660,1708,10
633,1105,10
552,1319,10
431,410,10
560,1297,10
967,1052,10
1895,1782,10
50,456,10
155,115,10
1891,732,10
413,380,10
558,1316,10
1411,625,10
557,1315,10
917,1858,10
343,1750,10
210,1798,10
559,1254,10
1641,627,10
564,1278,10
561,1259,10
561,1258,10
1989,104,10
558,1254,10
210,512,10
419,368,10
1264,1288,10
1638,1204,10
1266,1287,10
1988,85,10
561,1306,10
563,1290,10
1597,971,10
560,1256,10
893,1762,10
1999,1998,10
563,1255,10
543,1273,9
1891,738,9
115,1715,9
1931,97,9
100,1714,9
583,1291,9
564,1279,9
577,1272,9
1215,1753,9
732,1588,9
550,1313,9
1691,1205,9
892,1762,9
1767,1540,9
286,1085,9
358,1922,9
1240,379,9
514,1274,9
172,1715,9
1452,1636,9
1,1,9
560,1310,9
533,1283,9
1933,1755,9
669,1707,9
557,1301,9
1662,1663,9
18,128,9
380,322,9
416,268,9
1085,768,9
551,1307,9
1461,1635,9
560,1308,9
419,375,9
1538,1995,9
1716,1997,9
173,1715,9
917,1859,9
420,271,9
1443,1459,9
561,1292,9
548,1321,9
1817,1784,9
560,1295,9
561,1296,9
183,1715,9
973,1052,9
455,371,9
400,385,9
1243,1753,9
514,1282,9
359,364,9
545,1309,9
1788,1409,9
420,376,9
1911,1755,9
1805,1827,9
185,216,9
952,642,9
170,1715,9
1987,105,9
1854,1813,9
555,1317,9
552,1317,9
650,467,9
862,1608,9
256,505,9
196,488,9
552,1315,9
1934,1819,9
531,1275,9
366,1947,9
1364,1747,9
775,735,9
433,1475,9
196,489,9
807,1262,9
1459,1633,9
196,512,9
208,511,9
773,736,9
552,1307,9
1653,1664,9
696,492,9
421,377,9
1935,97,9
610,1425,9
563,1285,9
422,385,9
1190,1288,9
597,513,9
1659,1121,9
1016,1503,9
1277,1287,9
220,14,9
1803,1825,9
554,646,9
542,1269,9
1072,1605,9
562,1294,9
559,1312,9
1071,1604,9
579,1274,9
372,388,9
273,944,9
559,1315,9
1652,1871,9
560,1301,9
1660,1276,9
1705,1342,9
549,1322,9
196,363,9
554,543,9
563,1283,9
205,506,9
418,384,9
555,1314,9
1779,1754,9
630,235,9
704,1356,9
726,497,9
532,1280,9
548,1322,8
1427,1630,8
513,1286,8
725,727,8
642,835,8
563,1286,8
123,290,8
1780,1754,8
1885,1800,8
562,1434,8
1997,170,8
1351,1951,8
806,1223,8
1215,1752,8
548,1320,8
40,1564,8
1966,1833,8
530,1274,8
581,1272,8
803,1233,8
764,437,8
1989,98,8
548,1319,8
725,732,8
204,907,8
563,1274,8
1953,1758,8
426,1730,8
1044,57,8
1398,1749,8
525,1262,8
362,456,8
1488,104,8
1070,1603,8
342,393,8
560,1304,8
560,1305,8
1200,155,8
63,306,8
560,1306,8
1,35,8
780,888,8
203,520,8
1823,291,8
549,1315,8
203,1064,8
1447,1614,8
776,735,8
196,487,8
426,380,8
547,1331,8
1195,1288,8
1875,203,8
930,1847,8
323,401,8
772,735,8
1889,1801,8
1745,1786,8
633,727,8
140,108,8
1483,622,8
796,1232,8
1926,1798,8
81,258,8
348,381,8
1353,1949,8
727,498,8
1424,1206,8
563,1267,8
1148,1611,8
563,1253,8
1210,1933,8
727,667,8
1083,520,8
1490,719,8
266,1234,8
1924,1801,8
1396,1750,8
1818,1807,8
1840,369,8
161,23,8
18,126,8
1957,1844,8
1533,1357,8
1891,740,8
1891,739,8
793,880,8
1363,1750,8
1630,1234,8
1747,1521,8
1361,1749,8
420,380,8
587,1222,8
695,510,8
440,1105,8
1941,734,8
500,557,8
512,1271,8
555,447,8
1852,586,8
669,452,8
1646,1342,8
212,512,8
1383,605,8
294,1079,8
1382,605,8
1662,1254,8
978,466,8
1862,1786,8
1661,1261,8
118,1597,8
554,1318,8
1666,1240,8
1123,125,8
1645,1341,8
565,1263,8
923,1869,8
1787,1541,8
1806,1834,8
117,1597,8
576,1272,8
1850,1811,8
1468,1353,8
663,234,8
1468,1354,8
185,1715,8
1786,1756,8
188,365,8
1660,1264,8
577,1270,8
214,506,8
1795,1979,8
921,1057,8
1606,1786,8
297,1376,8
1798,1835,8
1937,1553,8
215,1527,8
565,1269,8
1653,1871,8
1340,1950,8
1652,813,8
345,380,8
1982,74,8
215,1140,8
1795,1977,8
1452,1717,8
1854,1756,8
556,541,8
973,1874,8
1939,1843,8
1658,1253,8
354,569,8
1794,1978,8
555,1316,8
533,1293,8
412,377,8
1940,1601,8
170,794,8
213,509,8
1608,1779,8
168,1464,8
167,1080,8
201,1672,8
210,465,8
579,1273,8
1243,380,8
1334,670,8
1868,1808,8
721,667,8
201,1138,8
655,1229,8
719,1354,8
578,1270,8
1334,662,8
655,1637,8
564,1281,8
1419,1213,8
578,1273,8
1602,1776,8
447,1687,8
1694,1345,8
184,680,8
564,1268,8
558,1308,8
1265,1288,8
376,385,8
65,1944,8
1905,768,8
193,677,8
1690,1341,8
558,1284,8
717,1441,8
121,1597,8
1521,1181,7
702,1355,7
1795,1981,7
1957,759,7
547,1272,7
919,1872,7
533,1297,7
723,1672,7
685,238,7
678,492,7
114,1717,7
1352,659,7
49,1643,7
703,440,7
721,734,7
547,1328,7
1438,1877,7
649,247,7
1351,1952,7
1778,1756,7
1801,1823,7
421,375,7
1304,566,7
547,1332,7
1998,96,7
910,129,7
691,509,7
1597,665,7
531,1273,7
1752,1401,7
536,471,7
1499,1572,7
1059,755,7
536,1310,7
1619,1240,7
1499,1566,7
928,1851,7
422,921,7
1268,1287,7
1811,1837,7
1485,1174,7
32,1606,7
264,1234,7
1936,1801,7
1060,755,7
531,1274,7
537,1234,7
299,371,7
548,1243,7
562,1261,7
1521,1188,7
906,493,7
169,1464,7
301,510,7
1061,756,7
114,1597,7
166,1078,7
1957,1744,7
1342,1932,7
542,1273,7
1499,1578,7
1499,1550,7
422,377,7
267,9,7
692,509,7
919,1852,7
419,280,7
115,1714,7
342,395,7
1932,97,7
1401,652,7
123,1714,7
102,562,7
1085,767,7
1401,1341,7
532,1294,7
1806,1008,7
663,1291,7
528,637,7
1815,539,7
306,383,7
662,214,7
1933,1591,7
545,1273,7
545,1272,7
315,362,7
289,1086,7
529,1271,7
544,1272,7
925,1850,7
1815,1837,7
1334,1937,7
924,1855,7
532,1281,7
1082,767,7
118,1463,7
200,1060,7
1775,1751,7
663,222,7
1877,1810,7
290,1376,7
115,1712,7
420,378,7
1488,102,7
533,1279,7
1351,697,7
1161,1611,7
561,1303,7
533,1288,7
539,1268,7
1120,1390,7
530,1275,7
47,1500,7
1066,1599,7
541,1241,7
1506,363,7
658,1229,7
197,1615,7
166,1081,7
168,1465,7
734,514,7
546,1335,7
112,1715,7
1941,1635,7
115,1718,7
710,436,7
1808,1836,7
1768,84,7
1122,1495,7
725,491,7
561,1300,7
1492,363,7
1887,198,7
146,486,7
0,1464,7
533,1285,7
672,1277,7
533,1286,7
1923,754,7
1917,1813,7
1871,1794,7
1211,1734,7
464,976,7
844,1253,7
1240,373,7
1965,94,7
1723,515,7
1411,629,7
976,1793,7
555,1304,7
1910,1911,7
553,1306,7
576,1229,7
1842,1773,7
551,1308,7
1721,1101,7
799,1858,7
579,1270,7
551,1309,7
209,1715,7
563,1269,7
1452,1650,7
555,1312,7
218,1694,7
39,1615,7
1475,1346,7
565,1281,7
208,508,7
565,1278,7
3,0,7
555,1321,7
1691,1204,7
18,282,7
483,1402,7
550,1317,7
550,1320,7
1978,88,7
1911,1793,7
210,466,7
833,1042,7
1390,621,7
1659,1269,7
348,1750,7
1649,1919,7
180,925,7
551,1312,7
81,259,7
1663,1237,7
380,391,7
1844,576,7
563,1280,7
1273,1287,7
866,816,7
552,1248,7
1892,697,7
580,1275,7
580,1274,7
1411,626,7
393,1477,7
559,1240,7
4,266,7
1016,1502,7
222,609,7
439,311,7
808,1269,7
1181,645,7
121,964,7
1394,1746,7
563,1279,7
805,1223,7
1473,1382,7
1411,627,7
583,1226,7
1989,1048,7
800,1228,7
1663,1252,7
514,1048,7
1633,589,7
241,522,7
576,1228,7
559,1252,7
862,1586,7
1214,1753,7
1371,653,7
192,372,7
1664,1236,7
1908,1832,7
186,1715,7
499,1275,7
1969,376,7
1499,1562,7
789,1868,7
1912,1755,7
515,1281,7
614,1411,7
1453,1649,7
1651,1254,7
1746,1521,7
100,889,7
563,1261,7
564,1571,7
1651,813,7
1904,759,7
577,1271,7
1743,1647,7
19,1626,7
556,1316,7
1196,308,7
554,1249,7
608,270,7
1453,1651,7
1384,86,7
223,1715,7
401,1494,7
1992,98,7
1248,1232,7
556,1303,7
1654,1286,7
225,1640,7
1301,1917,7
1897,1492,7
389,432,7
475,1240,7
1652,1870,7
261,522,7
969,1052,7
564,1573,7
616,445,7
563,1256,7
1905,714,7
988,1868,7
556,1319,7
1363,1746,7
891,1763,7
1889,1478,7
1828,1779,7
504,558,7
1049,56,7
137,10,7
1397,1746,7
59,502,7
1855,361,7
1855,360,7
1640,810,7
601,630,7
218,14,7
1867,1782,7
384,1491,7
1847,616,7
1668,1305,7
1365,1769,7
190,1715,7
1040,57,7
116,1718,7
554,1312,7
13,1597,7
428,383,7
1202,158,7
249,1464,7
222,1557,7
1990,1363,7
38,1268,7
162,23,7
1699,1345,7
1890,1811,7
564,1277,7
1644,660,7
122,1716,7
427,1469,7
217,479,7
998,1405,7
1643,1270,7
816,1693,7
560,610,7
1980,74,7
184,216,7
178,1715,7
853,1419,7
540,1272,6
1933,58,6
168,14,6
1807,1785,6
1497,1184,6
561,1293,6
540,1273,6
1807,1818,6
540,1270,6
1461,1637,6
1903,1798,6
663,1179,6
561,1290,6
1904,760,6
562,1285,6
1277,331,6
1933,733,6
1499,1538,6
336,506,6
354,1252,6
1934,1989,6
1230,1741,6
1856,1751,6
562,1265,6
1499,1524,6
556,1302,6
691,982,6
562,1258,6
1896,1791,6
1456,1639,6
540,1239,6
537,1311,6
693,512,6
1262,1288,6
565,1323,6
565,1479,6
537,1235,6
556,1318,6
556,1317,6
1277,340,6
537,472,6
345,694,6
569,1298,6
569,1446,6
684,974,6
1896,1790,6
117,1790,6
666,1278,6
1805,1050,6
554,1317,6
1278,330,6
1452,1630,6
334,1768,6
669,1277,6
1278,329,6
334,1773,6
1853,594,6
158,921,6
555,1299,6
1226,793,6
346,1752,6
1854,360,6
304,345,6
557,1252,6
1880,1822,6
556,448,6
1263,1288,6
562,1266,6
1861,607,6
338,388,6
1181,644,6
1850,975,6
1924,1603,6
317,1740,6
606,1287,6
350,1754,6
35,1531,6
317,692,6
549,1325,6
317,350,6
605,443,6
1922,757,6
633,236,6
560,1302,6
601,629,6
150,121,6
1160,1611,6
599,1284,6
59,503,6
1836,1775,6
1459,1637,6
550,1309,6
550,1311,6
550,1312,6
590,1309,6
546,1267,6
634,236,6
1923,1803,6
351,390,6
1924,740,6
550,1322,6
590,1231,6
1916,1788,6
1890,1775,6
1916,1789,6
1483,1979,6
118,1714,6
548,1282,6
548,1304,6
617,731,6
118,1486,6
617,443,6
1448,412,6
118,1717,6
1876,355,6
563,1258,6
548,1273,6
619,1284,6
1826,264,6
548,1327,6
35,1663,6
613,1409,6
613,442,6
37,463,6
549,1246,6
37,1475,6
116,1598,6
609,446,6
560,1298,6
547,1326,6
1823,293,6
547,1274,6
1196,1288,6
350,1749,6
1840,370,6
1924,1787,6
662,1642,6
551,735,6
1274,1287,6
552,1305,6
1492,719,6
118,1344,6
558,1315,6
558,1314,6
1907,1471,6
45,1657,6
1460,1631,6
552,1321,6
1907,404,6
51,1475,6
561,1257,6
332,664,6
658,1606,6
578,1274,6
1847,580,6
659,1208,6
1884,1782,6
558,1253,6
332,1770,6
553,1316,6
48,664,6
577,1273,6
564,1284,6
338,696,6
1905,762,6
167,1081,6
1850,570,6
543,1044,6
649,1196,6
543,1268,6
641,1674,6
585,1311,6
1490,365,6
545,1268,6
545,1267,6
1474,1382,6
551,1222,6
64,292,6
57,1539,6
314,1592,6
1925,1794,6
544,1310,6
1926,715,6
559,1298,6
313,1623,6
331,361,6
1891,1771,6
1271,1287,6
1814,1783,6
581,1283,6
1814,226,6
581,1275,6
581,1274,6
581,1273,6
40,1519,6
1215,1206,6
543,1277,6
1872,1794,6
340,386,6
566,1262,6
198,1606,6
1261,1288,6
766,436,6
1644,1344,6
111,1714,6
1411,624,6
1049,1628,6
1742,1806,6
1643,1342,6
1427,1019,6
211,512,6
1986,96,6
177,1715,6
211,464,6
1962,371,6
953,475,6
210,1985,6
1745,1788,6
1392,636,6
771,736,6
519,1252,6
519,1253,6
1961,1809,6
259,445,6
1746,1788,6
259,929,6
252,772,6
1045,55,6
1425,1587,6
1390,1545,6
1730,1106,6
1578,1598,6
1652,253,6
1652,240,6
515,1283,6
1651,1871,6
1531,1192,6
788,639,6
515,1304,6
1650,253,6
1411,628,6
393,1501,6
846,821,6
1365,1750,6
1365,1749,6
250,1676,6
458,549,6
120,1717,6
457,368,6
1645,215,6
959,1878,6
120,1712,6
766,437,6
520,1299,6
792,1260,6
520,1311,6
271,386,6
1520,1180,6
208,512,6
175,1986,6
98,275,6
1408,1616,6
1635,589,6
525,1300,6
735,729,6
1395,623,6
735,496,6
1764,73,6
1953,1752,6
734,516,6
112,1714,6
175,215,6
73,1078,6
733,498,6
733,497,6
866,817,6
732,1587,6
732,1585,6
207,507,6
208,907,6
862,1593,6
738,717,6
1753,1401,6
1427,1629,6
260,447,6
1362,1766,6
120,1597,6
763,491,6
76,496,6
445,1688,6
1751,516,6
755,1546,6
753,1542,6
444,1688,6
1759,1643,6
1059,1029,6
1522,1182,6
744,1289,6
1521,1730,6
268,894,6
268,1234,6
209,498,6
269,1234,6
862,816,6
1956,428,6
792,891,6
1652,1290,6
731,1585,6
832,1042,6
1567,1608,6
1686,1876,6
230,739,6
1662,1664,6
1688,1254,6
107,1714,6
231,388,6
1691,1341,6
510,1233,6
1691,1855,6
1661,1669,6
814,570,6
1547,642,6
182,1715,6
1415,1542,6
382,367,6
1661,1268,6
233,507,6
812,1219,6
1697,1335,6
831,1044,6
1660,1253,6
1698,1335,6
817,1234,6
817,1674,6
1680,258,6
1557,1252,6
186,948,6
1670,1243,6
186,1484,6
222,605,6
223,1899,6
823,454,6
131,162,6
225,1138,6
1675,187,6
994,1226,6
1665,1279,6
227,1680,6
12,1529,6
1557,1187,6
1976,75,6
505,1295,6
1677,589,6
187,365,6
1567,1202,6
227,1043,6
1567,1580,6
1677,1289,6
1370,1739,6
810,1266,6
247,774,6
383,355,6
514,1293,6
370,401,6
1654,255,6
1722,1098,6
1722,1100,6
971,1052,6
1981,113,6
798,1269,6
798,1248,6
797,1252,6
1653,1663,6
387,500,6
215,1141,6
1653,1290,6
1653,814,6
795,1226,6
180,894,6
1030,220,6
1652,1873,6
369,1186,6
1652,1866,6
1032,590,6
214,1139,6
242,772,6
514,1277,6
1385,83,6
1966,1834,6
1967,1839,6
1422,1206,6
513,1245,6
1414,1550,6
181,1709,6
513,1272,6
1658,589,6
481,614,6
1017,1372,6
1657,1274,6
1966,1754,6
800,1218,6
217,741,6
513,1294,6
1022,56,6
1022,57,6
802,471,6
241,521,6
1717,1898,6
973,1053,6
1966,750,6
1980,75,6
732,514,6
209,1688,6
502,559,6
1780,1756,6
1623,257,6
200,1616,6
1596,1585,6
722,717,6
533,1284,6
722,695,6
894,1090,6
285,1084,6
1778,1549,6
285,1384,6
1619,1692,6
531,1277,6
531,1278,6
562,626,6
172,895,6
721,495,6
1405,1557,6
1941,5,6
417,365,6
1625,1240,6
1400,1614,6
1346,86,6
533,1310,6
1352,1951,6
1940,316,6
1501,363,6
141,122,6
1625,240,6
706,733,6
1086,1354,6
725,496,6
296,372,6
282,1937,6
1602,1872,6
1777,1756,6
1940,1722,6
894,1761,6
421,1701,6
917,1854,6
532,1284,6
532,1278,6
1943,1806,6
713,506,6
123,1720,6
26,1567,6
532,1298,6
532,1297,6
1614,1692,6
1505,363,6
1788,1408,6
716,727,6
532,1289,6
1096,1354,6
908,589,6
113,1719,6
1096,1392,6
532,1277,6
1788,1754,6
421,396,6
196,1514,6
417,799,6
203,1063,6
1351,1459,6
1502,1593,6
1784,1754,6
203,517,6
171,895,6
119,1713,6
405,400,6
927,1848,6
201,1615,6
1944,1805,6
926,685,6
292,528,6
420,381,6
717,1442,6
1084,767,6
201,1755,6
1609,1782,6
400,1495,6
399,1322,6
702,483,6
1608,1786,6
206,507,6
198,548,6
921,1873,6
1077,1610,6
1341,1950,6
1632,590,6
1630,216,6
1078,892,6
700,1243,6
1937,1800,6
3,1256,6
1632,589,6
430,374,6
942,974,6
729,210,6
1989,1820,6
28,1736,6
415,375,6
921,1868,6
1631,1654,6
198,1715,6
729,1679,6
431,1514,6
870,803,6
410,375,6
207,490,6
1395,1750,6
702,1235,6
534,1293,6
923,1871,6
280,1940,6
937,1852,6
200,538,6
529,624,6
1603,1777,6
1951,1819,6
297,372,6
207,499,6
1609,363,6
117,1716,5
189,951,5
217,486,5
201,1642,5
826,745,5
908,1857,5
1612,1692,5
569,1263,5
1856,576,5
1668,1276,5
1855,590,5
1458,1532,5
921,1872,5
562,1301,5
1882,199,5
1572,636,5
562,1247,5
1656,1244,5
826,167,5
973,1869,5
1252,381,5
562,1316,5
837,1262,5
222,1136,5
985,642,5
971,1859,5
1856,1802,5
117,1712,5
1656,606,5
1857,1807,5
222,606,5
566,1278,5
340,1331,5
1605,1784,5
197,1683,5
912,1729,5
575,613,5
833,1040,5
919,1843,5
1569,1580,5
570,1289,5
570,1446,5
1880,1780,5
219,489,5
923,1842,5
198,392,5
562,1433,5
1852,592,5
1879,1654,5
1225,1244,5
188,689,5
917,486,5
340,1756,5
829,564,5
219,1610,5
562,1290,5
1661,1241,5
562,1288,5
562,1284,5
562,1287,5
187,1715,5
833,325,5
218,1539,5
973,1870,5
221,523,5
91,522,5
1854,1814,5
197,1715,5
1851,1504,5
1851,1811,5
1458,1384,5
826,1238,5
1665,1283,5
562,1262,5
1881,723,5
1658,1383,5
1606,1785,5
1611,254,5
186,1616,5
920,1841,5
833,1055,5
983,580,5
200,1674,5
199,496,5
1659,1120,5
1659,1122,5
103,768,5
1852,591,5
571,1446,5
563,1278,5
1613,1776,5
210,459,5
1587,1597,5
1639,214,5
209,511,5
209,514,5
1873,1808,5
209,525,5
564,1248,5
1629,1317,5
209,1060,5
209,1574,5
105,1714,5
222,1575,5
1629,1202,5
1874,203,5
1586,1596,5
204,1481,5
563,1265,5
937,1205,5
195,1558,5
1640,666,5
1627,810,5
195,1715,5
210,525,5
210,588,5
1866,1806,5
339,1763,5
563,1263,5
1626,254,5
564,1273,5
563,1262,5
860,1401,5
193,1553,5
1638,242,5
1869,1656,5
1633,591,5
105,769,5
207,512,5
1633,590,5
207,1610,5
207,1715,5
1634,1344,5
563,1281,5
206,1773,5
207,1791,5
563,1284,5
864,1032,5
194,1715,5
864,816,5
864,802,5
194,488,5
1459,1735,5
208,509,5
99,437,5
206,1593,5
193,1739,5
874,749,5
563,1292,5
194,1754,5
875,1396,5
1460,1243,5
1637,608,5
99,1407,5
862,1588,5
196,507,5
564,1276,5
1614,1359,5
202,1561,5
1650,1264,5
842,879,5
190,1743,5
1651,252,5
1651,253,5
1237,1238,5
1651,1743,5
214,505,5
927,1842,5
196,1585,5
52,1665,5
1236,377,5
563,1275,5
900,1729,5
1860,148,5
1624,233,5
202,1544,5
1235,1740,5
1877,1783,5
214,1715,5
214,1725,5
1653,240,5
1653,252,5
215,500,5
215,506,5
202,520,5
202,490,5
566,1263,5
340,350,5
971,303,5
1650,813,5
565,1276,5
203,505,5
843,1264,5
204,519,5
193,491,5
563,1260,5
1641,241,5
1623,1591,5
193,372,5
952,1924,5
204,507,5
564,1289,5
204,506,5
1459,1627,5
891,1995,5
954,959,5
211,522,5
203,1715,5
1644,215,5
848,1257,5
211,1511,5
211,1512,5
894,1760,5
192,907,5
1645,273,5
565,1264,5
1645,1342,5
1646,217,5
846,885,5
1617,1596,5
845,1255,5
845,1253,5
1615,1361,5
1113,179,5
223,505,5
635,1156,5
639,1406,5
1083,767,5
727,507,5
727,666,5
727,712,5
72,492,5
72,518,5
64,115,5
1490,509,5
1152,15,5
729,412,5
729,413,5
174,788,5
315,693,5
279,899,5
729,1297,5
1514,99,5
730,571,5
636,512,5
1148,1498,5
640,246,5
1148,1496,5
645,1320,5
1778,1755,5
648,247,5
648,239,5
71,516,5
647,1661,5
1777,1757,5
1087,1356,5
646,248,5
1777,1459,5
727,497,5
64,1713,5
1814,820,5
1814,1785,5
1814,1834,5
165,1715,5
1776,1776,5
726,730,5
1148,1495,5
730,1587,5
635,477,5
223,1052,5
1515,84,5
1488,363,5
736,438,5
1067,191,5
737,437,5
1066,1004,5
74,1077,5
1066,77,5
1822,1753,5
1822,1757,5
62,502,5
1823,262,5
738,505,5
628,445,5
1520,1183,5
1487,1176,5
1064,31,5
270,385,5
62,311,5
626,1274,5
317,693,5
735,725,5
164,1552,5
316,359,5
1819,250,5
634,791,5
72,1944,5
277,1602,5
731,738,5
731,746,5
1819,1829,5
1076,642,5
634,233,5
1488,1177,5
1820,1062,5
1074,1607,5
316,694,5
115,1719,5
733,495,5
633,583,5
1159,902,5
1765,893,5
723,724,5
283,1748,5
1088,1494,5
652,679,5
302,1387,5
68,924,5
686,492,5
1795,1980,5
1795,1978,5
169,1715,5
703,483,5
681,1642,5
68,98,5
1108,1404,5
170,431,5
1499,102,5
1105,1358,5
706,437,5
1121,1391,5
1102,1349,5
294,1078,5
1101,1498,5
668,1198,5
688,652,5
1110,1493,5
1800,359,5
1499,1548,5
1499,1564,5
1112,181,5
1499,1574,5
299,499,5
1797,1833,5
300,521,5
694,1290,5
68,1979,5
1112,173,5
689,1262,5
1499,1584,5
1798,1842,5
1111,1737,5
1797,54,5
69,420,5
691,511,5
1115,1370,5
1118,1768,5
709,511,5
293,1391,5
1099,1359,5
659,1294,5
718,497,5
718,503,5
718,505,5
719,506,5
1095,1650,5
660,1151,5
719,672,5
1137,902,5
719,1442,5
717,723,5
1094,1496,5
1493,1988,5
1506,643,5
65,1713,5
1093,1359,5
286,484,5
1781,1757,5
1091,576,5
1785,1754,5
113,1712,5
306,692,5
713,1279,5
1097,1938,5
1789,1827,5
1789,1408,5
666,1236,5
1789,1407,5
1497,1572,5
713,505,5
1096,1493,5
663,1244,5
113,1716,5
663,1198,5
307,1643,5
714,511,5
1807,1779,5
716,503,5
113,1717,5
716,1559,5
663,224,5
1521,1180,5
1177,629,5
319,1497,5
797,1228,5
803,1270,5
1017,1509,5
804,1263,5
1710,440,5
300,343,5
805,1226,5
580,1276,5
805,1240,5
1707,1892,5
805,1635,5
806,1231,5
806,1265,5
1704,1336,5
580,1270,5
1215,1756,5
1703,1343,5
1703,1286,5
809,1139,5
1011,78,5
330,1775,5
1023,41,5
1023,57,5
1537,1188,5
1209,1936,5
57,1720,5
797,1264,5
1026,1747,5
1026,690,5
1842,1732,5
1721,1116,5
110,1723,5
1720,1098,5
1023,744,5
1720,1097,5
180,1712,5
800,1223,5
242,130,5
800,1233,5
801,1234,5
582,1273,5
1024,744,5
579,1286,5
809,1233,5
235,155,5
226,494,5
577,1275,5
819,798,5
1557,1186,5
1849,1790,5
1676,1243,5
1675,189,5
1468,1614,5
1468,1388,5
185,1518,5
1849,975,5
225,1136,5
822,1184,5
185,1603,5
223,1798,5
576,1448,5
987,1879,5
223,1610,5
987,1033,5
577,1278,5
1222,1202,5
810,1268,5
1546,642,5
1699,1337,5
109,1717,5
109,1714,5
1697,1872,5
233,1656,5
1216,1753,5
579,1275,5
812,1274,5
813,1184,5
1849,577,5
332,366,5
183,1563,5
1550,1201,5
230,1516,5
1685,244,5
1683,1241,5
1682,1241,5
817,1181,5
1475,149,5
797,1193,5
1486,1872,5
245,717,5
611,445,5
257,1935,5
771,748,5
1192,1288,5
257,1527,5
116,1597,5
323,289,5
1526,1989,5
256,1990,5
1832,558,5
774,735,5
1050,57,5
775,739,5
1049,1020,5
776,736,5
1049,57,5
780,273,5
78,491,5
78,494,5
1830,1552,5
611,1824,5
612,444,5
75,495,5
1824,1854,5
624,440,5
741,491,5
1825,1138,5
75,5,5
1178,16,5
621,1174,5
1062,755,5
1058,930,5
612,1417,5
1058,757,5
1522,1378,5
756,1546,5
76,494,5
261,445,5
1749,1784,5
617,271,5
1747,1808,5
785,768,5
1042,56,5
250,1958,5
793,1257,5
789,455,5
591,1309,5
789,774,5
1037,1043,5
789,1867,5
179,1508,5
179,1715,5
793,1251,5
1839,386,5
1202,156,5
1839,996,5
1030,479,5
1030,219,5
590,1238,5
1030,218,5
795,1262,5
1726,1104,5
587,1311,5
592,1229,5
1733,60,5
250,1767,5
1734,69,5
1735,1954,5
1198,157,5
786,430,5
786,618,5
786,1267,5
786,1595,5
1835,551,5
1530,1201,5
1200,154,5
1838,1776,5
1530,1410,5
116,1714,5
787,1230,5
1733,1087,5
595,516,5
327,395,5
58,1515,5
327,1495,5
181,1501,5
589,1234,5
1920,1808,5
520,632,5
469,1899,5
1388,1322,5
365,1947,5
551,1318,5
1412,624,5
1363,1752,5
1908,1805,5
347,1786,5
1339,1949,5
1411,1547,5
552,1038,5
391,1285,5
1390,525,5
520,1227,5
521,1287,5
1340,669,5
552,1306,5
1908,407,5
1340,670,5
1390,1341,5
1907,767,5
537,1309,5
512,1232,5
1340,1949,5
6,1257,5
459,782,5
1906,1788,5
1936,1804,5
389,1507,5
551,1306,5
151,354,5
471,641,5
9,1463,5
481,1401,5
1963,733,5
129,1407,5
516,1281,5
480,344,5
1384,1574,5
479,1402,5
550,1323,5
1413,1550,5
516,1283,5
550,1328,5
9,2,5
539,1292,5
1338,1548,5
1385,1547,5
39,1578,5
517,1249,5
1364,1745,5
475,1238,5
1426,1630,5
1450,1553,5
474,1870,5
551,1221,5
1441,1457,5
551,1247,5
1387,1549,5
1936,1808,5
393,626,5
1395,1746,5
1900,1823,5
554,1320,5
534,1292,5
1987,245,5
1902,1931,5
346,694,5
28,938,5
555,1250,5
524,1259,5
1987,1412,5
1955,1843,5
533,1299,5
1900,1932,5
1900,1931,5
1900,1796,5
1936,1923,5
555,1320,5
397,369,5
556,646,5
442,1309,5
356,1749,5
1452,1780,5
362,793,5
1394,1747,5
1408,1925,5
27,1665,5
1395,34,5
1954,100,5
27,1610,5
1987,101,5
554,1319,5
534,1309,5
28,1476,5
521,1312,5
522,1257,5
1985,1415,5
364,501,5
522,1279,5
1428,1534,5
553,1479,5
1279,329,5
1937,1790,5
1958,1818,5
122,1714,5
1958,1196,5
122,1715,5
554,1304,5
1905,760,5
554,1305,5
28,1683,5
1904,1809,5
1362,654,5
143,290,5
28,1580,5
1393,1375,5
42,1547,5
42,1612,5
554,1313,5
554,1316,5
28,1527,5
482,432,5
9,1495,5
348,1786,5
132,1407,5
1329,1937,5
547,1325,5
371,395,5
1966,871,5
544,1273,5
371,380,5
1373,1735,5
1921,754,5
1419,1550,5
508,474,5
1419,1547,5
544,640,5
514,1272,5
1965,1833,5
384,448,5
514,1288,5
1419,1206,5
543,1282,5
1375,1562,5
1375,1569,5
1972,1992,5
1376,83,5
548,1284,5
1973,92,5
548,1291,5
548,1308,5
1920,732,5
503,1296,5
371,1470,5
351,1749,5
1966,1753,5
1966,1835,5
1311,1618,5
546,1245,5
546,1268,5
546,1270,5
121,963,5
148,277,5
1446,1641,5
351,417,5
1421,1556,5
1924,754,5
545,1310,5
511,1243,5
546,1340,5
545,1307,5
1422,1541,5
1371,1734,5
350,1752,5
513,1278,5
1969,1062,5
1316,1973,5
547,1246,5
1420,1582,5
545,1271,5
545,1270,5
545,1269,5
547,1268,5
375,1290,5
503,558,5
548,1317,5
514,1313,5
32,395,5
18,1699,5
549,1333,5
1916,430,5
515,1291,5
515,1300,5
1931,94,5
1334,663,5
515,1305,5
1365,1768,5
541,1273,5
1443,368,5
515,1310,5
515,1311,5
1915,1732,5
1931,1608,5
19,123,5
1977,1839,5
1977,1841,5
120,1718,5
368,115,5
1914,1803,5
1978,361,5
541,472,5
384,117,5
540,1463,5
1336,1499,5
540,1309,5
1930,1588,5
381,324,5
543,1244,5
1379,1571,5
548,1325,5
121,1721,5
514,1319,5
1417,1536,5
548,1328,5
548,1329,5
548,1331,5
514,1321,5
32,1705,5
1448,1614,5
18,125,5
542,1311,5
1366,1748,5
1366,1743,5
542,1310,5
149,1552,5
542,1272,5
542,1271,5
501,558,5
1448,1637,5
501,557,5
549,1308,5
1443,1609,5
37,1581,5
37,1603,5
1964,745,5
11,265,5
556,1251,5
347,116,5
1923,1801,5
416,375,5
1399,1918,5
561,1262,5
418,919,5
561,1261,5
415,919,5
1952,1777,5
1998,697,5
1277,332,5
1943,1849,5
1353,1947,5
2,1259,5
560,1257,5
1997,424,5
422,381,5
423,378,5
1895,1778,5
528,1267,5
2,1277,5
530,1272,5
529,619,5
357,1892,5
421,410,5
526,1305,5
1453,1648,5
414,923,5
561,1288,5
533,1233,5
528,1268,5
526,1313,5
1356,758,5
153,1552,5
1896,1761,5
1945,1811,5
530,1273,5
341,391,5
531,1272,5
560,1244,5
1951,1052,5
532,1286,5
560,589,5
1895,1758,5
528,640,5
416,920,5
1267,1287,5
0,1500,5
402,373,5
402,374,5
1405,1549,5
557,1317,5
357,694,5
2,2,5
416,925,5
557,1320,5
1894,734,5
1997,765,5
1355,1459,5
529,1312,5
23,1508,5
528,1229,5
403,354,5
425,379,5
1998,98,5
416,376,5
532,1311,5
527,1269,5
530,1271,5
527,1275,5
1885,207,5
1942,1787,5
557,1316,5
560,1313,5
425,921,5
140,1020,5
1434,1580,5
1888,1802,5
1277,330,5
530,1231,5
530,994,5
428,376,5
1946,1952,5
26,1981,5
526,1254,5
1950,1548,5
437,385,5
1941,427,5
419,383,5
412,285,5
419,394,5
411,269,5
1882,1824,5
360,564,5
411,1310,5
3,266,5
533,1282,5
528,1309,5
1407,1559,5
559,1250,5
561,1307,5
526,1265,5
1950,1819,5
1951,15,5
1948,96,5
1891,1783,5
1396,1569,5
531,1331,5
421,254,5
1892,740,5
558,1318,5
399,1316,5
1274,1886,5
1898,1493,5
118,1455,5
406,400,5
558,1312,5
434,1476,5
530,1328,5
1947,1484,5
1999,1867,5
437,354,5
27,661,5
526,1267,5
1277,339,5
44,1467,5
530,1325,5
1995,426,5
561,1299,5
420,922,5
124,1712,5
528,1312,5
1453,1633,5
1892,203,5
1396,1746,5
27,1479,5
281,1061,4
1734,1984,4
17,1979,4
1949,1787,4
1950,1831,4
529,1272,4
140,1552,4
1964,1795,4
726,728,4
529,1291,4
529,1273,4
795,1250,4
113,156,4
250,683,4
786,628,4
19,125,4
1030,1026,4
18,124,4
120,1719,4
794,1240,4
1534,1356,4
514,1322,4
727,450,4
1533,1356,4
18,123,4
1963,765,4
789,642,4
727,496,4
1032,84,4
1964,759,4
515,1289,4
528,1310,4
369,421,4
788,1270,4
1964,1833,4
249,1045,4
792,890,4
1964,743,4
369,396,4
1366,659,4
1731,54,4
727,508,4
727,505,4
248,1713,4
515,1276,4
1732,60,4
515,1280,4
18,1270,4
788,1036,4
179,1716,4
1033,46,4
179,897,4
794,1179,4
180,14,4
279,1961,4
1734,1688,4
515,1282,4
173,1658,4
1950,8,4
515,1049,4
787,639,4
1531,1188,4
727,736,4
173,1616,4
727,727,4
794,569,4
515,1238,4
1425,1205,4
515,1303,4
793,1248,4
1353,1509,4
725,215,4
1510,94,4
1369,1740,4
723,727,4
141,1078,4
1778,638,4
1708,1223,4
1948,749,4
237,1578,4
1709,440,4
805,1227,4
283,1384,4
1422,1583,4
1422,1587,4
513,1291,4
141,1076,4
1948,1545,4
804,1225,4
283,559,4
804,1191,4
1539,1534,4
1777,1805,4
1539,1440,4
110,1597,4
16,1564,4
803,461,4
240,522,4
1369,433,4
802,1250,4
16,1740,4
1948,723,4
513,1274,4
796,1230,4
1017,1339,4
182,1475,4
373,455,4
373,412,4
1370,1731,4
235,1563,4
1014,1508,4
1088,1356,4
172,1464,4
1370,1523,4
512,1987,4
1351,1950,4
808,1213,4
513,469,4
1704,315,4
1967,1782,4
530,1310,4
723,726,4
71,140,4
15,1466,4
15,1605,4
1016,1522,4
1369,1945,4
1967,734,4
372,303,4
181,1715,4
109,1917,4
530,1308,4
25,292,4
513,1303,4
802,1201,4
1538,1189,4
1965,717,4
1722,1103,4
250,1788,4
1777,642,4
17,1562,4
798,1278,4
514,1299,4
798,1266,4
1509,1231,4
1027,746,4
1027,1035,4
244,466,4
798,1190,4
1724,1091,4
1535,1806,4
113,1075,4
514,1306,4
1724,1603,4
1776,1820,4
244,1479,4
1028,67,4
1949,1548,4
80,1086,4
245,451,4
726,215,4
24,1544,4
1964,1840,4
1722,1099,4
1721,1875,4
799,1192,4
514,1246,4
1948,1552,4
1717,521,4
1538,397,4
801,1228,4
1966,765,4
1368,1769,4
801,1227,4
1368,1768,4
1025,26,4
800,1255,4
17,13,4
800,1232,4
1718,1453,4
514,1290,4
1423,1590,4
71,1084,4
514,1275,4
1368,1548,4
359,365,4
17,548,4
1368,514,4
799,1885,4
370,1466,4
724,1672,4
110,1725,4
1367,1769,4
360,563,4
735,497,4
785,1595,4
112,1720,4
266,660,4
266,662,4
746,722,4
527,1230,4
527,1225,4
1362,662,4
266,895,4
1073,1606,4
733,1084,4
1362,661,4
745,735,4
523,1283,4
1356,1373,4
75,1072,4
1767,834,4
744,1290,4
1361,1750,4
523,1312,4
1061,755,4
743,727,4
1766,84,4
523,1313,4
1756,1784,4
1361,1747,4
267,1234,4
1431,1559,4
1360,1762,4
1072,1523,4
1952,1899,4
1754,1400,4
23,10,4
176,1715,4
760,1194,4
1428,1020,4
76,495,4
521,1279,4
1952,169,4
76,484,4
1058,641,4
521,1310,4
262,1612,4
75,1991,4
1524,1227,4
1524,1184,4
753,1546,4
753,1543,4
527,1265,4
521,1317,4
263,1586,4
753,1535,4
176,1585,4
527,1268,4
522,1277,4
751,419,4
750,1084,4
750,703,4
1959,429,4
527,1266,4
749,509,4
265,747,4
1953,1572,4
1757,542,4
1768,837,4
525,1279,4
524,1327,4
737,733,4
1953,1754,4
120,964,4
1065,1598,4
737,496,4
1357,1374,4
112,1665,4
737,494,4
1358,843,4
735,215,4
737,438,4
1430,1626,4
1066,1612,4
738,467,4
525,1283,4
736,751,4
175,1715,4
736,496,4
74,495,4
1067,1600,4
1357,1780,4
1067,1858,4
525,1310,4
735,727,4
735,499,4
273,940,4
1070,1024,4
734,1587,4
1764,296,4
267,1954,4
1071,1855,4
742,570,4
523,1848,4
524,435,4
1757,1808,4
1430,1214,4
74,1989,4
175,894,4
1062,1595,4
524,1228,4
74,1985,4
74,1983,4
269,899,4
269,944,4
1764,898,4
738,471,4
739,724,4
524,1261,4
270,898,4
274,377,4
1359,1414,4
739,214,4
1520,1185,4
274,36,4
1071,1848,4
1955,1758,4
524,1312,4
1760,69,4
74,1713,4
1525,1267,4
174,1715,4
1080,892,4
367,1323,4
729,731,4
528,1269,4
24,10,4
1365,669,4
730,214,4
178,1465,4
254,952,4
1740,54,4
779,1040,4
779,894,4
1047,57,4
1048,1019,4
1528,83,4
776,1975,4
253,772,4
776,1972,4
1364,1770,4
19,1267,4
1426,1548,4
1527,1188,4
1514,100,4
1079,891,4
775,856,4
730,228,4
1742,988,4
19,1481,4
19,1485,4
730,506,4
729,723,4
253,518,4
774,736,4
1737,1213,4
515,1332,4
179,390,4
120,1716,4
1951,9,4
1773,1459,4
1736,1784,4
1365,1747,4
1736,1786,4
528,1307,4
279,1078,4
1530,110,4
251,1345,4
360,1029,4
784,678,4
174,794,4
120,1713,4
72,1078,4
1737,1804,4
251,1604,4
784,430,4
783,1278,4
1738,515,4
279,835,4
1044,1015,4
1365,1012,4
1529,1186,4
729,501,4
253,129,4
774,746,4
1771,70,4
1057,1394,4
259,1936,4
770,473,4
1526,1321,4
258,1955,4
1427,1544,4
527,1314,4
76,1713,4
519,1288,4
1746,1789,4
731,1588,4
519,1313,4
1363,1751,4
1053,930,4
1526,658,4
520,1254,4
1768,1985,4
1961,88,4
1427,1619,4
1960,1819,4
1075,1608,4
732,496,4
1054,1011,4
764,729,4
20,1625,4
1428,1019,4
76,892,4
521,1256,4
1056,1654,4
521,1257,4
731,1584,4
277,897,4
1962,729,4
731,488,4
19,1797,4
773,735,4
256,1951,4
77,490,4
256,1991,4
77,483,4
120,1642,4
730,1679,4
518,1313,4
1962,372,4
1078,1611,4
1050,496,4
771,752,4
1962,365,4
20,394,4
1363,1767,4
518,1322,4
1745,1524,4
771,738,4
1427,1023,4
528,634,4
771,737,4
258,346,4
1363,1766,4
770,734,4
770,498,4
770,474,4
177,1551,4
1045,56,4
562,535,4
182,1479,4
861,1185,4
860,1593,4
1638,628,4
1638,627,4
1587,1598,4
861,742,4
193,1549,4
1987,1413,4
4,1292,4
400,1491,4
208,1520,4
442,1681,4
4,1285,4
397,260,4
1409,1548,4
862,1594,4
1637,589,4
1638,661,4
1638,664,4
1394,1372,4
443,457,4
1987,109,4
209,1680,4
209,1588,4
1393,1747,4
209,1497,4
209,1486,4
4,1867,4
1639,659,4
1987,753,4
1987,756,4
1639,602,4
209,509,4
443,520,4
1587,1580,4
859,1593,4
1987,1820,4
208,739,4
1987,1821,4
207,1648,4
1988,1833,4
1988,1842,4
1988,1849,4
1407,1567,4
1407,1547,4
399,441,4
434,1091,4
206,1827,4
399,1333,4
433,982,4
1989,1698,4
206,1637,4
1591,1830,4
400,1178,4
206,1525,4
194,1465,4
1395,1741,4
126,1720,4
1395,1533,4
1636,597,4
1394,1596,4
97,1917,4
194,14,4
440,1101,4
98,274,4
863,1401,4
863,1415,4
1394,1749,4
864,803,4
864,817,4
1988,750,4
1395,622,4
1635,360,4
1395,1342,4
951,985,4
5,251,4
1640,601,4
212,303,4
1985,102,4
393,629,4
1645,661,4
847,1081,4
1985,756,4
1985,768,4
6,258,4
95,349,4
959,955,4
1985,1193,4
1985,1406,4
1985,1412,4
1584,199,4
455,1873,4
1411,623,4
846,1254,4
458,795,4
454,1591,4
1646,265,4
844,1254,4
1648,262,4
212,1593,4
964,1049,4
1647,1741,4
191,1674,4
461,1700,4
845,1259,4
392,1501,4
212,740,4
212,519,4
461,1314,4
212,511,4
212,510,4
212,460,4
211,1479,4
1411,425,4
444,1692,4
210,1538,4
210,1481,4
1585,1873,4
1392,307,4
395,1485,4
1641,595,4
1393,613,4
1393,1371,4
1586,480,4
210,520,4
446,1680,4
445,443,4
1986,1835,4
854,1405,4
854,1420,4
210,467,4
210,1500,4
851,750,4
192,1524,4
952,996,4
192,1641,4
211,523,4
453,1268,4
394,257,4
1410,1920,4
122,1712,4
954,240,4
450,1751,4
211,457,4
1643,606,4
1390,1703,4
850,1276,4
127,1714,4
1585,1594,4
1585,1598,4
430,1572,4
206,511,4
191,1488,4
1400,1546,4
910,91,4
1612,1781,4
418,400,4
911,91,4
201,1475,4
924,1869,4
1602,1591,4
912,94,4
206,510,4
912,1408,4
102,461,4
418,271,4
417,924,4
1602,1775,4
407,377,4
201,357,4
197,1292,4
0,1600,4
406,1177,4
1997,110,4
925,1865,4
901,112,4
420,385,4
925,1854,4
1398,1918,4
925,1852,4
125,20,4
905,129,4
202,504,4
202,503,4
906,492,4
419,271,4
1399,1898,4
907,660,4
907,1851,4
915,1855,4
924,1868,4
416,918,4
1401,1564,4
412,291,4
923,78,4
103,908,4
1402,722,4
199,390,4
920,1875,4
1607,1784,4
921,694,4
0,641,4
921,1841,4
921,1843,4
1403,722,4
1605,1875,4
198,1666,4
1402,1551,4
199,1477,4
124,1713,4
200,1663,4
1608,1784,4
200,1638,4
416,378,4
200,1546,4
916,1879,4
415,1480,4
1609,1789,4
1400,1948,4
414,927,4
1609,1780,4
1998,1672,4
200,536,4
200,521,4
918,1538,4
199,1758,4
199,1737,4
1995,1230,4
420,1008,4
900,198,4
426,1733,4
1625,1691,4
1625,1592,4
401,1491,4
205,504,4
1991,892,4
886,697,4
426,381,4
1991,1755,4
425,384,4
196,511,4
1624,1587,4
1991,1824,4
1991,1994,4
1405,1566,4
1,1998,4
426,1732,4
1595,1580,4
424,1063,4
205,1043,4
400,1493,4
1630,1121,4
428,1435,4
1990,1590,4
1629,1204,4
205,1739,4
1397,1602,4
205,1576,4
195,1500,4
195,1514,4
205,1476,4
401,848,4
1594,1593,4
882,117,4
1626,1673,4
424,1385,4
424,920,4
1615,1775,4
895,1764,4
1404,1548,4
1597,1608,4
1995,6,4
1995,84,4
1,936,4
421,266,4
896,1763,4
203,370,4
927,1856,4
203,196,4
927,1850,4
1398,1750,4
1404,1517,4
196,1715,4
1615,1778,4
422,255,4
1618,1692,4
204,459,4
1597,666,4
1623,269,4
424,397,4
1397,1750,4
892,1429,4
1621,1873,4
1596,1583,4
1621,1593,4
930,129,4
1621,270,4
1596,1590,4
403,396,4
1596,1591,4
1398,1731,4
894,1762,4
894,1764,4
1648,1288,4
212,1978,4
182,1492,4
378,1288,4
1559,422,4
820,1671,4
225,1827,4
1973,93,4
1674,188,4
1674,187,4
225,1137,4
821,1230,4
1565,1232,4
503,559,4
989,1865,4
224,1715,4
1973,436,4
503,557,4
1560,1258,4
224,489,4
108,1735,4
226,1472,4
504,1295,4
1676,1878,4
1680,1238,4
1419,1214,4
506,1309,4
1680,831,4
1679,1245,4
1679,1239,4
184,1483,4
1556,1203,4
1972,735,4
530,1321,4
227,1581,4
995,825,4
1374,1933,4
994,1871,4
1557,1185,4
1560,1346,4
988,1863,4
988,1862,4
1668,630,4
222,1465,4
985,450,4
1974,260,4
1974,389,4
222,739,4
108,463,4
1667,21,4
1667,4,4
1974,764,4
1975,84,4
500,1296,4
380,1288,4
500,1218,4
826,1245,4
1416,1562,4
985,1017,4
11,1770,4
502,1295,4
1668,1256,4
1377,1530,4
223,1538,4
223,1466,4
121,1729,4
1670,1846,4
502,1212,4
12,21,4
824,1190,4
186,947,4
1973,1391,4
824,1242,4
1973,1947,4
986,1032,4
985,1859,4
1974,83,4
1972,76,4
1374,806,4
507,1291,4
233,519,4
374,397,4
1969,733,4
511,1235,4
232,1987,4
813,1180,4
1371,1551,4
232,1715,4
1692,1695,4
182,1769,4
813,1238,4
511,471,4
813,1664,4
1371,1737,4
510,1272,4
183,7,4
1694,1351,4
812,1235,4
814,1229,4
374,391,4
1701,14,4
1700,1877,4
109,1721,4
1370,1736,4
373,1286,4
810,1868,4
373,1288,4
182,1546,4
1544,1996,4
811,1226,4
1421,1553,4
812,1179,4
1544,1999,4
1370,1906,4
1545,642,4
814,1225,4
183,789,4
1000,997,4
184,591,4
229,1757,4
229,1721,4
1684,261,4
816,1674,4
184,679,4
229,1546,4
1373,1734,4
817,556,4
817,806,4
1682,1269,4
1682,1268,4
1373,1740,4
229,614,4
1682,300,4
1681,1250,4
816,1657,4
1971,714,4
375,383,4
230,735,4
1548,1858,4
231,514,4
84,1488,4
1005,1501,4
13,1576,4
815,1234,4
815,1694,4
1689,1864,4
816,578,4
509,1236,4
230,1531,4
509,1210,4
1372,1561,4
1687,1888,4
1971,259,4
1665,1242,4
1416,1550,4
1648,1745,4
1577,1596,4
387,366,4
1653,1375,4
215,1138,4
1653,827,4
1653,817,4
215,739,4
1982,112,4
190,950,4
982,466,4
1653,600,4
970,1053,4
473,1316,4
840,1259,4
388,433,4
840,1262,4
1652,1875,4
1653,1669,4
1385,1574,4
215,1489,4
1653,1890,4
838,809,4
91,1713,4
838,1220,4
838,1258,4
972,38,4
189,1568,4
216,14,4
386,437,4
477,1899,4
971,1857,4
839,1241,4
477,1270,4
386,1393,4
1654,224,4
215,1569,4
214,1579,4
128,1715,4
1983,91,4
465,1890,4
213,1686,4
968,480,4
1984,108,4
967,1053,4
966,1052,4
966,755,4
391,1497,4
965,1879,4
842,1271,4
1581,1591,4
1649,1342,4
464,1254,4
213,465,4
1649,252,4
213,293,4
213,1767,4
391,116,4
106,1712,4
841,1267,4
214,739,4
1652,621,4
969,975,4
841,1259,4
1388,1399,4
390,430,4
1652,238,4
390,447,4
122,1597,4
468,1962,4
1651,1288,4
1651,1275,4
841,1266,4
214,293,4
1411,1548,4
478,344,4
972,1277,4
216,1546,4
1661,1579,4
491,1517,4
831,1042,4
219,1665,4
1382,1768,4
219,1473,4
831,1217,4
488,1264,4
1660,1669,4
487,1257,4
1383,1553,4
486,1257,4
1660,1121,4
188,812,4
383,126,4
974,1876,4
219,1745,4
1976,1843,4
1569,1203,4
1415,1578,4
221,1464,4
11,35,4
1380,515,4
1664,810,4
980,1857,4
1416,424,4
220,1692,4
980,1046,4
498,1295,4
1663,1236,4
220,1463,4
107,1715,4
10,1720,4
496,1260,4
1662,1251,4
129,1727,4
90,575,4
91,1542,4
834,1040,4
1384,532,4
218,506,4
834,1244,4
481,345,4
1571,1599,4
973,1871,4
1384,1399,4
1979,1757,4
217,517,4
217,488,4
480,430,4
1656,1263,4
107,110,4
1572,1586,4
1414,421,4
834,1041,4
1570,1257,4
218,1790,4
973,1876,4
484,1402,4
218,1656,4
1977,1845,4
188,1489,4
833,1041,4
122,379,4
218,1543,4
9,1693,4
482,1402,4
1659,240,4
188,1503,4
1658,1770,4
1414,1565,4
1658,1381,4
1658,1380,4
283,1749,4
175,122,4
723,495,4
1920,1790,4
1833,1480,4
1917,733,4
607,440,4
1482,516,4
1833,550,4
607,1235,4
549,1313,4
1833,44,4
1917,1808,4
1832,1023,4
609,445,4
609,1417,4
609,1424,4
59,1959,4
549,1306,4
1197,1288,4
1916,1758,4
162,292,4
1199,152,4
598,1305,4
1480,514,4
1835,820,4
116,1706,4
599,774,4
325,693,4
602,617,4
606,439,4
549,1332,4
1481,732,4
604,441,4
1296,60,4
605,887,4
606,243,4
162,1056,4
323,264,4
610,801,4
617,436,4
616,624,4
616,1411,4
1827,1536,4
616,1820,4
163,328,4
1827,65,4
617,1267,4
1828,1114,4
548,1277,4
619,442,4
723,446,4
1920,1771,4
1826,45,4
36,1468,4
616,271,4
322,289,4
60,261,4
349,1748,4
1918,727,4
1831,1065,4
610,1417,4
1194,1103,4
549,1266,4
60,483,4
349,1756,4
1300,566,4
1918,1810,4
612,739,4
612,1247,4
548,1334,4
116,1464,4
37,52,4
598,1280,4
598,1276,4
1915,751,4
1207,330,4
587,963,4
39,1579,4
1475,1788,4
587,1291,4
587,1449,4
1475,1851,4
588,1254,4
348,1749,4
328,1762,4
588,1287,4
588,1310,4
1205,330,4
590,1214,4
1840,958,4
587,779,4
348,1747,4
58,522,4
584,1019,4
1910,406,4
40,661,4
1842,1791,4
583,1298,4
584,323,4
1450,1637,4
1211,336,4
586,1259,4
584,1273,4
1450,1627,4
585,1229,4
1450,1614,4
151,353,4
1208,1935,4
58,502,4
590,1224,4
549,1343,4
596,1213,4
1914,1613,4
161,1186,4
595,803,4
595,1303,4
1837,55,4
1837,54,4
1201,153,4
593,1237,4
550,1246,4
597,887,4
59,312,4
549,1524,4
326,507,4
598,513,4
1202,153,4
593,1226,4
1285,1995,4
1912,1756,4
550,1324,4
1204,154,4
550,1321,4
1204,153,4
161,403,4
1203,147,4
1449,1789,4
1838,1550,4
1913,1802,4
592,1308,4
1449,1614,4
1477,1543,4
58,1407,4
550,1273,4
620,438,4
163,1552,4
543,1243,4
621,1137,4
1153,144,4
1318,1903,4
636,1212,4
1817,539,4
1817,227,4
545,1234,4
1816,1832,4
1319,45,4
165,1079,4
314,1622,4
314,1620,4
1329,1933,4
165,1080,4
639,1291,4
544,1296,4
1490,104,4
1818,279,4
636,475,4
545,1313,4
63,908,4
634,443,4
634,512,4
1923,1940,4
316,282,4
1923,1989,4
1489,398,4
635,1267,4
634,1305,4
1490,102,4
1316,41,4
635,478,4
635,511,4
635,1112,4
639,1615,4
544,1276,4
544,1271,4
166,956,4
1813,1835,4
146,487,4
646,471,4
166,895,4
646,982,4
1144,1488,4
1928,730,4
1927,1913,4
1928,746,4
647,1795,4
648,241,4
1813,228,4
648,250,4
648,1248,4
645,1356,4
645,952,4
544,1270,4
642,1182,4
313,1624,4
1330,1547,4
1927,712,4
1815,255,4
146,1597,4
313,375,4
543,1311,4
644,794,4
1814,1784,4
1927,1757,4
115,1597,4
1146,510,4
643,1651,4
352,375,4
1446,1566,4
1820,1828,4
546,1272,4
627,508,4
115,1900,4
318,1892,4
626,449,4
36,668,4
1824,548,4
1824,263,4
547,1330,4
1176,1902,4
164,289,4
628,413,4
318,1628,4
1304,1995,4
1487,1386,4
1921,1810,4
1175,1906,4
625,427,4
62,499,4
622,1371,4
36,1465,4
1920,1831,4
1486,1176,4
622,448,4
1447,1940,4
622,1231,4
1447,1753,4
350,1147,4
1177,1972,4
1921,733,4
61,1472,4
547,1336,4
1447,1636,4
624,442,4
547,1283,4
547,1273,4
633,1154,4
1821,1058,4
62,1709,4
35,1478,4
546,1343,4
546,1341,4
1922,1809,4
1821,1061,4
633,451,4
350,1755,4
1821,539,4
633,463,4
633,506,4
1308,1954,4
1821,5,4
1446,1616,4
164,1079,4
317,1623,4
318,343,4
115,1792,4
629,413,4
629,451,4
1447,411,4
1822,1754,4
630,413,4
630,446,4
35,1713,4
631,323,4
630,475,4
35,1703,4
350,1750,4
1169,648,4
62,1464,4
1822,539,4
1473,1374,4
1910,353,4
40,1268,4
582,1277,4
1244,1233,4
1867,1798,4
558,1257,4
51,1649,4
564,1263,4
564,1266,4
1275,1855,4
564,1272,4
1276,106,4
1865,1788,4
1865,1780,4
558,621,4
558,541,4
564,1291,4
564,1293,4
1893,711,4
564,1252,4
1893,203,4
45,1713,4
1454,1636,4
1892,732,4
1892,744,4
1871,982,4
1892,746,4
1871,981,4
51,857,4
344,381,4
1871,974,4
45,1598,4
45,1534,4
563,1571,4
564,534,4
1892,759,4
338,1636,4
1461,1564,4
45,751,4
1235,1253,4
1860,1751,4
1463,442,4
1236,1244,4
1860,145,4
1859,1751,4
1859,167,4
1463,1618,4
52,1495,4
1235,1236,4
337,694,4
345,692,4
118,1573,4
1234,1901,4
1234,1115,4
1462,1618,4
557,120,4
1894,1105,4
557,1300,4
344,1755,4
45,462,4
1461,1976,4
565,1260,4
45,8,4
1895,1802,4
344,1779,4
52,1464,4
565,1272,4
557,1251,4
118,1554,4
1462,1517,4
1861,1113,4
565,1284,4
1454,1637,4
559,518,4
1872,192,4
562,1296,4
118,1464,4
154,1552,4
1884,207,4
1884,606,4
561,1264,4
561,1260,4
1884,1789,4
562,1279,4
49,1520,4
1884,1809,4
1265,115,4
562,1307,4
560,1446,4
560,1322,4
1456,1351,4
1880,1664,4
118,1474,4
1881,1778,4
1882,203,4
561,1446,4
49,9,4
562,1256,4
561,1315,4
1882,1765,4
1882,1816,4
1880,1781,4
49,456,4
1881,716,4
562,1267,4
562,1268,4
1260,1288,4
1255,1256,4
1455,1650,4
1252,377,4
1872,198,4
343,1495,4
1890,1877,4
563,1266,4
46,1783,4
1891,202,4
1248,413,4
50,1767,4
559,1256,4
559,1414,4
563,1270,4
1271,1834,4
563,1276,4
1459,1659,4
1892,201,4
559,1237,4
563,1264,4
1890,201,4
342,382,4
1876,432,4
342,389,4
1878,199,4
560,1309,4
1249,1232,4
155,335,4
47,1565,4
1455,1455,4
1875,198,4
560,1259,4
1248,1245,4
47,913,4
1876,154,4
560,1253,4
1875,354,4
1898,1494,4
117,1717,4
566,1276,4
55,1713,4
332,1753,4
1469,1397,4
1469,1528,4
578,1269,4
1906,768,4
1847,1348,4
41,1775,4
578,1223,4
55,1731,4
41,1713,4
1906,1641,4
1847,1000,4
41,1553,4
1906,1780,4
1848,590,4
578,1058,4
553,1304,4
1849,1395,4
1849,1808,4
554,1303,4
554,703,4
554,545,4
1849,1779,4
1905,1781,4
577,1274,4
577,1434,4
1222,1224,4
1222,379,4
1849,590,4
1906,760,4
1906,767,4
1848,1395,4
41,1504,4
553,1302,4
577,789,4
347,1785,4
581,1226,4
117,1464,4
56,1477,4
581,1243,4
551,1590,4
1215,1207,4
581,1276,4
580,1295,4
551,1320,4
581,1291,4
581,1292,4
160,21,4
582,1271,4
1213,1205,4
581,269,4
580,1289,4
1452,339,4
579,1292,4
552,1458,4
552,1322,4
552,1320,4
1907,1804,4
1470,1998,4
1216,1207,4
1471,648,4
580,1286,4
347,1745,4
347,1748,4
1451,1638,4
552,1269,4
1282,1850,4
40,1776,4
1850,571,4
1850,583,4
345,1638,4
570,1247,4
43,1659,4
43,1600,4
335,1772,4
1466,1622,4
1466,1839,4
118,1585,4
570,1258,4
1278,326,4
570,1301,4
1900,1930,4
571,552,4
54,311,4
158,287,4
1853,1777,4
1466,1567,4
1899,1498,4
1901,1811,4
556,1267,4
1857,588,4
556,1301,4
1857,147,4
1453,1378,4
1856,1778,4
53,371,4
1232,1736,4
569,1264,4
336,1771,4
567,1279,4
556,1249,4
568,1243,4
568,1254,4
1228,1937,4
54,522,4
572,1223,4
1850,591,4
576,1293,4
158,1552,4
1223,526,4
42,1728,4
333,1772,4
1903,1640,4
576,1271,4
42,1487,4
54,1491,4
1222,1243,4
346,1748,4
346,1749,4
346,1750,4
1850,982,4
118,1598,4
54,1516,4
334,295,4
1901,1932,4
555,699,4
572,1299,4
118,1586,4
555,1286,4
573,1247,4
334,1771,4
1452,1649,4
555,541,4
1468,411,4
346,670,4
43,133,4
574,557,4
574,1239,4
1225,1243,4
574,1247,4
1812,1945,4
410,1114,4
649,248,4
28,1721,4
169,1072,4
68,1988,4
143,291,4
68,1981,4
1797,1834,4
698,511,4
1797,1837,4
536,588,4
696,1148,4
169,1036,4
29,380,4
1936,1932,4
300,240,4
300,344,4
1798,65,4
536,1312,4
300,371,4
300,372,4
537,1236,4
1499,1552,4
1936,734,4
29,1504,4
1499,1546,4
301,371,4
537,1310,4
1798,1836,4
1114,177,4
700,207,4
28,1720,4
1108,1343,4
1499,1608,4
28,139,4
704,434,4
533,1309,4
1939,1795,4
1794,1981,4
1438,1661,4
703,1020,4
1109,1359,4
1939,1601,4
1344,1958,4
1344,1948,4
1344,1516,4
1939,705,4
1939,425,4
534,1289,4
702,713,4
1500,946,4
69,524,4
702,505,4
534,1310,4
702,435,4
702,328,4
297,1916,4
28,1633,4
700,1390,4
535,1235,4
1499,1612,4
29,1656,4
538,472,4
691,1788,4
1114,1000,4
678,429,4
114,1720,4
354,126,4
1934,741,4
539,1238,4
1802,1845,4
1339,669,4
676,834,4
353,1919,4
1338,1865,4
30,1541,4
1120,1401,4
30,1583,4
671,1277,4
539,1272,4
119,1471,4
1338,1551,4
668,1707,4
30,1706,4
1337,1506,4
119,1464,4
1123,900,4
168,898,4
30,1791,4
1933,744,4
1123,901,4
114,1793,4
168,1513,4
1934,1622,4
168,1567,4
1339,1950,4
538,1238,4
691,973,4
538,1239,4
29,1801,4
1440,357,4
1116,1459,4
1935,1587,4
119,1494,4
689,495,4
1440,1551,4
1499,1522,4
1119,1390,4
538,1311,4
114,1714,4
686,702,4
1800,1773,4
1440,1567,4
1119,1491,4
168,1652,4
1800,1809,4
685,493,4
1934,1986,4
684,1018,4
1339,1502,4
354,1025,4
168,1609,4
1108,1346,4
704,1020,4
1933,737,4
119,1728,4
286,1088,4
720,1354,4
141,1552,4
720,488,4
1784,273,4
1506,105,4
1094,1365,4
531,1294,4
531,1301,4
1095,238,4
1784,1831,4
531,1303,4
171,1715,4
531,1312,4
531,1313,4
719,435,4
531,1317,4
288,1609,4
718,717,4
531,1324,4
1944,1755,4
357,1756,4
531,1329,4
119,1706,4
113,1710,4
1096,1348,4
1349,1951,4
286,1086,4
1507,94,4
704,1351,4
70,1573,4
530,1322,4
722,735,4
1947,750,4
722,727,4
1947,736,4
1089,1496,4
1435,1548,4
284,1748,4
1090,109,4
722,509,4
530,1344,4
1947,85,4
1780,1757,4
113,1597,4
285,1080,4
531,613,4
1781,272,4
1507,1879,4
1435,1554,4
1351,1949,4
1435,1580,4
358,456,4
358,413,4
1782,332,4
1092,574,4
25,1723,4
1946,714,4
289,1087,4
289,1089,4
289,1090,4
532,1072,4
292,1949,4
1942,4,4
1503,363,4
293,900,4
27,662,4
1790,1409,4
1790,1850,4
1941,1966,4
710,491,4
1941,1787,4
1100,1360,4
709,503,4
294,1388,4
708,499,4
708,490,4
1792,287,4
707,1250,4
1502,105,4
707,747,4
170,1466,4
170,1464,4
1940,1718,4
705,488,4
705,437,4
1940,1716,4
1794,287,4
533,1294,4
1097,1494,4
1942,82,4
142,1597,4
532,1287,4
532,1073,4
532,1244,4
717,500,4
113,1714,4
70,450,4
1943,738,4
26,1620,4
26,1639,4
716,725,4
716,662,4
716,511,4
1943,722,4
715,1477,4
712,499,4
715,511,4
1943,82,4
713,1362,4
713,726,4
1788,1104,4
1942,1808,4
1788,1557,4
1504,363,4
713,280,4
1504,94,4
1789,1029,4
1789,1406,4
665,1284,4
535,1312,4
655,1356,4
657,1357,4
65,525,4
541,1013,4
166,1715,4
652,245,4
1930,1732,4
658,445,4
353,692,4
540,1311,4
66,1713,4
1930,1780,4
65,1089,4
1336,1549,4
307,499,4
659,224,4
1806,1841,4
663,1178,4
652,1657,4
1443,1619,4
1140,1450,4
1492,1859,4
540,1293,4
653,1229,4
541,1311,4
1809,1838,4
307,1665,4
307,1898,4
31,1618,4
659,1606,4
1808,1830,4
541,1270,4
660,1228,4
1933,724,4
1929,1296,4
661,1708,4
542,1315,4
656,1218,4
541,1286,4
1332,1551,4
353,1023,4
1332,1613,4
540,1260,4
66,1464,4
31,1495,4
1073,1856,3
1230,1234,3
1140,1412,3
1394,1564,3
1022,495,3
1230,84,3
1074,1521,3
1346,1703,3
1231,1241,3
147,1500,3
1232,1251,3
1369,437,3
949,285,3
1097,1353,3
1073,1029,3
1229,379,3
1277,1851,3
1097,1352,3
1228,1230,3
1140,714,3
950,442,3
1356,459,3
1394,1740,3
949,1867,3
948,995,3
1277,1863,3
951,36,3
1229,1249,3
1278,328,3
949,961,3
1227,1578,3
1229,156,3
1277,1854,3
1394,1547,3
1229,1242,3
1346,1775,3
949,284,3
1126,1729,3
948,988,3
152,119,3
194,1703,3
1096,1492,3
1396,1735,3
1396,1737,3
194,1735,3
1024,26,3
1348,889,3
1396,1738,3
194,1739,3
174,1685,3
1348,1850,3
140,1072,3
194,1755,3
194,1756,3
194,1786,3
1277,396,3
940,184,3
1077,642,3
165,1463,3
142,324,3
156,1586,3
174,1464,3
156,1552,3
1277,335,3
939,988,3
1396,1580,3
1369,432,3
179,1513,3
1347,1948,3
140,110,3
948,817,3
947,496,3
1233,355,3
1233,1901,3
1346,1928,3
1234,355,3
946,1009,3
945,1731,3
194,1484,3
1329,1935,3
179,1590,3
1347,69,3
1347,1548,3
1355,1550,3
1347,1549,3
1035,1986,3
179,1652,3
1075,1354,3
1234,377,3
146,1661,3
1396,1576,3
944,1807,3
194,1632,3
1234,1116,3
1097,228,3
171,897,3
193,1715,3
1222,1231,3
151,1407,3
192,1670,3
167,299,3
1137,1769,3
953,1780,3
192,1811,3
1369,1549,3
151,1520,3
1358,747,3
1105,1357,3
1104,1363,3
1279,121,3
127,1708,3
1106,1646,3
1104,941,3
181,1623,3
170,1465,3
1346,889,3
175,1608,3
1152,1721,3
952,987,3
1103,1359,3
1103,1358,3
1017,1483,3
1103,119,3
1392,1742,3
127,1720,3
127,1721,3
1037,68,3
1358,1762,3
1136,1435,3
961,594,3
192,518,3
1359,1281,3
1108,1445,3
1346,670,3
1017,488,3
1220,607,3
176,122,3
165,957,3
1346,729,3
959,480,3
1316,652,3
1279,1855,3
1065,89,3
159,818,3
958,1888,3
958,38,3
1220,999,3
192,1470,3
192,1505,3
1221,1202,3
159,105,3
1038,1405,3
1369,1769,3
181,1638,3
1393,306,3
1067,1870,3
181,1505,3
181,1465,3
1394,430,3
1017,1495,3
1149,15,3
193,1545,3
1099,1886,3
1225,1543,3
1225,1778,3
1394,605,3
1366,823,3
1346,1549,3
1099,1360,3
1017,1520,3
1021,57,3
158,1655,3
1356,1742,3
1138,1729,3
1226,1774,3
938,1877,3
175,794,3
1356,1504,3
1098,1352,3
1369,1057,3
193,1682,3
1072,1610,3
1369,809,3
193,1708,3
193,1487,3
1369,1548,3
1346,1548,3
1318,1935,3
193,589,3
158,1645,3
952,643,3
1138,1708,3
1393,1377,3
1393,1576,3
139,1570,3
1068,1904,3
1038,72,3
158,1632,3
158,1572,3
1152,750,3
1357,1548,3
1102,1358,3
1393,1742,3
1346,1532,3
1223,1562,3
1224,686,3
1225,792,3
1393,1746,3
951,981,3
1357,1496,3
1070,1849,3
1071,1386,3
1100,1393,3
140,1076,3
1333,1588,3
1024,56,3
141,123,3
1352,1949,3
155,354,3
1367,1548,3
197,1501,3
1093,179,3
1267,1248,3
1085,1331,3
1267,103,3
1400,1581,3
166,1071,3
153,1061,3
1250,1046,3
1266,1288,3
180,1479,3
1250,1233,3
180,320,3
172,815,3
1251,86,3
154,1664,3
173,318,3
1400,1591,3
1091,1661,3
1143,206,3
1265,1996,3
135,1597,3
141,128,3
197,1473,3
1091,574,3
172,456,3
197,508,3
1399,1553,3
135,1407,3
155,1058,3
1399,1771,3
197,592,3
1271,954,3
180,1703,3
180,1499,3
1031,42,3
1351,1548,3
1353,39,3
1332,1501,3
1084,1476,3
1367,1740,3
1352,1966,3
153,282,3
1094,371,3
1269,1132,3
1084,1913,3
1268,1856,3
197,1466,3
124,1795,3
1145,1054,3
1351,1599,3
1367,1530,3
924,1392,3
938,1875,3
1401,1566,3
923,455,3
1367,658,3
1262,1556,3
1401,1929,3
146,315,3
1090,92,3
124,1596,3
1260,1605,3
922,1871,3
146,113,3
922,1869,3
1366,1937,3
1028,101,3
1260,1979,3
1261,65,3
1261,1058,3
1402,1537,3
922,1387,3
1029,1024,3
1261,1238,3
1088,1408,3
922,641,3
1262,775,3
1402,1548,3
1332,1499,3
172,1525,3
923,1836,3
924,651,3
172,1575,3
924,239,3
1090,1359,3
154,1595,3
1252,1237,3
1400,1949,3
166,1060,3
1087,1493,3
1366,1767,3
172,1818,3
141,1070,3
166,1049,3
153,1631,3
1143,1104,3
166,1057,3
154,1530,3
1090,574,3
1401,1401,3
923,1868,3
124,1717,3
124,1716,3
198,504,3
124,1715,3
1401,1511,3
172,1673,3
1255,939,3
197,506,3
1399,456,3
1094,942,3
181,14,3
1079,79,3
1349,1510,3
1096,1351,3
1240,918,3
179,1670,3
1333,1500,3
196,490,3
1366,1421,3
1240,1221,3
931,103,3
1240,1525,3
1148,1493,3
174,895,3
1241,1720,3
166,1527,3
930,1385,3
196,1081,3
1147,1613,3
1242,369,3
1276,1855,3
1080,646,3
930,1037,3
1368,1744,3
1331,696,3
1275,1886,3
1024,1746,3
1355,46,3
1094,983,3
1239,1779,3
125,1739,3
195,390,3
1397,623,3
1397,1594,3
1024,604,3
134,1760,3
1397,1738,3
936,271,3
1237,1741,3
195,1466,3
156,1053,3
195,1546,3
125,1714,3
140,1078,3
1148,1497,3
1333,1547,3
934,1256,3
934,157,3
1277,334,3
1238,1618,3
1078,1655,3
165,1552,3
1239,1268,3
125,1713,3
1397,1740,3
1275,1870,3
1146,1496,3
1354,1507,3
152,1463,3
1146,511,3
1246,591,3
1368,814,3
1351,97,3
1246,1050,3
1246,1233,3
196,1481,3
1095,1359,3
1333,1499,3
155,1062,3
1354,659,3
135,441,3
180,1705,3
173,1470,3
1094,1494,3
926,1849,3
166,14,3
1083,757,3
1353,1952,3
1273,1886,3
152,1620,3
1332,1525,3
172,14,3
166,328,3
141,1584,3
1096,4,3
146,488,3
196,1468,3
1080,891,3
1243,1545,3
125,1694,3
1025,744,3
1025,745,3
1368,1739,3
196,1181,3
1397,1771,3
1032,759,3
1244,378,3
1275,1830,3
180,1715,3
196,1292,3
1246,377,3
1096,108,3
1398,1207,3
929,159,3
1398,1378,3
1398,1398,3
1398,1730,3
1244,1753,3
1366,1733,3
1080,1948,3
1331,699,3
155,1552,3
1135,1395,3
1219,1229,3
1038,1992,3
1128,1446,3
1194,1930,3
1297,694,3
186,1518,3
1008,972,3
984,1867,3
144,319,3
186,1540,3
984,1031,3
186,1564,3
162,948,3
1379,801,3
1379,1550,3
1043,56,3
986,1241,3
984,480,3
1296,433,3
1042,213,3
1008,1499,3
982,202,3
187,9,3
981,1869,3
981,1852,3
1009,111,3
1336,1498,3
168,1715,3
981,1016,3
1043,58,3
1371,1740,3
186,1489,3
1127,1500,3
1170,21,3
1299,449,3
168,1466,3
162,1573,3
1378,428,3
162,1483,3
168,1467,3
985,1922,3
1363,1934,3
1378,434,3
1298,692,3
1378,807,3
1193,157,3
1371,1767,3
177,1743,3
148,1474,3
1339,1399,3
1379,76,3
183,679,3
168,1549,3
1339,1501,3
183,522,3
131,259,3
1298,193,3
183,489,3
1050,810,3
1380,1582,3
162,298,3
1382,1542,3
188,14,3
1382,1548,3
1382,1569,3
1199,244,3
1382,1720,3
1199,1829,3
1292,1995,3
1200,49,3
1292,580,3
1335,1500,3
975,1878,3
1383,1505,3
1054,97,3
1371,783,3
164,1513,3
1290,1976,3
1308,875,3
1165,8,3
1200,94,3
164,1657,3
974,1871,3
1009,1245,3
1363,1585,3
188,1471,3
1335,670,3
161,1715,3
1382,1539,3
187,948,3
1340,435,3
1128,1747,3
1308,874,3
179,421,3
979,1793,3
130,1714,3
168,1762,3
1380,1743,3
150,98,3
979,1762,3
187,1498,3
187,1599,3
187,1675,3
978,629,3
1198,158,3
1009,647,3
1381,1564,3
1050,1928,3
1382,667,3
1371,1285,3
1052,203,3
978,569,3
1198,584,3
1382,1174,3
978,479,3
1199,149,3
1050,68,3
1372,1058,3
1340,1778,3
1048,1015,3
1337,670,3
1044,141,3
163,1678,3
999,999,3
999,476,3
163,1664,3
1373,1741,3
163,1649,3
183,1626,3
1047,55,3
1365,1549,3
1048,57,3
997,1406,3
186,524,3
996,109,3
1374,1601,3
184,1471,3
1337,1881,3
1303,1919,3
1126,1938,3
184,1473,3
1048,1020,3
178,345,3
183,1615,3
1179,319,3
1365,433,3
1337,570,3
1305,1163,3
1305,535,3
1046,1018,3
1002,1936,3
1372,1739,3
1126,1507,3
183,1759,3
1372,1969,3
184,14,3
1001,215,3
1373,1565,3
1001,119,3
1126,1498,3
1365,781,3
178,1661,3
184,635,3
1175,912,3
1125,1920,3
164,14,3
183,1644,3
178,1641,3
178,1526,3
1044,204,3
1175,1866,3
178,1479,3
1125,1497,3
183,1643,3
1336,1865,3
184,1552,3
1121,1748,3
1374,1744,3
1376,1817,3
1005,1770,3
1336,1599,3
163,314,3
1372,1462,3
1183,1831,3
163,26,3
185,1616,3
1044,56,3
1364,1741,3
163,14,3
1184,1831,3
988,1865,3
1300,1995,3
1376,1905,3
1184,1833,3
1186,411,3
1186,466,3
1007,183,3
131,1711,3
1363,1935,3
1187,1929,3
162,1715,3
162,1677,3
987,1763,3
162,1635,3
1183,44,3
1050,56,3
183,1574,3
1121,177,3
1364,1921,3
1364,1771,3
1374,1950,3
132,499,3
1171,527,3
1375,804,3
1375,1546,3
1179,919,3
1301,1918,3
1179,1876,3
994,1225,3
168,1059,3
185,460,3
1180,644,3
1180,924,3
1375,1905,3
185,1464,3
185,1466,3
1170,980,3
1376,1556,3
164,1056,3
149,102,3
1372,1550,3
990,1930,3
1364,1762,3
1162,38,3
1362,1762,3
192,488,3
1370,1561,3
151,458,3
1388,1534,3
1215,776,3
1156,531,3
969,927,3
1388,1548,3
969,592,3
151,571,3
1389,467,3
151,769,3
1039,1971,3
151,820,3
1389,697,3
1210,1737,3
969,146,3
165,587,3
1283,1353,3
968,1054,3
1014,1925,3
190,1783,3
190,1795,3
968,1052,3
1215,1754,3
1315,633,3
1389,1548,3
169,1552,3
1343,1548,3
1110,1496,3
1361,1935,3
190,1627,3
1210,1937,3
138,1551,3
1387,1608,3
1211,1692,3
190,1463,3
1362,1384,3
1059,757,3
167,1078,3
969,1858,3
182,1466,3
190,1531,3
1111,1489,3
165,324,3
1387,1739,3
1388,634,3
1365,1937,3
1388,824,3
1211,1831,3
190,1539,3
1212,346,3
167,1056,3
190,1609,3
1014,648,3
169,1493,3
1110,1500,3
1016,1495,3
1359,1762,3
1282,1851,3
1216,1255,3
965,42,3
159,1615,3
1016,1510,3
1039,85,3
191,1724,3
964,46,3
127,1737,3
1279,1864,3
1063,756,3
963,502,3
963,201,3
1109,1348,3
1218,606,3
1218,781,3
159,1142,3
1063,1605,3
1218,1902,3
183,1730,3
1063,1722,3
192,14,3
1063,1898,3
1017,106,3
1109,1346,3
1109,1343,3
1064,78,3
1345,1548,3
965,500,3
967,108,3
191,1582,3
1366,389,3
1344,1508,3
1134,376,3
169,1661,3
127,1791,3
1155,16,3
965,1878,3
191,1463,3
151,1066,3
1359,1741,3
139,411,3
191,1465,3
1282,1556,3
1280,1309,3
965,1373,3
1154,902,3
1370,1498,3
165,956,3
1370,666,3
1359,1427,3
127,1773,3
191,1549,3
191,1573,3
1345,897,3
1063,755,3
1334,1500,3
1387,1515,3
150,1407,3
1288,42,3
188,1637,3
1159,1096,3
973,1872,3
1384,814,3
188,1696,3
188,1715,3
1340,1951,3
1112,1391,3
167,1552,3
1289,54,3
1384,1509,3
179,692,3
973,1868,3
1210,1457,3
1202,159,3
1130,1408,3
973,1866,3
161,865,3
176,1746,3
176,1743,3
1286,40,3
1203,1577,3
1370,1768,3
1384,1732,3
1309,447,3
973,1033,3
1057,1829,3
1370,1769,3
150,1475,3
973,1873,3
129,1721,3
1200,156,3
129,1717,3
1200,1544,3
1200,1840,3
1009,1499,3
1055,643,3
177,494,3
1201,157,3
177,379,3
188,1502,3
182,1567,3
129,1715,3
1290,678,3
188,1542,3
1201,158,3
1056,1589,3
1041,212,3
1290,318,3
161,1184,3
161,1181,3
1201,1904,3
1113,999,3
1335,662,3
1384,525,3
189,27,3
1384,1885,3
1370,1738,3
138,984,3
145,14,3
128,1907,3
190,18,3
1341,1948,3
1385,1567,3
190,358,3
971,588,3
1207,331,3
190,878,3
1341,1949,3
1385,1575,3
190,947,3
1386,1257,3
1208,1337,3
1386,1549,3
166,1058,3
143,1407,3
176,1511,3
1342,1949,3
1387,1399,3
1209,155,3
1342,1950,3
1370,1734,3
1112,178,3
1362,1601,3
1112,179,3
971,1053,3
972,1871,3
1058,644,3
176,1731,3
1159,20,3
189,948,3
1284,1644,3
1058,642,3
972,1052,3
1205,153,3
143,1552,3
1311,1154,3
176,1705,3
972,500,3
972,499,3
143,1497,3
189,1479,3
129,419,3
189,1493,3
160,1710,3
921,1870,3
1341,1548,3
182,1518,3
189,1609,3
1206,397,3
182,1499,3
176,1696,3
160,1592,3
1302,1618,3
730,219,3
198,1626,3
558,1248,3
556,645,3
345,1760,3
345,1759,3
345,1757,3
345,1756,3
556,1232,3
556,1247,3
345,1753,3
556,1273,3
345,1642,3
345,1353,3
556,1315,3
345,455,3
345,454,3
345,328,3
556,1320,3
345,94,3
345,76,3
556,1387,3
557,579,3
557,646,3
344,1784,3
344,1778,3
557,1264,3
344,1753,3
344,1749,3
558,646,3
558,1184,3
558,1235,3
555,1298,3
555,1269,3
555,700,3
347,1751,3
551,1217,3
551,1246,3
551,1248,3
551,1270,3
551,1321,3
551,1322,3
551,1324,3
551,1421,3
552,852,3
552,1070,3
552,1227,3
347,1760,3
347,1755,3
347,1750,3
346,278,3
553,1249,3
553,1280,3
553,1317,3
553,1322,3
554,118,3
554,699,3
346,1757,3
346,1753,3
554,1323,3
554,1961,3
555,118,3
555,542,3
346,328,3
558,1241,3
558,1269,3
550,1445,3
558,1300,3
561,1267,3
561,1284,3
561,1285,3
341,1752,3
561,1312,3
561,1314,3
341,506,3
341,503,3
341,454,3
561,1447,3
341,418,3
562,1248,3
562,1250,3
562,1251,3
562,1255,3
562,1263,3
340,1769,3
562,1275,3
340,1767,3
340,1765,3
562,1289,3
562,1297,3
562,1298,3
562,1300,3
562,1304,3
340,1558,3
562,1309,3
562,1480,3
340,456,3
561,1266,3
341,1769,3
341,1772,3
560,1239,3
558,1341,3
558,1458,3
558,1581,3
343,1778,3
559,1239,3
559,1241,3
559,1246,3
343,1760,3
559,1251,3
343,1757,3
559,1311,3
342,1789,3
560,831,3
560,1251,3
561,1253,3
560,1255,3
342,1754,3
560,1263,3
342,1751,3
560,1290,3
342,455,3
560,1307,3
342,403,3
342,392,3
560,1311,3
560,1315,3
560,1318,3
561,1035,3
348,1745,3
550,1330,3
563,541,3
351,1755,3
541,1251,3
541,1271,3
541,1272,3
541,1285,3
541,1295,3
541,1310,3
541,1312,3
541,1462,3
542,460,3
542,635,3
542,1065,3
542,1242,3
542,1243,3
352,1750,3
352,1749,3
352,1747,3
543,635,3
543,1234,3
543,1270,3
543,1272,3
352,471,3
543,1279,3
543,1309,3
543,1310,3
544,635,3
544,1245,3
544,1269,3
544,1279,3
544,1533,3
353,389,3
353,605,3
353,1028,3
539,1263,3
538,1282,3
538,1286,3
538,1287,3
354,1589,3
538,1309,3
538,1310,3
538,1313,3
354,1153,3
538,1833,3
354,576,3
539,556,3
539,1219,3
353,1922,3
539,1275,3
541,1233,3
353,1774,3
539,1284,3
539,1287,3
539,1288,3
353,1765,3
539,1311,3
540,1230,3
540,1240,3
353,1746,3
540,1258,3
540,1310,3
541,551,3
541,790,3
544,1754,3
351,1752,3
348,1752,3
351,1747,3
548,1301,3
548,1302,3
349,1786,3
548,1310,3
548,1323,3
548,1326,3
349,1757,3
349,1752,3
549,1265,3
549,1271,3
549,1286,3
549,1299,3
549,1309,3
549,1314,3
549,1327,3
549,1331,3
349,117,3
549,1335,3
549,1337,3
549,1339,3
550,742,3
550,1251,3
348,1787,3
348,1784,3
550,1277,3
550,1304,3
550,1305,3
550,1310,3
348,1759,3
349,1987,3
548,1274,3
548,1270,3
546,1325,3
545,1244,3
545,1274,3
545,1275,3
545,1276,3
545,1308,3
545,1326,3
351,379,3
546,1239,3
546,1277,3
546,1280,3
546,1281,3
350,1775,3
546,1311,3
546,1332,3
350,564,3
547,1217,3
350,1753,3
547,1267,3
547,1270,3
547,1299,3
547,1302,3
547,1318,3
350,1601,3
547,1329,3
547,1334,3
547,1340,3
547,1453,3
548,451,3
340,455,3
563,1222,3
623,771,3
597,511,3
588,443,3
588,1236,3
328,1771,3
588,1282,3
589,1265,3
589,1338,3
590,1218,3
590,1228,3
590,1234,3
590,1247,3
590,1248,3
590,1257,3
590,1266,3
590,1285,3
591,236,3
327,1768,3
592,1307,3
593,438,3
593,552,3
593,1243,3
593,1291,3
593,1311,3
594,1216,3
595,766,3
326,1759,3
596,919,3
596,1214,3
326,1634,3
596,1292,3
587,1242,3
587,1223,3
587,801,3
583,1216,3
580,1262,3
330,1810,3
581,1227,3
581,1232,3
330,1790,3
581,1246,3
581,1268,3
581,1270,3
581,1280,3
581,1281,3
582,1247,3
582,1275,3
330,160,3
583,1235,3
587,475,3
583,1289,3
584,512,3
584,801,3
584,1219,3
584,1272,3
584,1295,3
584,1300,3
585,1226,3
585,1299,3
585,1312,3
329,1312,3
586,1255,3
586,1298,3
596,1300,3
597,1213,3
579,1291,3
598,545,3
612,437,3
612,1416,3
613,431,3
613,455,3
613,1764,3
322,1496,3
614,439,3
614,1817,3
322,546,3
615,546,3
615,631,3
615,1425,3
615,1821,3
322,166,3
616,511,3
616,1304,3
616,1426,3
617,432,3
617,1239,3
321,1318,3
618,444,3
618,719,3
618,1417,3
321,1032,3
619,1231,3
621,439,3
621,581,3
621,1256,3
621,1425,3
611,1424,3
611,449,3
611,325,3
604,444,3
598,691,3
598,1216,3
599,628,3
599,630,3
599,877,3
599,1285,3
325,296,3
325,291,3
600,1257,3
324,1940,3
601,621,3
602,1781,3
603,509,3
605,750,3
322,1819,3
606,440,3
606,445,3
324,284,3
607,237,3
607,443,3
608,443,3
608,595,3
608,1236,3
609,801,3
323,265,3
323,167,3
610,1295,3
610,1424,3
580,1227,3
331,1770,3
563,1225,3
566,1271,3
564,1461,3
564,1572,3
565,1230,3
565,1247,3
565,1255,3
337,1800,3
565,1262,3
565,1265,3
565,1267,3
565,1273,3
565,1274,3
565,1280,3
565,1283,3
565,1285,3
565,1290,3
565,1302,3
565,1331,3
565,1787,3
566,1211,3
566,1212,3
566,1248,3
566,1249,3
566,1253,3
337,1229,3
566,1254,3
566,1261,3
566,1264,3
566,1267,3
566,1268,3
338,1096,3
338,1657,3
564,1288,3
339,694,3
563,1246,3
563,1249,3
563,1250,3
339,1787,3
563,1257,3
563,1259,3
339,1769,3
339,1766,3
339,1757,3
339,1756,3
339,1755,3
563,1277,3
339,695,3
339,456,3
564,1282,3
339,454,3
339,432,3
563,1296,3
563,1297,3
563,1306,3
563,1434,3
564,1014,3
564,1226,3
564,1257,3
564,1259,3
564,1261,3
564,1262,3
564,1267,3
566,1269,3
566,1277,3
579,1280,3
566,1479,3
575,1251,3
575,1275,3
575,1280,3
576,1259,3
576,1273,3
576,1276,3
576,1313,3
576,1446,3
577,626,3
577,1059,3
577,1231,3
333,500,3
577,1279,3
577,1284,3
577,1293,3
577,1304,3
577,1310,3
577,1311,3
577,1323,3
578,1224,3
578,1228,3
578,1251,3
578,1295,3
578,1299,3
579,1028,3
579,1265,3
579,1269,3
579,1277,3
579,1278,3
575,1241,3
575,544,3
575,543,3
569,1262,3
567,445,3
567,542,3
567,722,3
567,1236,3
336,1769,3
567,1267,3
567,1290,3
567,1321,3
568,1258,3
568,1259,3
568,1296,3
568,1307,3
335,1889,3
569,1296,3
574,1313,3
569,1305,3
569,1384,3
335,1770,3
335,1769,3
571,1236,3
571,1311,3
335,328,3
572,1264,3
573,1280,3
334,1772,3
573,1285,3
574,1246,3
574,1295,3
538,1229,3
538,480,3
537,1312,3
382,1290,3
386,1867,3
476,484,3
476,785,3
386,308,3
478,358,3
478,1071,3
478,1872,3
479,1604,3
479,1871,3
479,1876,3
480,450,3
480,451,3
480,1400,3
481,430,3
481,450,3
481,789,3
481,1667,3
384,452,3
482,1330,3
384,118,3
483,1668,3
383,1290,3
383,1289,3
485,1402,3
486,1402,3
487,1669,3
487,1942,3
488,1695,3
489,434,3
387,125,3
475,1267,3
475,1243,3
468,1337,3
392,1352,3
392,1292,3
462,1269,3
463,1265,3
463,1963,3
464,372,3
464,1901,3
391,1483,3
465,1251,3
465,1255,3
466,641,3
466,795,3
468,1288,3
390,1499,3
475,1239,3
390,1498,3
468,1963,3
390,466,3
390,84,3
469,1182,3
469,1227,3
469,1505,3
469,1808,3
470,1898,3
388,1517,3
388,1175,3
474,1241,3
475,1235,3
491,1240,3
491,1916,3
393,1479,3
493,1047,3
504,1250,3
504,1258,3
505,558,3
505,1249,3
505,1252,3
505,1292,3
505,1314,3
377,1289,3
506,1249,3
506,1258,3
506,1287,3
377,378,3
376,1986,3
507,1258,3
376,1859,3
507,1983,3
508,1224,3
508,1247,3
376,390,3
508,1255,3
508,1280,3
508,1294,3
509,471,3
509,560,3
509,1239,3
509,1244,3
375,1291,3
375,523,3
510,474,3
504,1225,3
504,1222,3
503,1299,3
499,1273,3
495,808,3
495,837,3
381,1729,3
496,542,3
497,1074,3
497,1299,3
498,1262,3
498,1274,3
381,394,3
381,323,3
499,1236,3
499,1237,3
499,1270,3
500,1212,3
503,1295,3
500,1217,3
500,1318,3
501,594,3
501,1212,3
379,1800,3
501,1215,3
501,1298,3
502,1219,3
502,1253,3
502,1293,3
502,1294,3
502,1299,3
503,541,3
393,627,3
455,341,3
537,1237,3
428,1471,3
420,365,3
420,379,3
420,1038,3
420,1194,3
421,365,3
421,374,3
421,615,3
422,287,3
422,396,3
422,528,3
422,920,3
422,926,3
403,373,3
423,441,3
423,920,3
424,377,3
424,399,3
402,1502,3
424,1701,3
426,641,3
426,1468,3
426,1686,3
427,376,3
427,1512,3
401,502,3
427,1688,3
427,1729,3
427,1730,3
427,1732,3
419,1965,3
419,1019,3
419,398,3
413,1035,3
410,1206,3
410,269,3
411,304,3
411,1480,3
412,257,3
412,269,3
409,1620,3
412,298,3
412,1310,3
409,283,3
413,284,3
413,285,3
409,257,3
413,1036,3
419,397,3
413,1312,3
414,298,3
414,925,3
408,269,3
408,260,3
415,1701,3
416,499,3
418,378,3
418,381,3
406,1223,3
418,920,3
418,969,3
419,395,3
427,1733,3
428,1572,3
454,1877,3
429,416,3
442,523,3
442,1577,3
443,451,3
396,1914,3
443,838,3
443,1689,3
396,1516,3
396,1449,3
396,449,3
445,535,3
447,435,3
447,1107,3
447,1269,3
447,1278,3
447,1346,3
448,1267,3
448,1277,3
448,1278,3
448,1289,3
449,578,3
449,1889,3
395,312,3
450,627,3
450,1888,3
451,1116,3
394,1479,3
453,1090,3
454,1277,3
454,1698,3
442,520,3
442,412,3
441,1682,3
437,383,3
430,444,3
430,1417,3
430,1701,3
431,248,3
431,1546,3
399,1494,3
399,1320,3
435,1461,3
436,1051,3
399,101,3
436,1530,3
436,1695,3
437,310,3
437,450,3
441,523,3
437,1093,3
398,1449,3
437,1099,3
437,1116,3
438,1310,3
439,379,3
440,543,3
440,819,3
440,821,3
398,261,3
398,260,3
440,1100,3
440,1107,3
510,1244,3
510,1313,3
374,1510,3
530,1313,3
527,1229,3
527,1261,3
527,1264,3
527,1305,3
527,1310,3
528,618,3
528,624,3
528,630,3
528,1231,3
528,1260,3
528,1301,3
360,457,3
528,1308,3
528,1313,3
529,635,3
529,1232,3
529,1233,3
529,1305,3
529,1308,3
529,1311,3
529,1333,3
529,1336,3
530,630,3
359,1212,3
530,788,3
359,563,3
530,1277,3
358,1919,3
530,1299,3
361,944,3
361,1024,3
526,1296,3
524,490,3
523,1228,3
523,1229,3
523,1257,3
363,1266,3
363,1026,3
523,1311,3
523,1317,3
523,1320,3
363,510,3
523,1321,3
363,456,3
524,447,3
363,117,3
524,1230,3
526,1283,3
524,1281,3
524,1289,3
524,1313,3
525,459,3
525,817,3
525,1252,3
525,1261,3
525,1292,3
525,1313,3
526,1250,3
526,1259,3
526,1263,3
526,1277,3
530,1305,3
530,1314,3
511,473,3
530,1315,3
533,1280,3
356,1761,3
356,1752,3
533,1295,3
533,1298,3
533,1312,3
533,1313,3
356,369,3
534,639,3
534,1234,3
534,1235,3
534,1249,3
534,1269,3
534,1308,3
534,1311,3
534,1314,3
355,1752,3
535,1242,3
535,1309,3
535,1310,3
535,1311,3
535,1326,3
535,1577,3
536,339,3
536,1234,3
536,1307,3
536,1311,3
536,1314,3
537,1228,3
533,1241,3
533,1232,3
533,637,3
531,1306,3
530,1333,3
358,1212,3
358,1179,3
531,1280,3
531,1281,3
531,1283,3
358,321,3
531,1286,3
531,1287,3
531,1291,3
531,1296,3
531,1299,3
531,1305,3
531,1308,3
533,468,3
531,1310,3
531,1846,3
532,630,3
357,1737,3
357,1287,3
532,1290,3
357,567,3
357,366,3
532,1295,3
532,1296,3
532,1299,3
532,1300,3
532,1549,3
523,318,3
522,1848,3
522,1333,3
522,1323,3
513,1298,3
513,1301,3
513,1302,3
513,1304,3
371,506,3
513,1327,3
371,116,3
514,1238,3
514,1270,3
514,1271,3
514,1276,3
370,1468,3
514,1280,3
514,1283,3
514,1289,3
370,1244,3
514,1292,3
514,1297,3
369,1988,3
514,1303,3
514,1304,3
514,1308,3
514,1314,3
514,1320,3
514,1325,3
514,1328,3
514,1333,3
369,945,3
515,1239,3
513,1293,3
371,1767,3
513,1288,3
512,1225,3
374,963,3
511,1232,3
511,1233,3
374,425,3
374,359,3
511,1240,3
511,1266,3
373,1762,3
373,1576,3
511,1313,3
512,465,3
512,1224,3
373,1287,3
373,1258,3
513,1281,3
512,1234,3
512,1292,3
512,1326,3
372,1767,3
372,1749,3
513,584,3
513,1226,3
372,1188,3
372,610,3
513,1271,3
371,1984,3
513,1277,3
513,1280,3
515,1249,3
515,1277,3
515,1286,3
520,1282,3
518,1279,3
366,459,3
518,1310,3
518,1319,3
365,1946,3
518,1984,3
519,1251,3
519,1254,3
519,1318,3
519,1323,3
519,1992,3
520,633,3
520,1279,3
520,1283,3
517,1328,3
520,1312,3
520,1320,3
520,1327,3
520,1328,3
521,611,3
521,1228,3
521,1254,3
521,1277,3
364,688,3
364,463,3
522,1280,3
522,1287,3
522,1317,3
366,1289,3
517,1306,3
515,1297,3
516,1269,3
368,1753,3
515,1308,3
515,1309,3
515,1316,3
368,456,3
368,430,3
515,1326,3
515,1329,3
515,1592,3
516,1049,3
516,1248,3
516,1250,3
516,1253,3
516,1271,3
517,1289,3
516,1274,3
516,1280,3
516,1285,3
516,1287,3
516,1299,3
516,1309,3
367,1059,3
516,1310,3
516,1329,3
516,1334,3
367,423,3
516,1976,3
517,1286,3
623,434,3
623,1417,3
921,1869,3
826,229,3
820,1240,3
226,489,3
225,1857,3
225,1812,3
225,25,3
224,1809,3
224,1719,3
822,1231,3
822,1232,3
822,1234,3
822,1473,3
823,453,3
223,1900,3
223,1845,3
823,1231,3
823,1254,3
223,1136,3
223,1135,3
824,1184,3
824,1225,3
824,1241,3
825,451,3
222,1779,3
825,689,3
222,1492,3
825,1189,3
825,1218,3
222,1051,3
222,610,3
820,1214,3
820,1208,3
820,886,3
818,1184,3
230,488,3
816,1244,3
816,1248,3
229,1839,3
229,1653,3
817,1184,3
229,325,3
229,26,3
817,1203,3
228,1838,3
228,1818,3
818,478,3
818,860,3
228,130,3
819,1236,3
818,1202,3
227,1750,3
227,1749,3
227,1736,3
227,1568,3
818,1234,3
818,1242,3
227,130,3
226,1816,3
226,1796,3
226,1679,3
819,1234,3
226,1526,3
825,1266,3
222,461,3
230,723,3
826,1242,3
831,1041,3
219,1715,3
831,1232,3
831,1233,3
831,1236,3
832,1026,3
219,503,3
832,1055,3
832,1184,3
832,1188,3
832,1234,3
218,1612,3
833,1044,3
833,1180,3
833,1182,3
833,1186,3
833,1231,3
833,1267,3
834,567,3
834,1044,3
218,327,3
217,1792,3
217,1715,3
834,1995,3
217,1691,3
217,1581,3
835,1264,3
217,842,3
217,530,3
219,1732,3
831,768,3
830,1242,3
828,1231,3
221,1816,3
826,1244,3
221,1753,3
827,568,3
221,1577,3
827,1208,3
827,1232,3
221,1496,3
221,1478,3
827,1245,3
827,1277,3
828,169,3
828,1207,3
828,1234,3
220,491,3
221,404,3
828,1242,3
829,195,3
220,1669,3
829,1245,3
829,1249,3
829,1955,3
220,944,3
830,1053,3
830,1181,3
830,1189,3
220,574,3
830,1231,3
230,499,3
816,1223,3
836,1240,3
237,1721,3
242,523,3
800,1224,3
800,1227,3
800,1885,3
801,1258,3
801,1265,3
801,1654,3
241,130,3
802,763,3
802,1176,3
802,1185,3
802,1195,3
240,1277,3
802,1222,3
802,1228,3
802,1259,3
802,1263,3
802,1269,3
803,1188,3
803,1222,3
239,1995,3
803,1262,3
803,1275,3
804,563,3
804,1183,3
239,223,3
804,1201,3
238,1734,3
804,1266,3
242,743,3
799,1879,3
799,1862,3
795,1206,3
794,570,3
794,939,3
794,1192,3
794,1210,3
246,1478,3
794,1212,3
794,1228,3
794,1231,3
794,1249,3
794,1250,3
246,131,3
795,1175,3
245,1648,3
245,514,3
799,1859,3
796,1237,3
796,1253,3
797,1201,3
244,499,3
798,1193,3
798,1225,3
798,1862,3
799,1170,3
243,772,3
243,522,3
799,1211,3
799,1231,3
799,1597,3
805,1237,3
237,1546,3
816,1217,3
805,1243,3
233,1595,3
812,1237,3
232,1767,3
232,1762,3
813,1190,3
813,1216,3
813,1236,3
813,1640,3
813,1965,3
232,149,3
814,1189,3
231,1864,3
231,1669,3
814,1203,3
814,1238,3
231,1326,3
814,1240,3
231,696,3
231,486,3
815,1228,3
815,1233,3
815,1236,3
815,1240,3
230,1715,3
230,1607,3
230,1529,3
230,1506,3
230,1331,3
816,1201,3
233,1615,3
812,1200,3
812,1186,3
808,1270,3
805,1265,3
805,1957,3
806,939,3
806,1175,3
806,1185,3
806,1207,3
806,1248,3
236,1601,3
236,1584,3
807,1046,3
807,1239,3
808,1200,3
808,1240,3
235,1616,3
811,1266,3
235,1561,3
809,884,3
235,1309,3
809,1868,3
235,233,3
810,1199,3
810,1222,3
810,1234,3
234,1827,3
810,1241,3
811,865,3
811,1174,3
234,519,3
217,480,3
836,1245,3
624,438,3
203,1813,3
878,1322,3
205,1714,3
205,1597,3
205,1596,3
881,606,3
205,1519,3
881,852,3
205,1497,3
205,1496,3
205,1149,3
205,1143,3
205,1064,3
882,1445,3
883,161,3
884,274,3
205,505,3
205,491,3
886,1076,3
204,1801,3
204,1715,3
204,1629,3
204,1554,3
204,1528,3
204,1495,3
890,1403,3
890,1761,3
204,1063,3
204,503,3
893,1764,3
878,756,3
206,297,3
206,468,3
207,469,3
208,410,3
208,303,3
865,197,3
207,1765,3
865,817,3
865,1184,3
207,1684,3
866,774,3
207,1613,3
867,1275,3
869,794,3
207,593,3
869,817,3
207,286,3
206,488,3
871,803,3
206,1750,3
872,1045,3
873,803,3
873,1186,3
874,741,3
206,1552,3
874,774,3
874,1188,3
874,1189,3
206,1149,3
876,136,3
877,718,3
203,1816,3
203,1746,3
863,816,3
203,1734,3
911,92,3
911,664,3
912,79,3
912,87,3
201,1140,3
913,947,3
914,692,3
200,1715,3
915,1856,3
916,1856,3
917,485,3
917,487,3
917,692,3
200,1139,3
917,1876,3
918,1568,3
918,1862,3
918,1876,3
199,1693,3
199,1674,3
199,1658,3
199,1484,3
920,693,3
199,860,3
199,506,3
921,278,3
921,1033,3
198,1713,3
198,1661,3
201,1469,3
910,94,3
201,1664,3
202,1771,3
203,1656,3
894,1055,3
203,1601,3
203,1531,3
203,1513,3
894,1926,3
895,1762,3
896,23,3
896,1410,3
896,1564,3
203,504,3
897,104,3
899,1902,3
202,1748,3
909,959,3
202,1745,3
900,91,3
202,1711,3
202,1656,3
202,1601,3
901,1173,3
202,1465,3
901,1560,3
902,112,3
903,104,3
904,737,3
904,779,3
202,518,3
208,462,3
208,506,3
836,1258,3
212,1755,3
840,1267,3
841,125,3
841,878,3
841,1096,3
841,1255,3
841,1258,3
214,593,3
214,514,3
214,512,3
214,489,3
841,1265,3
841,1268,3
841,1271,3
213,1984,3
213,1834,3
213,1751,3
213,1733,3
213,1715,3
213,1650,3
213,1597,3
213,1544,3
842,1235,3
842,1255,3
842,1260,3
842,1264,3
842,1980,3
843,756,3
213,877,3
843,1252,3
840,1264,3
840,1257,3
215,223,3
216,505,3
836,1983,3
216,1715,3
216,1651,3
216,1559,3
216,1553,3
216,1501,3
216,1468,3
216,1466,3
837,1261,3
838,1265,3
838,1379,3
838,1425,3
216,520,3
216,459,3
840,1245,3
839,1238,3
215,1785,3
215,1772,3
215,1693,3
215,1685,3
215,1561,3
215,1497,3
215,1487,3
839,1400,3
840,529,3
840,751,3
840,894,3
215,505,3
213,380,3
212,1727,3
208,510,3
212,1715,3
210,1764,3
210,1752,3
210,1715,3
210,1682,3
851,1180,3
852,701,3
853,1421,3
853,1422,3
210,545,3
210,526,3
854,120,3
210,511,3
854,1180,3
856,534,3
209,1729,3
209,1602,3
209,1592,3
209,515,3
859,1182,3
209,480,3
209,79,3
861,42,3
208,1754,3
208,1715,3
862,748,3
208,1517,3
862,1238,3
862,1595,3
208,519,3
210,1809,3
211,303,3
850,1255,3
211,1723,3
844,1255,3
212,1646,3
212,1548,3
845,1181,3
845,1182,3
212,1464,3
845,1244,3
845,1580,3
212,878,3
212,503,3
846,1256,3
847,580,3
211,1726,3
211,1678,3
211,404,3
211,1630,3
211,1580,3
211,1579,3
211,1520,3
211,1500,3
847,1255,3
211,1477,3
848,1252,3
849,488,3
849,1253,3
849,1988,3
211,510,3
211,467,3
247,938,3
793,1233,3
793,1191,3
298,734,3
690,333,3
691,510,3
691,1544,3
692,510,3
692,511,3
692,1096,3
692,1098,3
693,525,3
694,660,3
695,493,3
695,1147,3
300,374,3
300,352,3
696,528,3
696,728,3
696,906,3
697,527,3
697,739,3
299,1093,3
299,1000,3
698,1327,3
699,204,3
699,495,3
699,510,3
699,1982,3
700,511,3
298,1388,3
700,728,3
700,919,3
689,1271,3
689,213,3
302,343,3
676,1220,3
665,1710,3
666,666,3
666,1284,3
666,1288,3
667,1288,3
668,475,3
669,492,3
670,1691,3
670,1909,3
304,1745,3
672,1056,3
673,193,3
674,1607,3
676,1230,3
688,1234,3
677,408,3
677,662,3
678,203,3
678,1764,3
679,430,3
303,1637,3
682,429,3
303,454,3
303,349,3
685,975,3
685,1018,3
302,1240,3
302,646,3
700,1355,3
701,723,3
665,1231,3
298,347,3
708,511,3
294,956,3
709,487,3
709,757,3
710,500,3
293,1387,3
710,1035,3
710,1509,3
711,485,3
711,504,3
711,506,3
293,398,3
292,1969,3
712,466,3
292,1927,3
712,1362,3
713,133,3
713,449,3
713,499,3
713,507,3
291,1619,3
714,478,3
714,507,3
290,1612,3
716,1442,3
717,434,3
717,497,3
717,498,3
717,722,3
708,506,3
294,1390,3
707,1244,3
704,484,3
298,344,3
702,510,3
702,511,3
297,1096,3
702,1354,3
296,1712,3
703,489,3
703,511,3
703,1354,3
703,1356,3
704,263,3
704,437,3
704,483,3
296,373,3
707,750,3
704,497,3
704,1773,3
705,434,3
295,1917,3
705,657,3
705,1186,3
705,1359,3
295,1388,3
295,956,3
706,436,3
707,435,3
707,440,3
707,497,3
665,1653,3
665,469,3
793,637,3
313,1895,3
633,507,3
633,511,3
633,512,3
633,1499,3
316,1030,3
634,487,3
316,238,3
634,516,3
634,552,3
634,558,3
634,743,3
315,1856,3
315,1854,3
634,1102,3
634,1104,3
634,1246,3
315,1788,3
635,1113,3
636,485,3
636,559,3
636,1107,3
637,584,3
637,1152,3
638,477,3
638,834,3
638,836,3
638,1291,3
314,1629,3
639,835,3
633,358,3
633,241,3
633,237,3
628,583,3
319,1622,3
624,762,3
625,1247,3
626,448,3
318,1896,3
318,1893,3
627,449,3
627,451,3
627,563,3
627,1651,3
628,443,3
628,459,3
628,582,3
628,1652,3
316,1774,3
629,1782,3
317,1779,3
630,450,3
630,478,3
630,580,3
630,1142,3
317,1628,3
317,527,3
317,286,3
632,240,3
632,364,3
632,510,3
632,1102,3
639,932,3
640,27,3
664,1758,3
640,579,3
309,1432,3
657,1608,3
309,241,3
658,1607,3
658,1613,3
658,1796,3
659,225,3
659,1086,3
659,1230,3
659,1795,3
660,236,3
308,1640,3
660,1558,3
661,222,3
661,223,3
661,1152,3
662,575,3
662,1151,3
662,1176,3
663,213,3
663,447,3
663,1177,3
663,1236,3
307,665,3
663,1245,3
664,223,3
664,590,3
664,1176,3
664,1210,3
657,789,3
309,1640,3
656,479,3
645,1796,3
640,1421,3
640,1821,3
313,1630,3
642,228,3
642,437,3
642,520,3
642,1660,3
643,438,3
643,804,3
643,1164,3
643,1266,3
643,1797,3
645,247,3
312,451,3
655,1791,3
646,1796,3
647,243,3
311,1985,3
647,652,3
647,996,3
647,1322,3
648,1644,3
650,588,3
652,1172,3
310,1619,3
653,1088,3
654,1228,3
655,962,3
289,1375,3
717,878,3
717,1354,3
257,684,3
752,509,3
752,1544,3
263,1628,3
753,1544,3
753,1545,3
754,1541,3
754,1543,3
755,1540,3
756,746,3
756,749,3
756,964,3
262,500,3
758,722,3
761,746,3
261,625,3
761,1188,3
261,446,3
261,406,3
261,214,3
260,1936,3
765,439,3
766,1865,3
767,1211,3
767,1949,3
259,1120,3
768,1380,3
770,190,3
770,466,3
258,1931,3
752,498,3
264,519,3
265,181,3
741,733,3
738,472,3
738,571,3
738,743,3
270,1234,3
739,495,3
739,731,3
269,1949,3
739,1714,3
740,492,3
740,700,3
740,707,3
740,1882,3
741,464,3
743,437,3
750,375,3
743,489,3
267,940,3
267,665,3
744,740,3
745,726,3
745,1167,3
746,436,3
746,493,3
266,663,3
746,758,3
748,748,3
748,757,3
265,746,3
771,1208,3
257,505,3
718,1353,3
257,504,3
251,1110,3
784,1278,3
785,430,3
785,620,3
250,1966,3
250,1959,3
785,1546,3
250,1745,3
786,1241,3
249,1968,3
249,1952,3
787,760,3
787,1194,3
788,3,3
788,575,3
788,670,3
249,1715,3
249,1677,3
788,1867,3
789,639,3
789,1038,3
789,1216,3
790,774,3
790,1272,3
248,941,3
791,1249,3
792,201,3
792,889,3
792,1868,3
251,1544,3
251,1678,3
784,452,3
255,697,3
773,737,3
774,749,3
775,736,3
256,956,3
256,941,3
776,416,3
776,1850,3
776,1976,3
777,434,3
777,731,3
777,733,3
777,772,3
777,1220,3
255,440,3
783,1528,3
777,1361,3
778,1199,3
779,1527,3
780,672,3
253,517,3
780,1526,3
781,274,3
781,672,3
252,903,3
252,771,3
782,1174,3
783,741,3
783,1203,3
738,450,3
738,419,3
737,726,3
737,719,3
722,734,3
723,445,3
283,1747,3
723,509,3
723,728,3
724,493,3
724,502,3
724,671,3
724,710,3
724,717,3
283,513,3
725,214,3
725,497,3
725,498,3
725,499,3
725,713,3
725,729,3
282,962,3
725,927,3
726,499,3
726,667,3
727,222,3
727,451,3
281,899,3
280,1935,3
727,499,3
727,501,3
727,515,3
727,720,3
722,713,3
722,670,3
722,573,3
720,513,3
719,437,3
287,1859,3
719,712,3
719,724,3
719,1355,3
719,1447,3
719,1449,3
287,1306,3
287,1090,3
287,1089,3
287,1084,3
720,495,3
287,458,3
286,1082,3
285,458,3
286,1081,3
721,214,3
721,491,3
721,503,3
721,507,3
721,673,3
721,735,3
721,745,3
721,746,3
721,756,3
721,1451,3
722,214,3
285,482,3
727,730,3
280,899,3
728,434,3
735,437,3
274,1954,3
274,1944,3
733,1590,3
733,1591,3
734,216,3
734,436,3
274,1526,3
734,506,3
274,782,3
274,379,3
734,729,3
734,1593,3
735,266,3
735,490,3
275,851,3
273,962,3
735,507,3
272,1882,3
736,434,3
736,491,3
272,958,3
736,728,3
736,1588,3
736,1592,3
737,412,3
271,1928,3
737,473,3
737,495,3
274,1959,3
733,710,3
728,486,3
730,1597,3
728,498,3
728,499,3
728,516,3
728,873,3
728,1295,3
729,487,3
278,1923,3
729,710,3
729,744,3
730,215,3
1402,1596,3
730,223,3
730,496,3
731,266,3
275,1464,3
731,487,3
731,498,3
731,502,3
731,724,3
277,1492,3
731,1380,3
277,505,3
732,494,3
732,498,3
732,506,3
276,930,3
733,437,3
733,462,3
1402,1578,3
852,1420,3
1133,924,3
1676,14,3
1674,749,3
1837,1206,3
1912,729,3
1911,1801,3
1623,799,3
18,129,3
1511,1823,3
1511,1891,3
1837,1775,3
1450,600,3
39,1476,3
17,1980,3
1803,1049,3
113,253,3
1964,741,3
39,1513,3
1623,255,3
58,1682,3
39,1717,3
17,1690,3
17,1576,3
1676,799,3
118,1647,3
1838,239,3
1965,709,3
86,1600,3
1513,332,3
17,1487,3
1964,742,3
67,1567,3
17,1470,3
38,1734,3
1673,1676,3
19,127,3
87,146,3
19,126,3
1963,766,3
113,1087,3
118,1581,3
1673,1679,3
118,1583,3
1452,1635,3
1452,1614,3
1836,1396,3
1804,1832,3
19,11,3
38,1908,3
1804,1826,3
18,1979,3
1624,1592,3
1836,1820,3
1452,377,3
1963,1755,3
1673,1840,3
1963,1836,3
1673,1884,3
1674,9,3
1674,189,3
18,1716,3
1451,1621,3
17,1473,3
39,1743,3
1919,1827,3
16,260,3
1801,1846,3
16,1648,3
1448,1611,3
16,1499,3
1909,1792,3
1909,1641,3
16,1463,3
1966,1831,3
1619,1491,3
1909,736,3
16,728,3
1909,326,3
16,438,3
118,1713,3
16,1836,3
1908,1800,3
1967,391,3
1967,491,3
40,1507,3
1619,512,3
1448,46,3
1683,1051,3
1967,737,3
1447,1659,3
40,1530,3
1967,758,3
1908,1720,3
68,526,3
1966,1046,3
1448,1617,3
1965,740,3
1802,1056,3
39,1749,3
1965,1477,3
1965,1805,3
113,20,3
1966,78,3
1449,878,3
39,1895,3
1966,734,3
1910,1809,3
68,254,3
1966,739,3
1966,746,3
1678,187,3
17,124,3
1910,708,3
1966,752,3
1966,757,3
1910,1789,3
1514,101,3
1679,617,3
1679,1819,3
112,1855,3
1680,830,3
1910,1722,3
1966,764,3
1620,1872,3
1514,912,3
1515,89,3
1453,1243,3
1963,763,3
1673,1673,3
1961,732,3
20,1346,3
1457,1674,3
1809,658,3
1457,1613,3
1960,1845,3
1666,1687,3
1457,96,3
1961,396,3
1667,1242,3
1961,731,3
1456,1660,3
1667,1252,3
1809,36,3
20,1151,3
1960,1841,3
1507,106,3
1667,1324,3
66,470,3
1456,1593,3
66,522,3
66,597,3
66,669,3
118,1465,3
1667,1706,3
1961,1475,3
1961,1730,3
20,643,3
1456,715,3
1960,1842,3
1666,827,3
1836,484,3
1809,1287,3
1959,1196,3
1458,1695,3
1665,598,3
1810,203,3
1505,450,3
1834,1549,3
1505,643,3
65,1943,3
118,1343,3
1919,765,3
1959,1578,3
1919,762,3
1959,1797,3
1959,1915,3
1960,1730,3
1505,1536,3
1960,52,3
1628,1868,3
1809,1065,3
88,1644,3
1505,1558,3
118,1403,3
20,1741,3
1918,1796,3
1506,104,3
1628,1588,3
88,1629,3
1666,824,3
1961,1838,3
118,1469,3
1961,1842,3
1625,640,3
1917,760,3
1917,731,3
1805,1850,3
1454,1655,3
67,542,3
67,796,3
1962,872,3
38,448,3
1454,1644,3
1454,1601,3
1671,1244,3
1671,1301,3
1671,1503,3
1672,604,3
1455,1695,3
1962,1837,3
1916,747,3
67,937,3
1962,1942,3
1805,1469,3
38,1269,3
1916,428,3
1508,1873,3
1963,753,3
1836,471,3
38,1495,3
1672,1893,3
38,1559,3
1805,1866,3
1625,798,3
1454,1850,3
1917,1784,3
37,1463,3
1962,80,3
99,1765,3
1808,454,3
1455,1613,3
1455,1585,3
118,1481,3
1507,646,3
66,1659,3
1807,1783,3
1507,1714,3
19,1814,3
19,1747,3
59,504,3
1806,1828,3
1455,1243,3
1508,94,3
19,1675,3
1508,95,3
37,1569,3
1508,105,3
1670,1173,3
1455,425,3
1962,732,3
1962,737,3
87,1567,3
1917,1793,3
1517,380,3
1683,1865,3
68,669,3
1613,362,3
1613,1775,3
69,423,3
1972,1825,3
1440,290,3
1613,1692,3
1796,1822,3
1439,1695,3
1703,1588,3
1439,1596,3
1613,1587,3
1902,709,3
1973,259,3
1796,1016,3
69,925,3
57,1407,3
1704,931,3
1439,1378,3
1613,229,3
1439,1361,3
12,618,3
1704,1549,3
1901,1930,3
119,1597,3
119,1598,3
1612,1771,3
1612,1693,3
1526,1396,3
1842,1833,3
1702,1307,3
1440,296,3
1523,1188,3
12,1833,3
42,1489,3
1972,388,3
69,69,3
1701,1088,3
1701,1351,3
1797,1041,3
1903,1926,3
1903,1500,3
1972,768,3
1797,55,3
69,292,3
12,1922,3
69,308,3
1441,1546,3
82,1992,3
57,1623,3
57,1496,3
119,1473,3
1525,1266,3
12,1805,3
12,1711,3
1972,1204,3
119,1479,3
83,259,3
1796,1980,3
119,1486,3
1902,1774,3
57,1473,3
1973,1045,3
12,216,3
1438,1876,3
1793,59,3
43,1695,3
1975,720,3
1975,755,3
1975,766,3
1975,1024,3
1975,1823,3
1842,1865,3
1711,1189,3
11,266,3
1899,789,3
1529,1190,3
1899,58,3
11,257,3
82,92,3
12,35,3
119,1716,3
1792,1846,3
119,1722,3
1611,1358,3
1898,1754,3
1976,105,3
44,15,3
119,1729,3
1435,1566,3
1976,433,3
44,16,3
1843,1549,3
1530,495,3
1611,1693,3
1900,701,3
1794,57,3
1974,1825,3
111,1726,3
119,1639,3
82,1563,3
111,1717,3
1795,787,3
1438,1381,3
1794,1982,3
1707,1071,3
1794,1977,3
1900,1563,3
1900,1392,3
1973,1606,3
1708,1072,3
1708,1379,3
82,1075,3
1708,1676,3
1709,456,3
1437,1640,3
1437,1614,3
111,1711,3
1611,1786,3
11,1696,3
11,1492,3
1974,390,3
43,1495,3
57,522,3
1974,1029,3
1442,368,3
1614,1361,3
85,938,3
1518,1352,3
1689,1890,3
1840,1220,3
1907,1905,3
1907,1835,3
1907,1649,3
1799,1241,3
1799,1050,3
1445,1640,3
1907,1641,3
1690,1105,3
14,1553,3
1690,1834,3
1907,912,3
1969,734,3
112,1704,3
1969,736,3
1907,740,3
1519,68,3
1840,1850,3
1969,1649,3
1519,1179,3
58,311,3
1519,1190,3
84,525,3
41,1468,3
1520,333,3
1692,445,3
58,307,3
1689,424,3
14,1987,3
1841,1855,3
1446,1630,3
1684,1122,3
1967,1840,3
40,1771,3
1908,1531,3
85,315,3
1800,1347,3
1446,1753,3
118,1781,3
1839,582,3
112,1716,3
15,924,3
1684,1849,3
1686,246,3
118,1791,3
1968,768,3
68,927,3
112,1712,3
1839,1476,3
1968,711,3
1800,1087,3
40,1982,3
112,1706,3
1446,1561,3
1840,590,3
1688,242,3
1688,300,3
1840,715,3
1446,1450,3
83,1930,3
1615,1886,3
14,756,3
1971,1077,3
1905,1899,3
1905,1754,3
1697,1738,3
83,1463,3
1614,1777,3
1905,766,3
1797,1835,3
1841,1826,3
1643,612,3
1698,422,3
1522,1186,3
1443,369,3
68,1982,3
119,1344,3
1692,1246,3
1905,765,3
13,741,3
1442,1588,3
42,585,3
42,586,3
1905,761,3
1905,716,3
1699,1336,3
1614,1775,3
1797,1824,3
112,610,3
1904,1807,3
101,1712,3
83,1648,3
1614,1898,3
1971,74,3
1841,831,3
1615,1692,3
68,1713,3
1444,1614,3
1615,1359,3
1692,1342,3
1798,1781,3
14,260,3
41,1497,3
1798,55,3
1444,1529,3
1906,1779,3
1797,1857,3
1693,176,3
1841,471,3
1444,368,3
13,1988,3
1693,1088,3
1693,1204,3
1693,1345,3
1444,98,3
1615,1354,3
1693,1877,3
1521,1179,3
1615,1353,3
13,1601,3
57,1954,3
1615,630,3
1834,1396,3
21,109,3
1713,1330,3
1497,1574,3
32,1709,3
1827,139,3
1942,402,3
1942,427,3
1482,1068,3
27,390,3
1820,1934,3
1482,627,3
32,1749,3
1820,1778,3
1652,812,3
32,1771,3
1942,752,3
116,1664,3
1942,80,3
27,11,3
1942,1848,3
1820,100,3
1497,1582,3
1943,208,3
1929,857,3
1827,1258,3
1639,253,3
26,1782,3
1943,701,3
26,1653,3
1943,731,3
1943,746,3
1651,1255,3
1497,1183,3
26,1489,3
1940,1636,3
1650,1871,3
1650,1875,3
1939,1915,3
63,282,3
1940,94,3
1940,402,3
1496,1566,3
1940,1055,3
1483,1107,3
28,137,3
1940,1290,3
27,1981,3
1483,1104,3
1940,1717,3
27,806,3
1483,512,3
1940,1720,3
27,1766,3
63,311,3
1821,16,3
1651,230,3
1651,240,3
27,1476,3
61,312,3
1651,621,3
1941,1722,3
1941,1724,3
1483,161,3
1481,638,3
26,1476,3
113,1711,3
1927,721,3
1945,1547,3
63,1493,3
1477,152,3
1927,725,3
1653,1782,3
1653,1872,3
116,1832,3
1946,335,3
1653,1875,3
1946,369,3
1946,709,3
91,1912,3
1946,724,3
1653,1919,3
60,1594,3
1946,1552,3
1828,1521,3
1828,1778,3
25,1548,3
1498,1588,3
1828,1808,3
60,1473,3
1946,1901,3
25,1467,3
1927,720,3
1476,1545,3
1828,1809,3
1654,603,3
1653,1771,3
1945,1044,3
1819,1569,3
1653,250,3
1652,1872,3
1827,1798,3
1819,1055,3
1652,1876,3
1652,1877,3
1944,725,3
1944,740,3
1652,1887,3
1928,732,3
26,761,3
1480,621,3
26,661,3
116,1711,3
33,404,3
1477,1504,3
1653,255,3
1819,473,3
92,1502,3
1944,1744,3
1498,108,3
1944,1777,3
1638,730,3
1653,801,3
1498,633,3
1638,660,3
92,1463,3
1653,1273,3
1653,1662,3
1650,1745,3
1821,1600,3
32,1580,3
29,1520,3
29,1754,3
1644,661,3
62,316,3
31,395,3
115,1722,3
1488,1497,3
1488,1422,3
1936,84,3
1493,719,3
1645,70,3
29,1654,3
1936,292,3
1645,360,3
1645,592,3
1488,1661,3
1823,284,3
1493,1859,3
1823,169,3
1936,736,3
1488,1176,3
1936,737,3
1494,104,3
1646,216,3
1936,1125,3
1825,1844,3
31,1467,3
1646,611,3
1646,684,3
115,1717,3
1641,1886,3
28,661,3
1934,182,3
1491,434,3
30,1721,3
61,1610,3
1643,613,3
61,1502,3
1491,393,3
1643,660,3
1934,81,3
1643,661,3
30,1464,3
1490,1855,3
1490,1739,3
61,1683,3
1643,244,3
31,378,3
1642,1119,3
1490,1176,3
1825,43,3
1642,654,3
1492,343,3
1824,1138,3
115,1679,3
1934,1935,3
30,619,3
30,369,3
1824,549,3
30,139,3
1825,269,3
1646,1341,3
94,1714,3
1822,1785,3
62,1549,3
1648,1586,3
1640,604,3
96,1713,3
1485,1981,3
1930,1759,3
1826,1059,3
1930,1753,3
1937,1925,3
1485,1757,3
1648,1728,3
28,1599,3
1648,1872,3
1930,1296,3
1938,783,3
1640,1706,3
1649,1341,3
1485,849,3
1485,509,3
1826,1249,3
1495,1576,3
1821,1797,3
1930,199,3
1649,1870,3
1939,738,3
1649,1920,3
1821,1774,3
96,1771,3
1639,1185,3
1486,1384,3
1822,546,3
28,1908,3
1648,1341,3
1488,105,3
31,1496,3
115,1800,3
1487,1867,3
31,1506,3
1825,1861,3
31,1541,3
1647,130,3
1487,1536,3
1822,1755,3
1822,1752,3
1647,182,3
1931,1589,3
1640,663,3
1937,355,3
1647,1288,3
1647,1341,3
1647,1919,3
1937,734,3
1487,1177,3
1487,619,3
1487,570,3
1487,510,3
1822,547,3
62,1407,3
1931,199,3
1937,1040,3
63,1740,3
1654,1077,3
114,1730,3
1632,591,3
117,1715,3
1464,1366,3
1955,168,3
1660,1385,3
1813,539,3
35,1909,3
1955,491,3
117,1723,3
1813,99,3
117,1724,3
59,1713,3
1632,618,3
1501,1586,3
1661,595,3
1660,1380,3
1463,1463,3
1632,214,3
1833,1537,3
1661,1255,3
1661,1259,3
59,1513,3
1462,1631,3
1921,759,3
65,391,3
59,1496,3
1631,1569,3
99,438,3
1921,734,3
117,1714,3
1922,37,3
1953,164,3
35,1794,3
1466,1222,3
1659,1253,3
1659,1264,3
35,1557,3
1922,754,3
35,1586,3
1813,1111,3
1813,1016,3
1501,1523,3
1922,739,3
35,1707,3
1813,821,3
1953,1724,3
22,1765,3
1954,1898,3
1660,241,3
1953,1756,3
22,1510,3
22,1474,3
1922,721,3
1813,697,3
1660,278,3
1953,1830,3
90,443,3
1813,693,3
1954,428,3
1954,738,3
1464,1633,3
36,807,3
1502,363,3
99,439,3
65,1483,3
1663,1680,3
36,1622,3
1834,226,3
1958,747,3
1920,768,3
1834,550,3
1958,1050,3
1811,629,3
1460,1647,3
117,1921,3
36,1703,3
36,1719,3
1810,1837,3
118,864,3
99,440,3
65,1601,3
1958,1845,3
1810,1791,3
36,1785,3
21,678,3
1664,1237,3
1810,1401,3
1664,1255,3
1834,816,3
1504,450,3
21,644,3
1629,646,3
1505,94,3
1630,1570,3
1663,1662,3
1958,372,3
1461,1231,3
1955,1757,3
1833,1811,3
1502,450,3
1662,1558,3
1461,1979,3
1956,1147,3
65,534,3
1662,1669,3
117,1793,3
1833,1843,3
65,903,3
117,1799,3
1631,803,3
1957,31,3
1812,551,3
1663,604,3
99,846,3
1957,766,3
1461,1361,3
21,1525,3
1663,1248,3
1920,1760,3
1502,1185,3
36,1494,3
1503,90,3
1920,1720,3
1958,167,3
1659,1032,3
1632,1899,3
1818,7,3
117,1465,3
1829,45,3
1949,71,3
1949,721,3
1655,813,3
1949,736,3
1829,825,3
1472,648,3
1925,917,3
64,301,3
1829,1008,3
1471,1232,3
1635,1348,3
1830,258,3
1655,1907,3
1948,1990,3
34,670,3
1635,660,3
1924,1939,3
24,1560,3
1924,1908,3
1924,1722,3
1815,1768,3
1924,1602,3
1830,609,3
1656,1255,3
64,416,3
91,1069,3
1499,1540,3
97,1772,3
1636,660,3
1922,1602,3
1637,610,3
117,8,3
1654,1661,3
1499,239,3
1637,1215,3
1926,1719,3
1926,1608,3
33,1475,3
114,1715,3
1654,1667,3
114,1713,3
1926,728,3
1947,1059,3
1947,1482,3
1474,1579,3
1948,1940,3
1947,1894,3
1947,1936,3
1637,609,3
1817,250,3
1948,126,3
1948,717,3
1654,1873,3
1499,1516,3
1499,1519,3
1637,602,3
1948,1544,3
1948,1546,3
1636,661,3
1635,657,3
1924,1601,3
1656,1684,3
59,1958,3
1831,1550,3
1468,620,3
23,1792,3
1633,1380,3
1467,1976,3
1923,739,3
1814,818,3
64,1641,3
1831,1704,3
23,1667,3
1951,1753,3
1951,1831,3
1467,1434,3
1500,1613,3
1949,1940,3
1923,197,3
1952,220,3
1633,596,3
1501,362,3
1633,595,3
59,1956,3
1952,1548,3
117,1652,3
1922,1835,3
1922,1755,3
1466,1983,3
23,598,3
1466,1553,3
1657,1193,3
23,1988,3
1500,359,3
1814,1791,3
1656,1709,3
98,886,3
98,915,3
91,930,3
24,1298,3
1656,1786,3
1499,1568,3
1469,1216,3
1815,675,3
1634,598,3
1815,227,3
24,938,3
1950,1736,3
1950,1849,3
1923,1800,3
1831,595,3
1656,1868,3
1831,954,3
1499,1582,3
1831,1012,3
1923,1759,3
1951,75,3
1814,1850,3
1633,1901,3
1468,1276,3
1633,1655,3
1657,589,3
1611,245,3
68,1967,3
1555,1895,3
49,1571,3
77,523,3
4,50,3
1853,1759,3
121,1735,3
1882,1755,3
1743,1648,3
1882,1686,3
77,495,3
77,494,3
1743,1987,3
48,1713,3
1988,1676,3
1777,638,3
48,1726,3
54,523,3
1988,1820,3
1416,1603,3
1882,1680,3
1416,1564,3
1744,1083,3
1559,893,3
1853,1814,3
1744,1789,3
121,1747,3
108,1715,3
1882,355,3
1776,1067,3
1743,58,3
1742,1212,3
1742,57,3
77,1535,3
1556,1252,3
1418,1584,3
1852,1830,3
1883,1093,3
1740,1208,3
1418,1567,3
1418,1192,3
1777,1854,3
1883,207,3
1883,202,3
1777,1820,3
1777,1811,3
1740,1344,3
1988,752,3
1557,1369,3
1740,1808,3
1418,621,3
1777,1755,3
1988,98,3
1595,1868,3
1853,964,3
1417,1638,3
1777,1549,3
77,1078,3
1988,371,3
1741,1643,3
1416,1517,3
1776,1027,3
1989,751,3
1747,1807,3
1593,1875,3
1415,422,3
1879,1821,3
1747,1520,3
1747,1654,3
1563,897,3
53,1713,3
1564,458,3
1414,1580,3
1414,1566,3
3,650,3
1774,1031,3
1414,1543,3
1746,1985,3
3,1,3
49,1477,3
1774,651,3
1414,1518,3
72,488,3
1748,1639,3
122,1069,3
1990,761,3
1748,1642,3
1879,198,3
49,1531,3
1748,1777,3
1415,423,3
1594,28,3
1882,195,3
1881,202,3
76,1990,3
1416,520,3
1882,132,3
1416,423,3
121,1790,3
1745,1521,3
1745,1928,3
1854,328,3
1881,1822,3
1881,1799,3
1854,591,3
1881,203,3
1746,1369,3
1775,320,3
1881,194,3
1746,1522,3
3,1115,3
1880,1782,3
1989,1343,3
1746,1524,3
1415,1541,3
1415,1506,3
1746,1636,3
1415,1147,3
1989,1696,3
1775,658,3
4,1274,3
1418,1929,3
1987,1761,3
1985,1413,3
1548,642,3
1735,1213,3
54,1741,3
1889,200,3
1851,586,3
1985,754,3
54,1714,3
1421,1874,3
1421,1619,3
1736,1062,3
1736,1635,3
1782,1755,3
78,1058,3
1735,1081,3
5,1996,3
1736,1954,3
47,1407,3
1782,1042,3
1599,1767,3
1737,490,3
47,1470,3
121,1505,3
1985,1808,3
1782,589,3
47,1476,3
47,1504,3
54,1754,3
1889,1544,3
47,1511,3
1423,1538,3
1784,1834,3
1784,1830,3
1733,1100,3
1890,1777,3
1544,1819,3
1850,1352,3
6,1711,3
1733,1982,3
1850,1507,3
1545,1592,3
70,1544,3
1601,1777,3
1734,1998,3
1984,1806,3
1546,1947,3
104,773,3
1890,198,3
1889,1954,3
121,261,3
1851,581,3
121,263,3
1422,1581,3
1783,1267,3
1889,1808,3
1547,1281,3
1851,585,3
1985,1826,3
47,1534,3
1852,1218,3
1419,1212,3
1851,1829,3
1885,566,3
1986,1638,3
1986,1755,3
1553,1848,3
1419,1410,3
48,456,3
1986,1834,3
48,458,3
1987,51,3
48,633,3
5,57,3
1778,1867,3
1779,1759,3
1596,1584,3
1852,983,3
1778,1805,3
1778,1761,3
1596,1581,3
1987,755,3
1792,1140,3
71,12,3
1987,877,3
1419,632,3
71,354,3
1987,1461,3
1739,1100,3
1851,1810,3
1781,1760,3
47,1682,3
1737,1806,3
1737,1808,3
1887,74,3
1550,1202,3
1781,1754,3
1737,1985,3
1420,1211,3
1781,1732,3
77,1982,3
1738,936,3
54,1628,3
1551,60,3
1780,1838,3
1738,1784,3
1420,1079,3
47,1683,3
1851,1217,3
1780,1827,3
1886,193,3
109,965,3
1780,1755,3
1552,314,3
1552,1253,3
1851,1754,3
1552,1859,3
1780,95,3
53,1488,3
1855,362,3
1890,1874,3
1413,1548,3
106,1726,3
1858,1836,3
1765,13,3
75,391,3
1865,145,3
1405,1589,3
1997,1998,3
1405,1553,3
1405,1543,3
1405,1529,3
1757,646,3
1998,35,3
1998,91,3
1864,1788,3
1864,974,3
106,1710,3
1578,1604,3
0,1298,3
1579,779,3
123,1716,3
1764,76,3
1863,1807,3
1404,1499,3
1763,1922,3
1584,1594,3
1579,1899,3
73,1981,3
75,491,3
1997,1846,3
1584,1959,3
1997,338,3
1407,1597,3
1407,1558,3
1755,654,3
1996,1793,3
1996,1846,3
1576,539,3
1996,1999,3
1766,893,3
1997,1,3
1868,950,3
1756,294,3
0,1644,3
51,1616,3
1858,1755,3
73,1407,3
1766,700,3
1406,1630,3
1997,696,3
1867,580,3
0,1481,3
1406,1548,3
1756,657,3
1576,1744,3
1765,1985,3
1858,1184,3
1577,779,3
1998,500,3
1580,1582,3
1998,706,3
1403,1371,3
1863,520,3
1861,1751,3
106,963,3
1999,1254,3
1760,1953,3
1582,463,3
1403,1374,3
106,768,3
1759,1985,3
1760,1246,3
74,919,3
74,1069,3
1582,1588,3
1759,893,3
1582,1595,3
1760,230,3
1999,1752,3
1862,162,3
1582,1599,3
1999,1854,3
1760,536,3
1999,1869,3
1760,446,3
1862,1739,3
1582,1600,3
1862,1679,3
1861,1499,3
1403,1563,3
1863,1799,3
1863,1012,3
1404,1375,3
1404,1179,3
73,1988,3
123,1724,3
1580,1594,3
1998,1753,3
52,1506,3
1763,74,3
1860,1777,3
1762,1985,3
1863,1672,3
1404,697,3
1759,70,3
123,1911,3
1404,422,3
1762,704,3
1998,1999,3
52,1479,3
1863,604,3
52,349,3
1581,1590,3
123,1781,3
52,550,3
74,496,3
1403,1977,3
0,939,3
1996,1223,3
1868,952,3
1754,1783,3
75,1990,3
1567,1602,3
105,963,3
1855,1751,3
1568,539,3
1751,609,3
1568,637,3
1411,1527,3
2,734,3
1590,649,3
107,1710,3
1991,1819,3
1991,1821,3
1991,1993,3
1772,1954,3
1876,427,3
1876,354,3
1771,1909,3
1875,1791,3
1751,1918,3
75,1986,3
1856,981,3
1410,1922,3
1751,1985,3
1589,477,3
122,1713,3
1752,459,3
1991,764,3
1412,623,3
50,1502,3
1991,100,3
1990,768,3
1413,1547,3
49,1665,3
1879,134,3
2,1480,3
72,514,3
2,1464,3
72,515,3
1749,1791,3
1591,1859,3
107,1760,3
105,310,3
1750,51,3
1567,637,3
1566,1202,3
105,446,3
2,1278,3
1412,1588,3
2,1275,3
72,522,3
1412,1561,3
1412,1552,3
76,498,3
1567,636,3
1773,645,3
1412,629,3
1752,649,3
1,1489,3
1408,1539,3
1754,413,3
1410,423,3
51,616,3
53,663,3
1409,1925,3
1856,1627,3
73,391,3
1586,1884,3
1,269,3
1871,971,3
1,140,3
1,139,3
1871,969,3
73,487,3
1994,765,3
1871,966,3
53,595,3
1,2,3
1,0,3
1408,1591,3
1408,1558,3
1573,877,3
0,1970,3
105,1718,3
1869,1087,3
1573,1608,3
1573,1869,3
75,1713,3
1753,1783,3
50,1713,3
1770,641,3
1993,5,3
1874,202,3
1993,97,3
1873,1200,3
122,1720,3
1,1448,3
1873,409,3
1770,1051,3
1873,192,3
1993,764,3
1752,1806,3
1872,1409,3
1569,1590,3
1871,983,3
1769,1465,3
1856,1203,3
51,311,3
1,1256,3
1994,105,3
72,1981,3
1769,656,3
1570,877,3
1768,1102,3
1571,538,3
1571,539,3
1994,490,3
7,7,3
1491,720,3
1609,1786,3
45,1619,3
1892,1788,3
1787,923,3
1721,1098,3
102,1715,3
1977,1842,3
1892,760,3
1721,1083,3
1532,1991,3
1426,1614,3
1610,1358,3
1720,1100,3
1847,1199,3
1787,583,3
1977,1840,3
1609,1784,3
1977,1838,3
1532,1371,3
1426,1553,3
8,771,3
1431,1575,3
1892,1923,3
1728,1427,3
1896,1483,3
1981,855,3
1426,1635,3
80,1794,3
1790,1844,3
1893,205,3
1982,98,3
1893,202,3
1539,466,3
1539,688,3
1728,1060,3
1728,1332,3
44,1685,3
1844,65,3
1846,1824,3
119,1921,3
1539,1190,3
120,1694,3
1896,1684,3
1892,741,3
120,1714,3
1719,1097,3
120,1715,3
1719,1095,3
120,1722,3
110,422,3
1786,1027,3
110,74,3
1791,646,3
1718,1098,3
1848,1920,3
81,1058,3
1892,707,3
1791,1008,3
1786,604,3
8,17,3
1540,1567,3
1791,1051,3
44,1516,3
1786,1752,3
44,1594,3
70,512,3
1609,1836,3
1425,1655,3
1786,1852,3
44,1567,3
1532,1357,3
1982,1042,3
1604,1806,3
55,1633,3
55,1619,3
1848,564,3
55,1551,3
1844,46,3
1433,290,3
10,261,3
44,1538,3
120,1708,3
1848,1828,3
1978,78,3
9,1862,3
1981,767,3
1894,778,3
1893,1923,3
1724,700,3
1609,249,3
1537,893,3
1979,766,3
56,267,3
56,264,3
110,1718,3
1428,1633,3
1893,1818,3
1788,1410,3
9,1,3
1980,785,3
8,1978,3
110,1714,3
1980,1793,3
1537,1190,3
1726,1083,3
120,1462,3
1609,465,3
69,1713,3
1845,1831,3
110,1739,3
103,374,3
80,1083,3
1725,1098,3
1979,1940,3
1894,732,3
1980,38,3
1536,1674,3
1980,705,3
1789,1023,3
1608,1776,3
1537,332,3
103,262,3
1845,1550,3
1429,1550,3
1979,1559,3
8,1747,3
1723,1116,3
1845,577,3
120,1599,3
1538,1188,3
1787,1409,3
1533,1358,3
1427,1626,3
1727,1107,3
80,9,3
1430,1654,3
1430,1655,3
9,1665,3
1533,1313,3
1981,284,3
1981,398,3
1609,1357,3
1728,271,3
1609,1777,3
1609,1779,3
1728,277,3
1607,1786,3
1787,1554,3
56,263,3
1722,1102,3
45,603,3
45,587,3
1979,85,3
1726,1175,3
1787,1821,3
1789,1963,3
1895,1761,3
1608,250,3
1845,1351,3
69,1700,3
1609,1101,3
1430,1644,3
1537,1674,3
1722,1110,3
1538,687,3
8,1659,3
9,1511,3
1983,97,3
1429,1572,3
1716,1195,3
1791,1631,3
1983,749,3
1891,749,3
1792,849,3
81,1483,3
1891,733,3
1784,1867,3
1425,1204,3
1715,1084,3
46,1473,3
1434,1560,3
1892,194,3
1891,720,3
69,1582,3
1792,1059,3
1541,1736,3
1850,1189,3
1604,1594,3
46,661,3
10,1471,3
1791,1404,3
55,263,3
7,437,3
1425,810,3
1716,1104,3
1849,1797,3
1849,1811,3
44,714,3
1603,1775,3
1716,1441,3
56,1771,3
1891,769,3
1424,1625,3
1425,475,3
1610,1779,3
1603,1778,3
1891,757,3
1891,755,3
119,1788,3
69,1610,3
1732,1985,3
56,1713,3
1898,59,3
1898,1055,3
1433,1565,3
10,1779,3
1891,344,3
1898,1495,3
1892,698,3
1898,1490,3
1714,544,3
1531,1382,3
1714,1344,3
1785,1845,3
1892,204,3
1731,442,3
1984,254,3
1602,1741,3
1610,1780,3
1530,1181,3
1897,750,3
10,1495,3
1984,737,3
1845,1222,2
1861,1820,2
1828,249,2
1829,47,2
616,447,2
622,1370,2
1825,174,2
1828,1007,2
585,872,2
1828,1226,2
568,1256,2
615,1671,2
622,1730,2
568,1276,2
1824,1856,2
567,1273,2
1862,139,2
622,1742,2
567,1271,2
1843,600,2
622,1425,2
1843,369,2
567,1265,2
580,1246,2
568,1278,2
565,1279,2
615,1601,2
616,449,2
1829,81,2
581,1258,2
1861,1453,2
1845,822,2
622,621,2
1841,1938,2
616,529,2
1845,595,2
1842,1958,2
1856,1625,2
622,1263,2
567,1232,2
1861,1112,2
568,1321,2
622,583,2
584,1226,2
584,1220,2
1843,200,2
568,1310,2
1827,1935,2
1841,1867,2
616,474,2
567,1258,2
584,1308,2
622,1137,2
584,1339,2
1828,42,2
1845,844,2
1856,1624,2
1855,1993,2
567,1260,2
616,463,2
586,471,2
1825,446,2
567,1275,2
623,187,2
585,1288,2
624,179,2
568,548,2
1828,1848,2
614,1819,2
579,1312,2
1843,1230,2
614,446,2
1843,1073,2
579,1544,2
1845,1820,2
1824,1939,2
568,517,2
579,1591,2
580,586,2
565,1275,2
623,1136,2
568,1058,2
1841,1840,2
579,1285,2
585,1329,2
1845,1542,2
623,1673,2
568,1257,2
1856,951,2
1845,1541,2
585,1526,2
568,1248,2
614,1742,2
614,1353,2
1841,1835,2
1828,1898,2
1862,1193,2
1845,1552,2
1843,1797,2
615,442,2
568,456,2
1845,1394,2
623,582,2
1856,1182,2
567,1303,2
580,1033,2
567,1300,2
585,1293,2
1856,1194,2
580,1034,2
580,1194,2
567,1280,2
1825,45,2
1843,819,2
1856,1201,2
614,874,2
1824,1936,2
567,1278,2
623,444,2
568,1265,2
623,447,2
1828,1934,2
1843,831,2
623,580,2
567,1830,2
623,575,2
623,552,2
623,453,2
1828,1937,2
568,1261,2
614,435,2
567,1501,2
581,1250,2
1829,44,2
1856,809,2
1856,185,2
1841,1953,2
1825,1864,2
1842,1940,2
566,1256,2
582,1276,2
1826,1856,2
618,450,2
1858,1834,2
1826,1855,2
1842,1843,2
618,1018,2
566,1258,2
1842,1837,2
580,1285,2
1826,1826,2
619,436,2
1826,1528,2
1860,1624,2
1826,1232,2
1843,1827,2
619,461,2
1858,1914,2
1842,1845,2
583,324,2
1859,1623,2
1826,1935,2
621,440,2
617,502,2
566,1266,2
1842,1836,2
617,511,2
1843,1807,2
1826,1947,2
617,740,2
1858,452,2
1826,1864,2
1826,1932,2
1842,1848,2
1858,1202,2
617,1412,2
618,435,2
583,889,2
1825,1856,2
1843,1811,2
1843,1835,2
619,554,2
622,579,2
620,561,2
1843,1991,2
566,896,2
1843,1939,2
620,1134,2
619,1296,2
582,1292,2
582,1313,2
581,446,2
580,1298,2
566,541,2
1843,1909,2
581,270,2
566,1231,2
1860,362,2
1860,607,2
566,1210,2
582,1331,2
1825,1936,2
1860,307,2
1826,1113,2
619,1130,2
582,1711,2
583,323,2
619,1131,2
1842,1842,2
581,1220,2
619,1132,2
582,1278,2
620,1418,2
1844,45,2
619,1136,2
619,1211,2
582,1279,2
619,1199,2
619,1207,2
565,1480,2
1860,149,2
1860,1150,2
620,1415,2
620,1199,2
621,441,2
617,447,2
1842,1829,2
1861,10,2
566,1723,2
566,1502,2
1842,974,2
621,1726,2
581,1942,2
1842,1023,2
584,324,2
616,1598,2
582,1056,2
566,1786,2
621,1687,2
565,1291,2
1842,1037,2
584,257,2
1825,1732,2
583,1696,2
1856,1752,2
566,1434,2
581,1739,2
1825,1422,2
583,1263,2
567,456,2
616,533,2
1844,1955,2
616,1135,2
616,1136,2
1861,144,2
1856,1652,2
581,1301,2
616,1151,2
620,465,2
1827,1595,2
584,1217,2
1842,364,2
616,1198,2
566,1943,2
1827,1679,2
566,1824,2
1844,1811,2
622,571,2
616,1741,2
616,1773,2
565,1293,2
1842,1825,2
565,1309,2
1825,1837,2
1842,1038,2
1842,1808,2
1857,1831,2
621,566,2
1857,1838,2
617,444,2
1842,1850,2
1827,379,2
582,1249,2
1858,326,2
583,1274,2
1843,1804,2
565,1310,2
565,1312,2
1825,1849,2
612,1818,2
1825,1834,2
621,1180,2
583,1311,2
1857,1499,2
566,1314,2
566,1284,2
566,1281,2
1825,1820,2
566,1280,2
583,1547,2
566,1279,2
1857,577,2
1827,99,2
1857,747,2
1825,1832,2
565,1294,2
1857,1221,2
580,1279,2
582,1223,2
1826,1953,2
565,1305,2
594,580,2
587,1238,2
1829,1010,2
599,1273,2
575,563,2
575,550,2
1835,552,2
1851,1224,2
591,1333,2
1835,257,2
599,1211,2
1839,361,2
599,1231,2
599,1270,2
1851,1359,2
1835,714,2
1851,1506,2
574,1944,2
574,1337,2
1835,226,2
1834,1941,2
1851,1788,2
574,1282,2
574,1275,2
591,1308,2
574,1258,2
1839,272,2
1835,1197,2
591,735,2
1835,1400,2
1849,913,2
1839,25,2
1835,1548,2
592,1215,2
598,1240,2
598,1272,2
598,1275,2
1849,745,2
1848,1929,2
577,1307,2
575,1254,2
599,515,2
1835,1215,2
598,1294,2
592,772,2
598,1468,2
599,511,2
592,553,2
577,1309,2
592,547,2
1851,1205,2
575,1059,2
599,1394,2
1848,1919,2
1851,838,2
573,1277,2
600,1271,2
600,1294,2
578,536,2
1848,1189,2
1852,1089,2
590,1308,2
1839,366,2
1839,367,2
1839,369,2
1852,1199,2
578,1240,2
1839,364,2
601,477,2
573,1259,2
1848,562,2
601,511,2
1852,1687,2
578,1268,2
573,1243,2
601,608,2
1848,373,2
601,622,2
1834,1552,2
1848,1210,2
1834,1780,2
1848,1850,2
1851,1865,2
1851,1896,2
574,551,2
573,1821,2
600,585,2
573,1313,2
600,588,2
573,1312,2
591,437,2
577,1322,2
1852,588,2
577,1328,2
600,644,2
600,645,2
1834,1745,2
1834,1628,2
573,1293,2
1852,748,2
600,870,2
1839,362,2
600,1238,2
590,1310,2
575,1260,2
1849,974,2
573,456,2
596,515,2
1837,624,2
595,1304,2
1851,143,2
595,1308,2
595,1310,2
595,1325,2
576,1274,2
593,1306,2
1837,509,2
1851,350,2
1838,715,2
595,1282,2
1836,1906,2
1836,1865,2
577,1058,2
596,1224,2
1838,720,2
1836,1540,2
1838,751,2
1850,569,2
1849,1827,2
576,1269,2
576,1285,2
576,1292,2
577,1250,2
1850,1788,2
576,1960,2
594,923,2
594,1212,2
576,1516,2
577,67,2
576,1503,2
593,1314,2
593,1307,2
577,498,2
594,1305,2
594,1307,2
1837,715,2
576,1312,2
594,1309,2
594,1311,2
594,1329,2
595,434,2
595,515,2
1837,1550,2
1850,1828,2
1837,874,2
595,1242,2
1836,1272,2
576,1268,2
598,1213,2
1849,1074,2
1838,1781,2
1838,1827,2
575,1447,2
598,514,2
598,516,2
575,1294,2
593,436,2
1835,1795,2
575,1281,2
593,435,2
592,1309,2
597,1285,2
1835,1778,2
577,1276,2
1849,1061,2
1838,1846,2
1838,1937,2
592,1299,2
598,715,2
598,880,2
1851,649,2
592,1238,2
1835,1836,2
575,1742,2
576,1267,2
597,515,2
576,1241,2
1838,1398,2
1838,1483,2
596,1716,2
577,1269,2
1849,1809,2
1849,1807,2
1836,1001,2
576,1218,2
1836,485,2
597,805,2
1836,98,2
576,553,2
1849,1785,2
575,1863,2
597,897,2
593,772,2
597,1214,2
575,1829,2
597,1222,2
1849,1215,2
597,1277,2
1839,715,2
1847,1952,2
1829,1837,2
1846,1183,2
1846,1184,2
587,1301,2
1841,367,2
570,704,2
587,1288,2
609,926,2
569,1793,2
579,1233,2
609,1344,2
1831,1901,2
1854,1834,2
579,706,2
1831,1845,2
1831,1823,2
1855,352,2
587,1252,2
609,1967,2
610,504,2
569,1310,2
610,505,2
1831,1552,2
610,629,2
609,448,2
1832,548,2
1831,1486,2
608,1989,2
1832,1826,2
588,1211,2
588,687,2
1840,1944,2
1854,644,2
1832,1008,2
1854,1257,2
578,1325,2
570,1286,2
570,1282,2
1854,1613,2
570,1235,2
587,1392,2
609,433,2
609,440,2
578,1477,2
1832,720,2
1854,1734,2
1854,1769,2
1841,313,2
578,1504,2
1854,1806,2
587,1241,2
610,1200,2
608,616,2
1841,1822,2
611,454,2
586,1333,2
611,1310,2
1846,527,2
1830,1367,2
1830,1031,2
569,1256,2
1841,1668,2
1841,1732,2
1855,1238,2
611,1989,2
586,1450,2
569,1234,2
569,1061,2
569,1060,2
612,442,2
1855,1251,2
586,1230,2
569,1031,2
569,542,2
1845,1889,2
1829,1932,2
1830,1827,2
1830,1830,2
594,294,2
569,1266,2
587,1226,2
1855,363,2
1831,1219,2
1841,546,2
1831,1031,2
569,1286,2
1841,824,2
569,1285,2
569,1270,2
1846,1077,2
1855,1024,2
611,443,2
1846,1070,2
1841,1023,2
1831,99,2
1855,1184,2
1855,1204,2
610,1656,2
587,687,2
1846,538,2
1841,1667,2
1830,1945,2
1840,1896,2
570,1309,2
601,624,2
605,344,2
578,1275,2
572,1252,2
1840,1160,2
572,1249,2
590,735,2
1833,1933,2
578,1276,2
590,239,2
604,597,2
572,1246,2
572,1245,2
604,188,2
1833,1923,2
1833,1851,2
1833,1850,2
589,1928,2
589,1537,2
605,1205,2
605,1304,2
578,1287,2
572,1222,2
589,1468,2
1853,1614,2
603,1274,2
605,1837,2
601,643,2
1834,1181,2
572,1818,2
572,1817,2
572,1501,2
572,1314,2
1847,1215,2
1847,1206,2
590,1236,2
1839,1662,2
1839,1867,2
1839,1937,2
1834,513,2
601,644,2
601,645,2
601,1776,2
572,1305,2
602,545,2
572,1300,2
1834,811,2
1847,542,2
602,1018,2
572,1292,2
589,1311,2
589,1309,2
1832,1837,2
1854,556,2
1840,1838,2
571,1247,2
588,1286,2
1833,551,2
607,887,2
1833,548,2
1833,489,2
571,1237,2
1840,1844,2
571,1228,2
571,264,2
1833,629,2
1840,1867,2
570,1696,2
1833,169,2
570,1504,2
570,1488,2
1846,1186,2
1832,1844,2
570,1324,2
588,1253,2
578,1304,2
588,1309,2
1840,1669,2
1846,1632,2
1846,1618,2
589,1300,2
1833,1837,2
589,1279,2
572,1221,2
589,1278,2
571,1661,2
1840,1538,2
578,1296,2
1853,1831,2
589,1255,2
606,450,2
607,12,2
571,1283,2
571,1277,2
606,835,2
606,887,2
1840,1668,2
571,1276,2
589,838,2
571,1267,2
588,1450,2
571,1260,2
1843,1755,2
1814,183,2
624,450,2
1787,265,2
1786,1835,2
1786,1847,2
716,724,2
716,719,2
716,694,2
716,663,2
716,610,2
716,512,2
716,497,2
1786,1820,2
716,439,2
1787,594,2
1787,644,2
716,257,2
715,1441,2
1787,1061,2
1787,1077,2
715,505,2
716,1160,2
716,1454,2
1785,1834,2
717,511,2
717,728,2
1785,1843,2
1785,1846,2
1785,1855,2
717,724,2
1785,1856,2
1786,636,2
717,694,2
717,503,2
1786,1780,2
717,499,2
717,495,2
717,489,2
717,459,2
717,458,2
1786,1761,2
717,199,2
716,1671,2
715,503,2
715,502,2
715,501,2
1788,1990,2
713,508,2
1788,1420,2
1788,1421,2
713,501,2
1788,1846,2
713,490,2
713,481,2
1788,1850,2
713,435,2
715,494,2
1789,52,2
713,212,2
712,1763,2
712,1510,2
1789,1051,2
712,1345,2
712,1183,2
712,830,2
713,526,2
713,556,2
1788,929,2
713,916,2
715,488,2
715,444,2
715,212,2
714,1251,2
714,883,2
714,512,2
1787,1263,2
714,505,2
714,487,2
1787,1754,2
714,440,2
714,226,2
713,1440,2
713,1406,2
713,1383,2
713,1364,2
1787,1755,2
717,752,2
1785,1830,2
701,657,2
720,511,2
1783,1123,2
720,1130,2
720,1128,2
720,948,2
720,724,2
720,673,2
720,666,2
1783,1756,2
1783,1821,2
720,1445,2
1783,1856,2
1783,1857,2
720,447,2
720,435,2
720,366,2
1783,1861,2
720,263,2
1784,749,2
720,1355,2
720,1446,2
1785,1827,2
1782,1674,2
1782,273,2
721,666,2
721,508,2
1782,645,2
721,497,2
1782,1124,2
721,479,2
721,227,2
1782,1753,2
720,1450,2
1782,1833,2
1783,646,2
1783,653,2
1783,1050,2
721,210,2
1783,1122,2
720,1481,2
720,1457,2
720,210,2
719,1458,2
719,1454,2
1785,1020,2
1785,100,2
718,1451,2
718,1449,2
718,1445,2
1785,272,2
1785,638,2
718,1196,2
718,739,2
718,709,2
1784,1763,2
718,694,2
1785,1053,2
1785,1110,2
718,499,2
1785,1439,2
717,1991,2
717,1443,2
1785,1757,2
719,327,2
1785,11,2
1784,1983,2
719,491,2
719,1453,2
1784,1811,2
1784,1821,2
1784,1824,2
719,1439,2
719,1319,2
719,730,2
1784,1837,2
719,721,2
719,713,2
1784,1844,2
1784,1857,2
719,511,2
1784,1860,2
719,500,2
719,499,2
719,496,2
712,743,2
712,738,2
712,514,2
1794,1291,2
705,492,2
1793,1841,2
1793,1980,2
1794,59,2
1794,955,2
1794,1240,2
1794,1246,2
704,1284,2
704,1019,2
705,570,2
704,1018,2
1794,1555,2
1794,1830,2
1794,1833,2
704,492,2
1794,1840,2
1794,1853,2
1794,1867,2
705,511,2
1793,1427,2
712,511,2
705,1727,2
706,570,2
706,511,2
706,502,2
706,485,2
1792,1866,2
706,342,2
706,222,2
705,1942,2
705,1405,2
705,668,2
1793,826,2
1793,1140,2
705,1355,2
705,1351,2
1793,1241,2
705,1099,2
705,731,2
705,719,2
1795,885,2
1795,972,2
703,717,2
702,440,2
1796,1096,2
702,509,2
1796,1294,2
702,501,2
702,500,2
702,493,2
1796,1748,2
702,476,2
1796,1848,2
1795,1027,2
701,1988,2
701,1773,2
701,1354,2
701,1325,2
701,971,2
1796,1850,2
1796,1857,2
701,735,2
1796,1089,2
702,513,2
1796,939,2
702,639,2
703,507,2
703,503,2
1795,1051,2
1795,1624,2
1795,1823,2
1795,1827,2
703,222,2
702,1407,2
1795,1849,2
1795,1982,2
1796,55,2
702,1020,2
702,1019,2
702,719,2
1796,788,2
1796,794,2
1796,886,2
1792,1842,2
706,1226,2
707,223,2
1790,1407,2
1789,1972,2
711,497,2
711,494,2
711,490,2
1790,654,2
711,435,2
710,1962,2
710,1816,2
710,1368,2
1790,1967,2
710,1367,2
710,1130,2
710,1129,2
710,811,2
1790,1851,2
710,514,2
1790,1867,2
710,503,2
711,502,2
1789,1968,2
1789,1964,2
711,511,2
712,506,2
712,505,2
712,496,2
712,492,2
1789,1411,2
1789,1816,2
711,1943,2
711,1406,2
711,1384,2
1789,1835,2
711,1351,2
711,1135,2
711,1132,2
711,1129,2
711,633,2
711,618,2
711,512,2
1790,1963,2
710,490,2
1792,1841,2
708,300,2
708,732,2
708,727,2
708,707,2
708,502,2
1791,1754,2
1791,1845,2
1792,71,2
708,489,2
1792,646,2
710,437,2
707,708,2
707,673,2
707,612,2
707,515,2
707,511,2
707,505,2
707,485,2
1792,1832,2
708,1175,2
1791,1253,2
1791,1245,2
1791,1235,2
1790,1968,2
710,435,2
710,221,2
709,1999,2
709,1800,2
709,1774,2
709,1479,2
709,1214,2
709,1022,2
709,694,2
709,516,2
1791,1009,2
709,499,2
709,494,2
709,449,2
709,435,2
708,1256,2
721,670,2
1782,16,2
1781,1854,2
1768,915,2
732,733,2
732,572,2
732,516,2
1768,642,2
732,504,2
732,503,2
732,501,2
732,499,2
1768,1075,2
732,1278,2
1768,1091,2
732,485,2
731,1672,2
1768,1177,2
1768,1522,2
1769,137,2
731,1248,2
731,919,2
732,1260,2
732,1280,2
729,575,2
1767,927,2
733,571,2
733,501,2
1766,1688,2
1767,156,2
1767,296,2
1767,428,2
1767,648,2
733,451,2
733,284,2
732,1290,2
733,210,2
732,1861,2
1767,1080,2
1767,1985,2
1768,130,2
1768,288,2
1768,300,2
732,1584,2
1769,969,2
1769,1900,2
1769,1973,2
729,1594,2
730,287,2
1771,1077,2
1771,1079,2
1771,1604,2
1771,1933,2
730,210,2
729,1961,2
1771,1985,2
1772,75,2
731,723,2
1772,631,2
1772,643,2
729,730,2
1772,645,2
729,722,2
1772,646,2
729,706,2
1772,1116,2
1771,646,2
730,501,2
730,504,2
1771,223,2
1770,644,2
731,501,2
1770,929,2
731,496,2
731,490,2
1770,1111,2
1770,1471,2
731,227,2
731,215,2
1770,1840,2
730,1678,2
1770,1857,2
730,1592,2
1770,1984,2
1770,1986,2
730,1194,2
1771,7,2
1766,1472,2
733,730,2
1766,940,2
735,1176,2
1761,1985,2
1762,414,2
736,437,2
1762,699,2
1762,703,2
735,1588,2
735,1475,2
735,1183,2
735,1086,2
1763,918,2
735,728,2
1762,1784,2
1762,1974,2
735,722,2
735,574,2
735,573,2
1763,82,2
735,498,2
736,497,2
736,571,2
736,626,2
736,718,2
737,504,2
737,502,2
1760,451,2
1760,941,2
737,474,2
1760,1165,2
737,467,2
737,439,2
1760,1184,2
736,1758,2
736,1632,2
1760,1489,2
736,1094,2
1761,290,2
736,732,2
1761,1160,2
1761,1248,2
1763,228,2
1763,943,2
733,1085,2
1765,1978,2
734,508,2
1765,923,2
734,502,2
734,497,2
1765,1625,2
734,491,2
1765,1644,2
734,409,2
734,215,2
1763,1324,2
1766,72,2
733,1589,2
733,1587,2
1766,892,2
733,1585,2
733,1584,2
733,1294,2
733,1206,2
1765,838,2
1764,992,2
734,616,2
734,681,2
1763,1376,2
735,464,2
1763,1391,2
1763,1631,2
735,213,2
734,1591,2
734,1175,2
734,1088,2
734,1083,2
734,761,2
734,740,2
734,731,2
1764,297,2
1764,688,2
1764,895,2
1764,918,2
734,725,2
729,672,2
729,573,2
1781,1763,2
1778,1115,2
724,574,2
724,557,2
724,517,2
1777,1856,2
1778,429,2
724,515,2
1778,430,2
724,501,2
1778,1243,2
724,675,2
723,759,2
723,746,2
1778,1497,2
1778,1757,2
723,697,2
723,557,2
1778,1829,2
1778,1864,2
1777,1824,2
1777,1822,2
729,516,2
1777,1246,2
1777,228,2
1777,450,2
1777,603,2
725,493,2
1777,926,2
725,444,2
725,327,2
1777,1102,2
1777,1548,2
724,720,2
724,1268,2
724,1123,2
724,1081,2
724,945,2
724,925,2
724,744,2
724,733,2
724,730,2
1779,617,2
723,488,2
723,447,2
722,447,2
1780,878,2
722,507,2
722,502,2
1780,1763,2
722,495,2
722,490,2
1780,1786,2
722,489,2
1780,1830,2
1779,1349,2
721,1984,2
721,1515,2
1780,1867,2
721,1444,2
721,1124,2
721,1122,2
721,748,2
1781,1755,2
722,512,2
1780,652,2
722,646,2
1780,178,2
1779,1756,2
723,435,2
723,210,2
722,1988,2
722,1986,2
722,1985,2
722,1623,2
722,1492,2
722,1110,2
722,948,2
1779,1757,2
1779,1797,2
722,724,2
722,718,2
1779,1825,2
1780,97,2
1780,132,2
725,501,2
725,514,2
725,651,2
727,1530,2
728,500,2
1773,1961,2
728,497,2
1773,1974,2
1774,241,2
1774,332,2
727,1758,2
727,1727,2
727,1294,2
1774,1752,2
1774,572,2
727,929,2
727,740,2
1774,880,2
1774,1023,2
727,713,2
1774,1749,2
1774,1751,2
728,502,2
728,573,2
728,706,2
728,740,2
729,515,2
1772,1287,2
729,500,2
729,492,2
729,489,2
1772,1985,2
1773,338,2
729,473,2
1773,931,2
1773,1549,2
729,227,2
729,226,2
728,1421,2
1773,1724,2
728,1094,2
728,978,2
1773,1880,2
727,665,2
727,514,2
1776,1923,2
1776,721,2
1775,1822,2
1775,1826,2
1776,640,2
726,508,2
726,504,2
726,500,2
1776,642,2
1776,654,2
726,496,2
1774,1977,2
726,495,2
726,492,2
725,1961,2
1776,1757,2
1776,1824,2
725,730,2
1776,1853,2
1776,1885,2
726,732,2
726,737,2
726,832,2
726,1990,2
1774,1979,2
1774,1985,2
727,502,2
1774,1993,2
727,500,2
1774,1994,2
1775,558,2
1775,633,2
1775,651,2
727,494,2
727,492,2
1775,779,2
1775,887,2
1775,928,2
1775,1103,2
727,427,2
1775,1814,2
1796,1979,2
1796,1994,2
624,574,2
1815,975,2
642,269,2
642,205,2
641,1846,2
1815,695,2
1815,698,2
1815,961,2
641,1162,2
641,505,2
640,1625,2
1814,1945,2
1815,1061,2
640,1242,2
640,961,2
640,836,2
640,835,2
640,580,2
1815,1073,2
640,575,2
1815,226,2
642,532,2
644,477,2
642,1846,2
1814,697,2
643,1664,2
1814,698,2
643,1534,2
643,835,2
1814,1056,2
643,439,2
1814,1777,2
642,1722,2
642,582,2
1814,1836,2
642,1163,2
642,1050,2
642,931,2
642,923,2
642,856,2
642,837,2
1814,1924,2
640,562,2
1815,1081,2
1815,1387,2
637,1102,2
638,804,2
638,583,2
638,567,2
1817,217,2
638,287,2
638,286,2
637,1876,2
637,1704,2
637,609,2
639,1419,2
1817,616,2
1817,618,2
637,583,2
637,509,2
636,1396,2
1817,1106,2
636,1108,2
1817,1348,2
1817,181,2
1816,1838,2
638,946,2
638,1159,2
639,1418,2
1815,1833,2
639,1405,2
1815,1936,2
639,933,2
1816,961,2
1816,1032,2
1816,1097,2
639,834,2
639,585,2
1816,1113,2
639,505,2
639,478,2
1816,1749,2
639,475,2
639,286,2
1816,1790,2
643,1844,2
1814,692,2
701,510,2
650,962,2
651,1171,2
651,960,2
651,958,2
651,461,2
651,250,2
651,246,2
651,230,2
650,1324,2
650,682,2
652,964,2
650,677,2
1812,806,2
1812,1582,2
650,247,2
649,1790,2
1812,1753,2
649,468,2
649,436,2
652,678,2
1812,631,2
644,1123,2
1811,740,2
655,492,2
655,452,2
654,1254,2
1811,632,2
1811,670,2
653,1614,2
653,1337,2
653,1232,2
653,1228,2
653,204,2
1811,1833,2
1811,1850,2
653,1081,2
653,1077,2
653,679,2
653,588,2
653,430,2
653,335,2
1812,1834,2
1812,1858,2
648,1797,2
645,981,2
1813,1847,2
645,1358,2
565,1271,2
1814,222,2
645,1179,2
645,1166,2
645,1101,2
645,1100,2
1814,225,2
1813,22,2
645,439,2
645,438,2
645,436,2
645,269,2
1814,237,2
644,1795,2
644,1392,2
644,1165,2
1813,1749,2
1813,1727,2
646,1383,2
646,1471,2
648,1335,2
648,1324,2
648,600,2
648,591,2
1813,225,2
1813,226,2
1813,333,2
1813,657,2
1813,674,2
647,1327,2
1813,694,2
647,948,2
647,928,2
647,591,2
1813,698,2
1813,820,2
646,1571,2
1817,1831,2
636,584,2
1817,1839,2
629,477,2
1822,1751,2
630,432,2
629,1802,2
1822,1756,2
629,1727,2
629,1216,2
629,583,2
629,565,2
629,475,2
1822,1591,2
629,474,2
1822,1826,2
629,337,2
1822,1853,2
629,336,2
629,210,2
628,1679,2
1822,1928,2
1822,1750,2
630,452,2
636,518,2
1821,1942,2
1821,1938,2
631,498,2
631,479,2
631,477,2
631,475,2
631,460,2
631,453,2
631,452,2
1822,275,2
1822,549,2
631,236,2
630,1917,2
1822,476,2
630,620,2
630,577,2
630,511,2
1822,548,2
630,477,2
1823,249,2
628,563,2
628,551,2
625,611,2
626,456,2
1824,596,2
1824,606,2
1824,1452,2
1824,1828,2
1824,1835,2
625,1138,2
625,1137,2
625,578,2
628,462,2
625,572,2
1824,1844,2
624,1418,2
624,1140,2
624,1135,2
624,675,2
624,622,2
1824,1848,2
626,770,2
626,1140,2
626,1176,2
627,323,2
628,450,2
1823,290,2
1823,292,2
628,442,2
1823,295,2
628,441,2
628,425,2
1823,548,2
627,824,2
627,578,2
1823,550,2
1823,1933,2
627,452,2
1824,261,2
1824,546,2
627,441,2
627,439,2
1821,1936,2
631,507,2
631,511,2
1819,583,2
634,1155,2
634,1112,2
634,1111,2
1819,99,2
1819,216,2
1819,275,2
634,912,2
1819,539,2
634,572,2
634,465,2
1819,1067,2
634,527,2
1819,1096,2
1819,1379,2
1819,1935,2
1819,1955,2
634,478,2
634,477,2
1818,1952,2
1818,1942,2
634,1864,2
1818,1935,2
636,516,2
636,490,2
1818,135,2
635,1761,2
1818,722,2
1818,1044,2
1818,1105,2
1818,1297,2
635,743,2
635,562,2
635,554,2
635,522,2
635,497,2
1818,1850,2
1818,1933,2
635,235,2
635,207,2
634,475,2
1820,16,2
1821,1931,2
632,583,2
1821,1123,2
633,233,2
1821,1623,2
632,1153,2
632,1147,2
632,1105,2
1821,1761,2
632,818,2
632,509,2
634,359,2
632,480,2
632,476,2
1821,1805,2
631,1152,2
631,1145,2
1821,1828,2
631,1068,2
631,583,2
1821,1112,2
1821,577,2
633,426,2
633,445,2
1820,539,2
1820,1057,2
1820,1349,2
1820,1926,2
633,1368,2
1820,1927,2
633,1150,2
633,932,2
633,929,2
1820,1937,2
1821,6,2
633,568,2
633,540,2
1821,268,2
1821,291,2
633,477,2
1821,547,2
655,665,2
655,666,2
655,751,2
1800,1112,2
689,771,2
689,765,2
1800,1050,2
689,370,2
1800,1107,2
688,1979,2
688,1556,2
688,1270,2
1800,1303,2
1799,1858,2
688,429,2
687,1540,2
687,1515,2
686,1054,2
686,1052,2
1800,1755,2
686,736,2
1800,1761,2
1800,52,2
689,1467,2
678,488,2
1799,1784,2
1798,1834,2
692,512,2
1798,1840,2
1798,1855,2
1799,56,2
1799,65,2
1799,516,2
1799,641,2
691,512,2
689,1548,2
1799,1821,2
1799,1827,2
1799,1853,2
691,508,2
690,1996,2
690,983,2
690,981,2
1799,1857,2
686,638,2
686,467,2
685,1391,2
680,432,2
682,1202,2
682,1016,2
682,1013,2
682,663,2
1802,305,2
682,408,2
1802,421,2
681,1018,2
680,430,2
685,1221,2
680,260,2
679,1381,2
1802,454,2
679,1359,2
679,869,2
1802,942,2
1802,1050,2
678,1260,2
682,1300,2
682,1971,2
683,210,2
683,273,2
1800,1804,2
685,506,2
1800,1822,2
1800,1829,2
685,491,2
1801,622,2
685,201,2
684,1674,2
1801,1098,2
684,975,2
1801,1623,2
684,432,2
684,205,2
684,37,2
683,1018,2
683,459,2
1801,1838,2
1798,1833,2
1798,1831,2
693,436,2
698,436,2
699,207,2
699,205,2
1797,1828,2
1797,1829,2
698,1939,2
1797,1832,2
698,744,2
698,509,2
697,1986,2
697,512,2
697,1625,2
1797,1836,2
697,1363,2
1797,1842,2
697,1184,2
697,1147,2
1797,1844,2
697,717,2
699,232,2
1797,1827,2
699,509,2
699,512,2
701,353,2
701,285,2
701,224,2
701,223,2
1797,65,2
700,1202,2
1797,797,2
700,675,2
1797,1053,2
1797,1246,2
700,192,2
1797,1627,2
699,1977,2
699,1752,2
699,1624,2
699,1390,2
699,675,2
1797,1845,2
697,508,2
693,510,2
1798,1826,2
1798,1819,2
1798,1821,2
1798,1824,2
695,491,2
694,1343,2
1798,1825,2
694,1229,2
694,771,2
694,579,2
697,493,2
694,528,2
694,510,2
694,508,2
693,1581,2
693,1099,2
693,974,2
1798,1828,2
1798,1830,2
695,526,2
695,640,2
695,768,2
1798,1818,2
697,22,2
1797,1846,2
1797,1847,2
696,756,2
1797,1848,2
1797,1849,2
696,511,2
1797,1854,2
696,230,2
696,229,2
696,109,2
1797,1969,2
1798,166,2
696,3,2
695,1518,2
1798,1235,2
695,1309,2
678,1166,2
1802,1058,2
1811,630,2
662,1152,2
1807,1829,2
1807,1835,2
1807,1847,2
1807,1851,2
1807,1856,2
662,1349,2
662,1233,2
1808,742,2
1808,912,2
1807,1416,2
1808,1291,2
1808,1293,2
1808,1467,2
1808,1806,2
661,1616,2
1808,1853,2
1808,1982,2
1809,227,2
1807,1782,2
1807,1415,2
677,1230,2
1806,455,2
664,1236,2
664,1193,2
1805,1854,2
664,1133,2
1805,1867,2
663,1667,2
663,1350,2
663,1349,2
1806,652,2
1807,1388,2
1806,1051,2
1806,1052,2
1806,1482,2
1806,1635,2
663,1234,2
663,1233,2
663,1219,2
1806,1785,2
1809,585,2
660,961,2
1809,689,2
657,1373,2
1810,702,2
658,580,2
658,489,2
1810,1048,2
657,1915,2
1810,1400,2
657,1607,2
657,1606,2
1810,1733,2
660,952,2
1810,1832,2
656,1175,2
1810,1855,2
655,1800,2
1810,1856,2
655,1650,2
1810,1873,2
1811,225,2
658,1264,2
1810,629,2
1810,210,2
1810,99,2
660,717,2
660,563,2
660,467,2
1809,692,2
1809,834,2
659,1794,2
659,1784,2
659,1614,2
1809,984,2
659,1558,2
659,1231,2
1809,1254,2
1809,1831,2
659,957,2
1809,1839,2
1809,1850,2
658,1795,2
664,1252,2
665,628,2
665,1151,2
671,189,2
672,1917,2
672,1779,2
1803,1050,2
1803,1055,2
672,494,2
1803,1294,2
671,1441,2
1803,1831,2
670,1910,2
669,1909,2
1803,1845,2
1803,1968,2
670,1587,2
670,1547,2
670,1175,2
670,854,2
670,747,2
670,574,2
673,1886,2
674,48,2
674,1245,2
1803,486,2
677,1000,2
677,766,2
1802,1294,2
677,491,2
1802,1627,2
676,1554,2
1802,1830,2
676,1240,2
1802,1831,2
1802,1855,2
1803,63,2
675,1318,2
675,1307,2
675,834,2
675,641,2
675,477,2
674,1800,2
670,412,2
669,1691,2
665,1156,2
666,1003,2
666,1776,2
666,1389,2
1805,239,2
1805,590,2
1805,1051,2
1805,1058,2
1805,1060,2
666,1231,2
666,1002,2
669,1330,2
1805,1463,2
666,583,2
666,435,2
665,1762,2
1805,1788,2
665,1259,2
1805,1842,2
665,1196,2
666,1800,2
667,269,2
1804,1854,2
667,469,2
1804,72,2
1804,1043,2
669,468,2
1804,1051,2
669,96,2
668,1776,2
1804,1325,2
668,1329,2
668,1293,2
668,1291,2
668,1240,2
668,841,2
668,616,2
668,436,2
1804,1843,2
667,1573,2
1804,1853,2
1862,1206,2
558,1240,2
565,1270,2
1971,260,2
507,1984,2
507,1294,2
507,1292,2
1971,1196,2
1971,1992,2
507,1290,2
507,1278,2
507,1272,2
1972,53,2
507,1243,2
1972,82,2
507,1237,2
507,1236,2
507,1233,2
506,1986,2
506,1984,2
506,1906,2
506,1900,2
506,1330,2
507,1988,2
508,475,2
508,478,2
508,1273,2
508,1318,2
508,1315,2
508,1305,2
1971,399,2
508,1291,2
508,1290,2
508,1281,2
1971,698,2
1971,719,2
508,510,2
1971,734,2
1971,735,2
1971,766,2
508,1239,2
508,1235,2
1971,767,2
508,1150,2
508,1069,2
1972,391,2
1972,467,2
506,1282,2
1973,75,2
504,1294,2
504,1292,2
504,1275,2
1972,1737,2
504,1259,2
504,1256,2
1972,1929,2
1972,1999,2
504,1221,2
504,1301,2
504,1209,2
1973,77,2
504,541,2
504,475,2
504,473,2
1973,82,2
1973,222,2
503,1293,2
1972,1559,2
504,1305,2
506,1275,2
505,1299,2
1972,722,2
506,1255,2
506,1251,2
506,1247,2
506,1245,2
506,1242,2
506,1231,2
505,1307,2
505,1296,2
504,1333,2
505,1291,2
505,1251,2
1972,1389,2
505,1247,2
505,1218,2
505,694,2
1972,1503,2
504,1398,2
508,1989,2
1970,1706,2
503,1254,2
509,1232,2
511,1263,2
511,1242,2
511,1241,2
1969,55,2
511,1236,2
1969,423,2
1969,492,2
1969,498,2
1969,712,2
511,1234,2
1969,737,2
1969,738,2
511,1180,2
1969,764,2
511,888,2
511,781,2
1969,766,2
510,1901,2
510,1331,2
1969,53,2
511,1267,2
511,1271,2
1968,1649,2
1968,765,2
1968,766,2
1968,865,2
1968,1041,2
1968,1104,2
1968,1580,2
512,476,2
512,470,2
511,1329,2
511,1273,2
1968,1836,2
1968,1952,2
511,1307,2
511,1301,2
511,1289,2
511,1288,2
511,1277,2
1968,1988,2
510,1329,2
510,1328,2
1969,1996,2
509,1273,2
509,1905,2
509,1380,2
509,1353,2
509,1328,2
509,1312,2
1970,764,2
509,1292,2
509,1290,2
509,1266,2
509,1982,2
509,1251,2
509,1249,2
1970,765,2
509,1238,2
509,1237,2
1970,767,2
509,1234,2
1970,1104,2
1970,734,2
509,1987,2
510,1327,2
510,1264,2
1970,43,2
510,1308,2
510,1293,2
510,1290,2
510,1285,2
510,1281,2
1970,55,2
510,1270,2
510,1263,2
1970,380,2
510,1241,2
510,1236,2
510,1235,2
510,1234,2
1970,74,2
510,1231,2
510,542,2
1970,78,2
1973,261,2
503,1251,2
565,1266,2
1976,735,2
1977,166,2
493,363,2
492,1917,2
492,485,2
491,1996,2
1977,171,2
491,1870,2
491,1552,2
1977,425,2
491,1334,2
1977,747,2
491,1268,2
1977,765,2
490,1074,2
1977,766,2
489,425,2
489,364,2
1977,871,2
488,1672,2
493,1071,2
1976,1914,2
493,1079,2
1976,1841,2
497,1252,2
496,1438,2
496,1298,2
496,1291,2
496,1289,2
496,808,2
1976,1404,2
495,1143,2
495,1071,2
493,1869,2
1976,1846,2
1976,1868,2
495,613,2
494,1830,2
494,1556,2
494,1552,2
494,542,2
494,160,2
488,1671,2
488,1670,2
488,1460,2
483,585,2
484,431,2
483,1930,2
483,1672,2
483,1670,2
483,1311,2
483,1249,2
483,1218,2
483,878,2
483,491,2
484,741,2
482,1876,2
482,1669,2
1978,429,2
1978,1385,2
1978,1533,2
482,1087,2
1978,1632,2
482,623,2
484,493,2
1977,1995,2
1977,1146,2
486,1132,2
488,1263,2
487,1960,2
1977,1318,2
1977,1458,2
487,1163,2
487,490,2
1977,1670,2
1977,1683,2
486,490,2
1977,1881,2
486,417,2
485,1670,2
1977,1693,2
485,645,2
485,644,2
485,639,2
484,1942,2
484,1294,2
497,1296,2
498,1272,2
503,1250,2
1976,732,2
1973,1578,2
502,558,2
502,542,2
502,541,2
501,1866,2
501,1772,2
501,1330,2
501,1300,2
501,1299,2
501,1297,2
501,1290,2
501,1278,2
501,1277,2
501,1271,2
501,1260,2
501,1228,2
501,1222,2
501,1220,2
501,1219,2
502,934,2
502,1200,2
1973,1222,2
502,1987,2
503,1242,2
503,1235,2
503,1221,2
503,1218,2
1973,382,2
1973,759,2
503,542,2
1973,765,2
502,1849,2
502,1213,2
502,1771,2
502,1302,2
1973,766,2
502,1297,2
502,1296,2
1973,824,2
502,1274,2
1973,1046,2
1973,1989,2
1974,165,2
1974,495,2
498,1874,2
499,1263,2
499,1258,2
499,1257,2
499,1244,2
1976,84,2
499,1234,2
499,1211,2
499,1105,2
498,1571,2
1976,73,2
498,1439,2
498,1302,2
1976,378,2
498,1297,2
1976,709,2
498,1280,2
498,1279,2
498,1275,2
499,1264,2
499,1274,2
501,542,2
500,1300,2
501,541,2
1974,765,2
500,1999,2
500,1863,2
500,1839,2
500,1439,2
1975,114,2
500,1302,2
500,1298,2
1976,20,2
500,1295,2
500,1294,2
500,1284,2
1975,1569,2
499,1296,2
499,1295,2
499,1294,2
499,1284,2
512,1241,2
512,1244,2
512,1266,2
1960,1180,2
1961,1166,2
519,1316,2
1961,1179,2
519,1289,2
519,1255,2
519,502,2
1961,1848,2
518,1594,2
518,1330,2
518,1328,2
518,1326,2
1962,81,2
518,1323,2
1962,87,2
1962,226,2
1962,498,2
1962,728,2
518,1308,2
518,1299,2
519,1320,2
1961,1162,2
519,1330,2
520,1322,2
521,481,2
520,1831,2
520,1719,2
520,1345,2
1960,1742,2
520,1325,2
520,1324,2
520,1323,2
520,1307,2
1961,1055,2
520,1288,2
1960,1850,2
1961,55,2
520,1256,2
520,1253,2
520,1251,2
520,1228,2
1961,768,2
518,1289,2
518,1282,2
518,1254,2
516,1323,2
1962,742,2
1962,749,2
516,1345,2
516,1341,2
1962,767,2
1962,1067,2
516,1327,2
516,1324,2
516,1321,2
517,1250,2
1962,1196,2
1962,1479,2
1962,1724,2
516,1293,2
1962,1843,2
1962,1914,2
1962,1926,2
516,1282,2
1962,738,2
517,1251,2
518,1253,2
517,1323,2
518,1250,2
518,735,2
517,1982,2
517,1980,2
517,1594,2
517,1345,2
517,1329,2
1962,730,2
517,1320,2
517,1252,2
517,1316,2
517,1299,2
1962,736,2
517,1285,2
517,1282,2
517,1272,2
517,1255,2
517,1253,2
521,482,2
1960,1078,2
1968,757,2
521,1255,2
1957,1613,2
523,1318,2
1957,1698,2
523,1314,2
1958,53,2
1958,101,2
523,1305,2
523,1295,2
523,1289,2
1958,429,2
523,1284,2
523,1277,2
523,1270,2
523,1268,2
523,1267,2
523,1265,2
1958,872,2
523,1251,2
523,1248,2
1957,871,2
1957,861,2
523,1322,2
524,1251,2
524,1294,2
524,1284,2
1956,756,2
524,1268,2
524,1262,2
1956,1843,2
524,1253,2
524,1252,2
1956,1930,2
523,1571,2
524,1229,2
524,1227,2
1957,174,2
1957,720,2
524,456,2
1957,764,2
523,1850,2
1957,844,2
1958,1195,2
1958,1426,2
523,1225,2
521,1319,2
522,1241,2
522,1229,2
522,458,2
521,1344,2
521,1326,2
521,1325,2
521,1323,2
521,1322,2
521,1313,2
522,1259,2
1959,1819,2
521,1283,2
1960,275,2
521,1269,2
521,1259,2
521,1258,2
1960,372,2
1960,717,2
522,1258,2
1959,732,2
523,634,2
522,1316,2
1958,1754,2
1958,1843,2
522,1571,2
1958,1844,2
522,1328,2
522,1325,2
522,1322,2
522,1320,2
522,1312,2
1959,603,2
522,1310,2
522,1301,2
522,1289,2
522,1286,2
522,1282,2
1959,77,2
1959,164,2
1959,373,2
1962,1943,2
1962,1944,2
1963,380,2
1963,495,2
1966,767,2
1966,873,2
513,1324,2
1966,875,2
513,1321,2
513,1319,2
513,1315,2
513,1311,2
513,1307,2
513,1306,2
1966,1496,2
513,1299,2
1966,1613,2
513,1297,2
1966,1667,2
1966,1841,2
1966,1970,2
1967,34,2
513,1283,2
1966,758,2
513,1331,2
513,1337,2
514,1247,2
1966,0,2
1966,378,2
514,1279,2
1966,735,2
1966,738,2
1966,740,2
1966,749,2
514,1269,2
514,497,2
513,1339,2
514,463,2
514,354,2
514,318,2
513,1991,2
513,1594,2
513,1436,2
513,1343,2
513,1340,2
513,1282,2
1967,109,2
513,1279,2
512,1308,2
512,1336,2
512,1331,2
1967,1971,2
512,1330,2
1968,140,2
512,1328,2
512,1325,2
512,1323,2
512,1303,2
512,1401,2
512,1299,2
512,1293,2
1968,398,2
512,1283,2
1968,491,2
1968,737,2
512,1278,2
512,1274,2
512,1344,2
512,1986,2
513,1275,2
513,1243,2
1967,189,2
1967,376,2
1967,495,2
1967,711,2
513,1269,2
513,1268,2
513,1264,2
1967,761,2
513,1234,2
512,1991,2
513,1232,2
513,1231,2
1967,767,2
1967,789,2
513,1082,2
1967,1104,2
513,470,2
1967,1835,2
514,1281,2
1965,1834,2
1965,769,2
515,1302,2
515,1319,2
1963,768,2
515,1315,2
1963,875,2
1963,1054,2
1963,1055,2
1963,1068,2
1963,1578,2
515,1301,2
515,1321,2
1963,1829,2
515,1299,2
515,1298,2
515,1295,2
515,1293,2
515,1292,2
1963,1991,2
1964,379,2
515,1320,2
515,1323,2
1964,733,2
515,1980,2
1963,527,2
1963,739,2
1963,742,2
1963,750,2
516,901,2
516,543,2
516,498,2
515,1984,2
515,1663,2
515,1324,2
1963,755,2
515,1341,2
515,1337,2
515,1334,2
1963,757,2
515,1331,2
1963,764,2
515,1325,2
1964,381,2
1964,734,2
1965,765,2
1965,36,2
1964,1730,2
1964,1841,2
514,1315,2
1964,1844,2
1964,1893,2
514,1312,2
514,1310,2
514,1309,2
514,1307,2
1964,1459,2
1965,86,2
514,1302,2
1965,383,2
514,1298,2
1965,738,2
514,1296,2
514,1295,2
514,1291,2
1964,1534,2
1964,1104,2
1964,735,2
1964,765,2
515,1278,2
1964,739,2
1964,744,2
515,1275,2
1964,760,2
515,1248,2
515,1246,2
1964,763,2
1964,767,2
514,1330,2
1964,1048,2
515,613,2
514,1989,2
514,1980,2
514,1339,2
514,1336,2
1964,1057,2
514,1332,2
482,504,2
482,491,2
1978,1842,2
429,1984,2
1991,734,2
427,1448,2
427,1189,2
427,1154,2
427,1103,2
1991,736,2
1991,746,2
1991,754,2
1991,758,2
1991,760,2
426,1701,2
426,1690,2
1991,761,2
426,1676,2
1991,767,2
1991,1066,2
426,1063,2
426,998,2
1991,1363,2
1991,281,2
427,1685,2
427,1687,2
428,430,2
429,1196,2
429,714,2
429,508,2
428,1729,2
1990,1407,2
428,1546,2
428,1473,2
1990,1533,2
1990,1589,2
427,1702,2
427,1907,2
427,1906,2
427,1742,2
427,1739,2
1990,1820,2
1990,1824,2
1990,1825,2
1990,1880,2
1991,1397,2
1991,1505,2
426,377,2
1993,1,2
424,712,2
1992,1755,2
1992,1823,2
1992,1836,2
424,396,2
1992,1968,2
423,1229,2
423,1191,2
423,527,2
1992,1666,2
423,437,2
423,415,2
423,398,2
1993,141,2
1993,752,2
423,397,2
422,1592,2
422,1377,2
424,713,2
1992,1544,2
426,281,2
425,270,2
426,263,2
426,259,2
425,1994,2
425,1773,2
425,1287,2
425,1039,2
425,712,2
425,443,2
424,1964,2
424,966,2
1991,1867,2
424,1956,2
1992,8,2
424,1607,2
1992,757,2
424,1149,2
1992,1363,2
424,1062,2
429,1518,2
430,252,2
438,763,2
430,343,2
436,1306,2
1989,746,2
436,353,2
436,352,2
436,343,2
436,211,2
436,210,2
435,1749,2
1989,754,2
435,1398,2
435,1101,2
435,495,2
435,35,2
434,1903,2
434,1572,2
434,1519,2
1989,758,2
434,1473,2
434,1395,2
436,1461,2
1989,733,2
436,1481,2
437,735,2
438,213,2
437,1531,2
437,1428,2
1988,764,2
1988,879,2
1988,1463,2
437,1095,2
437,981,2
437,678,2
1989,376,2
437,447,2
437,442,2
1988,1821,2
1988,1834,2
1988,1844,2
1989,19,2
1989,158,2
436,1531,2
434,1387,2
434,1381,2
434,1101,2
431,259,2
431,1736,2
431,1731,2
1989,1825,2
1989,1835,2
431,1339,2
1989,1855,2
431,1326,2
431,1129,2
1989,1986,2
432,373,2
1989,1989,2
1990,509,2
1990,735,2
430,1339,2
1990,751,2
1990,756,2
1990,759,2
1990,760,2
431,1825,2
432,449,2
1989,765,2
433,1091,2
434,983,2
434,982,2
1989,767,2
434,981,2
1989,771,2
433,1460,2
433,1394,2
433,1099,2
1989,1529,2
432,985,2
1989,1699,2
433,981,2
433,376,2
433,367,2
433,326,2
433,213,2
432,1736,2
432,1393,2
422,1376,2
422,1115,2
422,990,2
1993,756,2
415,988,2
415,986,2
415,985,2
415,923,2
1998,499,2
415,922,2
1998,698,2
414,1036,2
414,983,2
1998,765,2
1998,1696,2
414,922,2
414,921,2
414,919,2
1998,1855,2
414,284,2
414,274,2
413,1632,2
413,1412,2
415,989,2
415,1105,2
415,1106,2
1998,2,2
417,280,2
417,268,2
417,213,2
416,1800,2
416,1729,2
416,1040,2
1997,1999,2
416,924,2
1998,97,2
415,1299,2
1998,99,2
1998,112,2
416,282,2
416,258,2
416,37,2
1998,437,2
415,1607,2
1998,480,2
1998,1997,2
413,1310,2
413,1063,2
411,806,2
412,274,2
1999,1426,2
1999,1434,2
1999,1692,2
411,1712,2
411,1607,2
1999,1750,2
1999,1751,2
411,777,2
412,284,2
411,299,2
411,287,2
411,286,2
410,1991,2
410,1310,2
1999,1900,2
410,1263,2
1999,1902,2
412,283,2
412,290,2
1998,1998,2
413,267,2
413,1034,2
413,618,2
1999,4,2
1999,7,2
413,298,2
1999,35,2
1999,39,2
1999,119,2
412,1632,2
1999,786,2
412,1412,2
412,1010,2
412,792,2
412,406,2
1999,532,2
412,299,2
1999,713,2
412,292,2
417,281,2
1997,1996,2
417,372,2
420,1041,2
1994,1396,2
1994,1502,2
1994,1745,2
1995,1,2
1995,359,2
421,281,2
1995,757,2
1995,988,2
420,1007,2
1994,731,2
420,928,2
420,923,2
1995,1341,2
420,919,2
420,528,2
420,522,2
1995,1827,2
1995,1846,2
1994,736,2
421,398,2
1995,1962,2
422,379,2
1993,875,2
1993,987,2
422,517,2
422,398,2
1993,1737,2
1993,1743,2
1993,1860,2
1993,1988,2
1994,0,2
421,499,2
1994,1,2
1994,379,2
421,1194,2
421,1101,2
421,921,2
1994,389,2
421,516,2
421,515,2
1995,1943,2
1995,1994,2
1997,1849,2
1997,1648,2
1997,27,2
418,924,2
1997,171,2
1997,392,2
418,918,2
418,910,2
1997,697,2
1997,1055,2
1997,1672,2
418,1481,2
418,213,2
417,1563,2
417,1459,2
417,1289,2
417,1215,2
417,1195,2
417,925,2
1997,1674,2
418,1033,2
1997,0,2
1995,1996,2
419,1064,2
1996,0,2
1996,373,2
1996,451,2
420,254,2
1996,735,2
419,1481,2
419,1284,2
419,1198,2
419,1062,2
1996,1891,2
1996,815,2
419,922,2
419,436,2
419,415,2
1996,1222,2
1996,1364,2
1996,1424,2
1996,1732,2
438,519,2
438,1248,2
481,1681,2
473,1292,2
1982,1658,2
470,1895,2
470,1503,2
1982,1804,2
470,1338,2
470,1311,2
470,1306,2
470,1301,2
470,1247,2
470,551,2
1982,1811,2
469,1963,2
469,1904,2
1982,1838,2
469,1681,2
469,1499,2
469,1496,2
469,1304,2
1983,107,2
471,347,2
471,620,2
471,632,2
472,641,2
473,1191,2
473,429,2
1982,749,2
473,94,2
472,1870,2
472,1312,2
472,1241,2
472,1039,2
1982,1033,2
1982,1427,2
471,1325,2
471,1285,2
471,1284,2
471,1242,2
471,1184,2
471,1178,2
471,712,2
471,642,2
1983,155,2
469,949,2
469,781,2
1984,74,2
467,1328,2
467,946,2
467,641,2
466,961,2
466,946,2
1983,1804,2
466,776,2
1984,50,2
466,312,2
468,111,2
465,1899,2
465,1410,2
1984,77,2
1984,736,2
465,978,2
465,946,2
1984,748,2
464,1885,2
467,1895,2
468,392,2
469,641,2
468,1961,2
469,475,2
469,473,2
1983,211,2
469,450,2
1983,366,2
1983,705,2
1983,765,2
1983,766,2
468,1594,2
468,949,2
1983,1141,2
468,1338,2
1983,1168,2
1983,1579,2
1983,1632,2
468,1320,2
1983,1752,2
468,953,2
473,1226,2
473,1892,2
438,1465,2
473,1963,2
1979,1754,2
480,447,2
480,445,2
480,444,2
480,432,2
480,431,2
1979,1867,2
480,375,2
480,374,2
1979,1960,2
1980,39,2
479,1401,2
479,1011,2
479,789,2
479,439,2
479,345,2
479,344,2
1980,741,2
478,1816,2
1979,1630,2
480,927,2
480,1338,2
1979,357,2
481,1674,2
481,1672,2
481,1668,2
1979,42,2
1979,59,2
481,1248,2
481,790,2
1979,295,2
1979,729,2
480,1401,2
481,613,2
481,432,2
1979,767,2
481,376,2
1979,979,2
481,344,2
480,1827,2
480,1402,2
478,1299,2
1980,751,2
478,627,2
475,1229,2
475,1683,2
475,1278,2
1981,282,2
475,1255,2
1981,761,2
1981,1687,2
1982,88,2
475,1236,2
475,1226,2
1981,114,2
475,641,2
475,440,2
475,154,2
474,1887,2
1982,282,2
474,1256,2
1982,733,2
474,465,2
476,304,2
476,448,2
478,435,2
476,1317,2
478,430,2
478,425,2
1980,1392,2
477,1596,2
477,476,2
477,342,2
1981,74,2
477,341,2
476,1316,2
1981,77,2
476,1257,2
476,939,2
476,937,2
476,935,2
1981,75,2
476,505,2
476,483,2
476,450,2
464,1884,2
464,1874,2
464,1869,2
464,1598,2
447,430,2
1986,1643,2
446,1249,2
445,1408,2
445,1384,2
445,1102,2
1986,1806,2
1986,1825,2
1986,1882,2
1987,96,2
444,1678,2
444,1677,2
1987,746,2
444,1310,2
444,1097,2
1987,749,2
443,1680,2
443,1310,2
443,1095,2
1986,1486,2
447,1266,2
1986,1424,2
448,1281,2
449,1275,2
449,1274,2
449,1273,2
449,1227,2
1986,755,2
449,574,2
448,1547,2
1986,757,2
1986,759,2
447,1273,2
1986,761,2
1986,763,2
1986,764,2
1986,766,2
1986,836,2
1986,1070,2
447,1277,2
447,1276,2
443,981,2
1987,762,2
1987,766,2
440,1033,2
1988,17,2
440,1575,2
440,1285,2
440,1248,2
1988,75,2
1988,99,2
1988,103,2
440,1077,2
440,940,2
441,1093,2
1988,244,2
1988,697,2
1988,749,2
439,1033,2
1988,762,2
439,318,2
1988,763,2
438,1941,2
441,595,2
441,1104,2
1987,1389,2
442,982,2
1987,1688,2
442,1680,2
442,1558,2
442,1474,2
442,1473,2
1987,1819,2
442,1219,2
442,1105,2
1987,1822,2
441,1248,2
442,522,2
1987,1833,2
442,519,2
442,517,2
1987,1849,2
1988,14,2
441,1469,2
441,1308,2
449,1276,2
449,1392,2
1986,752,2
458,782,2
460,1589,2
460,1550,2
460,1288,2
459,937,2
459,158,2
458,1988,2
458,1111,2
1985,76,2
458,590,2
1984,1797,2
1985,77,2
458,336,2
457,908,2
1985,733,2
1985,740,2
457,779,2
457,752,2
1985,767,2
461,1218,2
461,1334,2
456,742,2
463,590,2
1984,751,2
1984,752,2
464,748,2
463,1968,2
1984,757,2
463,1915,2
463,1267,2
1984,758,2
1984,759,2
1984,767,2
462,1105,2
462,170,2
1984,760,2
1984,764,2
461,1999,2
1984,765,2
1984,766,2
461,1676,2
457,169,2
456,148,2
450,141,2
451,342,2
452,566,2
452,448,2
451,1883,2
451,1877,2
1985,1875,2
451,1272,2
1985,1876,2
451,962,2
1986,77,2
452,1873,2
1986,250,2
450,1327,2
1986,714,2
450,623,2
450,363,2
450,157,2
450,143,2
1986,747,2
452,636,2
452,1874,2
1985,908,2
455,154,2
1985,1321,2
1985,1370,2
455,1876,2
455,1240,2
455,1197,2
1985,1414,2
455,171,2
455,166,2
1985,1674,2
1985,1866,2
1985,1690,2
1985,1701,2
454,1407,2
454,940,2
454,528,2
454,145,2
453,1591,2
1985,1833,2
524,1304,2
524,1305,2
524,1307,2
1901,709,2
1902,757,2
1902,1159,2
1902,1383,2
1902,1390,2
1902,1641,2
554,1800,2
554,1348,2
554,1331,2
1902,1932,2
1902,1941,2
1903,14,2
1903,704,2
1903,722,2
1903,769,2
1903,912,2
1903,1382,2
1904,89,2
1904,334,2
1904,716,2
555,460,2
1902,738,2
1902,731,2
555,1280,2
1901,1053,2
1901,1159,2
1901,1553,2
555,1303,2
555,1302,2
1902,6,2
555,1291,2
1902,104,2
1902,190,2
555,546,2
1902,281,2
555,1247,2
555,1222,2
555,1052,2
1902,343,2
1902,700,2
1902,728,2
555,646,2
1904,730,2
1904,762,2
1904,1550,2
553,1294,2
1906,1428,2
1906,1550,2
1906,1564,2
1906,1749,2
1907,55,2
1907,166,2
1907,333,2
553,1301,2
1907,353,2
553,1313,2
553,1278,2
553,1277,2
553,1274,2
553,1272,2
553,1252,2
1907,712,2
553,1248,2
553,1225,2
1906,1426,2
1906,911,2
1904,1795,2
554,277,2
1905,60,2
554,1282,2
554,1238,2
554,1232,2
1905,767,2
1905,914,2
554,546,2
1905,916,2
1905,1893,2
1906,766,2
553,1402,2
553,1348,2
553,1325,2
553,1323,2
1906,353,2
553,1319,2
1906,407,2
1906,734,2
1901,733,2
1901,57,2
1894,1922,2
1900,1939,2
557,1059,2
557,1039,2
557,621,2
557,541,2
556,1787,2
556,1578,2
556,1367,2
1896,1953,2
556,1323,2
556,1322,2
1897,89,2
1897,556,2
1897,725,2
1897,827,2
1897,1098,2
1897,1099,2
1897,1490,2
1897,1494,2
1897,1755,2
557,1234,2
557,1242,2
1896,1491,2
1896,58,2
1895,288,2
1895,309,2
1895,494,2
1895,740,2
1895,788,2
1895,1483,2
1895,1776,2
1895,1781,2
1896,163,2
557,1253,2
1896,699,2
1896,713,2
557,1272,2
557,1270,2
1896,724,2
1896,734,2
1896,1187,2
557,1262,2
1897,1793,2
1898,172,2
1898,699,2
555,1955,2
556,1229,2
1900,229,2
556,930,2
556,740,2
1900,704,2
556,549,2
556,449,2
1900,707,2
555,1323,2
1899,1643,2
1900,815,2
1900,1244,2
555,1318,2
1900,1379,2
1900,1389,2
1900,1640,2
1900,1641,2
1900,1684,2
1899,1930,2
1899,1494,2
1898,742,2
556,1295,2
1898,758,2
1898,795,2
1898,913,2
1898,1057,2
1898,1496,2
1898,1712,2
1898,1752,2
556,1296,2
556,1287,2
1899,1493,2
556,1276,2
1898,1755,2
556,1263,2
556,1252,2
556,1250,2
1899,1378,2
556,1248,2
1899,1491,2
553,1046,2
553,744,2
553,140,2
552,1965,2
550,833,2
1915,719,2
1915,741,2
1915,1860,2
549,1336,2
1916,55,2
549,1334,2
1916,723,2
1916,733,2
549,1330,2
1916,750,2
1916,759,2
1916,760,2
1917,55,2
1917,91,2
1917,184,2
1917,712,2
1917,758,2
1917,1739,2
550,1210,2
550,1211,2
550,1220,2
1914,748,2
1913,522,2
1913,732,2
1913,1200,2
1913,1500,2
1913,1706,2
1914,55,2
550,1279,2
1914,697,2
550,1268,2
550,1244,2
1914,1154,2
550,1267,2
1914,1724,2
1914,1728,2
550,1262,2
550,1261,2
550,1247,2
1914,1731,2
549,1312,2
549,1311,2
549,1310,2
548,1333,2
549,450,2
549,293,2
1918,1423,2
548,1713,2
548,1547,2
548,1336,2
1918,1795,2
1919,55,2
1919,729,2
1918,768,2
1919,745,2
1919,768,2
1919,878,2
1919,1099,2
1919,1407,2
1919,1621,2
1919,1731,2
1919,1865,2
1918,909,2
549,510,2
1918,17,2
549,1272,2
1918,21,2
549,1304,2
1918,55,2
549,1288,2
1918,702,2
549,1285,2
549,1274,2
549,1273,2
1918,745,2
1918,761,2
549,1270,2
549,1267,2
1918,755,2
549,1262,2
549,1247,2
1918,758,2
549,1245,2
549,1243,2
1912,1860,2
1912,1619,2
1912,1443,2
552,1226,2
552,1272,2
552,1271,2
1908,987,2
552,1266,2
552,1249,2
1908,1107,2
1908,1429,2
552,1247,2
1908,1600,2
552,1302,2
552,1035,2
1908,1641,2
552,484,2
551,1984,2
551,1793,2
551,1348,2
551,1332,2
551,1330,2
552,1293,2
1908,975,2
1909,355,2
1907,1497,2
552,1387,2
552,1329,2
552,1328,2
1907,760,2
1907,761,2
1907,768,2
1907,905,2
1907,1380,2
1907,1639,2
1908,768,2
1907,1640,2
1907,1642,2
1907,1657,2
1908,84,2
1908,327,2
1908,716,2
1908,734,2
1908,767,2
551,1326,2
1909,747,2
1912,986,2
1911,714,2
1911,99,2
1911,329,2
551,647,2
551,538,2
550,1985,2
1911,529,2
1911,712,2
550,1335,2
1911,735,2
551,1240,2
1911,911,2
1911,1644,2
1911,1655,2
1911,1722,2
1912,328,2
1912,697,2
1912,702,2
1912,809,2
551,1230,2
1911,59,2
1909,767,2
1910,768,2
1909,768,2
1909,975,2
1909,1613,2
1910,10,2
1910,329,2
1910,470,2
1910,747,2
1910,758,2
1910,1379,2
551,1263,2
1910,1472,2
551,1305,2
551,1304,2
551,1302,2
551,1299,2
551,1280,2
551,1274,2
551,1267,2
1894,1924,2
1894,1427,2
548,1315,2
1873,1701,2
1877,1855,2
563,1187,2
563,1062,2
563,953,2
1878,329,2
1878,606,2
1878,727,2
1878,788,2
1878,930,2
1878,1226,2
1878,1445,2
1878,1562,2
562,1324,2
1878,1669,2
562,1314,2
1878,1850,2
562,1313,2
1879,119,2
562,1308,2
1877,1665,2
563,1237,2
563,1239,2
1876,203,2
1874,346,2
1874,1175,2
1874,1183,2
1874,1851,2
1874,1860,2
1875,586,2
1875,1201,2
1875,1750,2
1876,591,2
1877,354,2
563,1254,2
1876,1053,2
563,1252,2
1876,1444,2
563,1251,2
1876,1781,2
1877,203,2
563,1247,2
562,1306,2
562,1305,2
562,1303,2
562,1178,2
562,1260,2
1881,1828,2
1882,129,2
562,1254,2
562,1252,2
1882,131,2
1882,202,2
562,1235,2
1882,222,2
1881,1190,2
562,620,2
1882,356,2
1882,719,2
1882,724,2
1882,752,2
1882,1685,2
561,1316,2
1882,1832,2
1881,1783,2
562,1264,2
562,1299,2
1880,197,2
1879,353,2
1879,354,2
562,1295,2
1879,1131,2
1879,1389,2
1879,1444,2
1879,1672,2
1880,194,2
1880,203,2
1881,718,2
1880,207,2
1880,354,2
1880,355,2
1880,716,2
1880,750,2
1880,1687,2
562,1271,2
1881,205,2
1874,207,2
1873,1389,2
1894,952,2
1873,1199,2
564,1316,2
564,1306,2
564,1300,2
564,1299,2
564,1294,2
1864,520,2
564,1290,2
1864,590,2
1864,694,2
1864,1820,2
1865,40,2
1866,294,2
1866,1019,2
564,1275,2
564,1274,2
1866,1715,2
1866,1788,2
564,1271,2
564,1270,2
1863,1756,2
564,1364,2
1863,1751,2
565,1253,2
1862,1840,2
1863,42,2
1863,144,2
1863,147,2
1863,148,2
565,1259,2
1863,524,2
565,1254,2
565,1250,2
564,1434,2
565,1240,2
565,1067,2
565,513,2
565,105,2
564,1951,2
1863,605,2
1863,610,2
1863,1714,2
1866,1916,2
1867,33,2
1867,169,2
1871,1020,2
563,1301,2
1871,973,2
563,1293,2
1871,975,2
1871,977,2
1871,979,2
1871,988,2
1871,992,2
1871,1727,2
563,1312,2
1872,35,2
1872,1398,2
1872,1537,2
1872,1761,2
1873,185,2
1873,193,2
1873,202,2
563,1271,2
563,1302,2
563,1412,2
564,1264,2
564,1251,2
1867,1056,2
564,1260,2
564,1258,2
1868,951,2
564,1256,2
564,1255,2
564,1254,2
564,1253,2
1868,1206,2
1871,964,2
564,1247,2
564,1227,2
1869,35,2
564,1068,2
1870,953,2
1871,959,2
563,1501,2
563,1480,2
1882,1847,2
561,1311,2
561,1310,2
561,1309,2
1892,198,2
1892,202,2
559,1249,2
559,1248,2
1892,211,2
559,1238,2
1892,710,2
559,1183,2
559,1182,2
559,536,2
1892,711,2
559,517,2
559,506,2
559,471,2
558,1958,2
1892,720,2
1892,725,2
558,1484,2
558,1477,2
1891,1850,2
1891,1833,2
1891,1694,2
559,1297,2
1890,1946,2
1891,716,2
1891,717,2
1891,752,2
1891,753,2
1891,759,2
1891,761,2
1891,762,2
559,1296,2
1891,1688,2
559,1285,2
559,1280,2
559,1268,2
559,1265,2
1891,1379,2
559,1260,2
559,1259,2
559,1257,2
1892,731,2
1892,736,2
558,1320,2
558,518,2
558,1252,2
1893,1805,2
737,725,2
558,1237,2
1893,1945,2
1894,310,2
1894,330,2
558,620,2
558,450,2
1893,739,2
557,1822,2
557,1582,2
557,1579,2
557,1369,2
557,1334,2
1894,733,2
1894,745,2
557,1318,2
1893,741,2
1893,737,2
1892,738,2
1893,200,2
558,1317,2
1892,748,2
1892,754,2
1892,755,2
1892,756,2
1892,1427,2
1892,1922,2
1893,197,2
1893,201,2
1893,731,2
1893,290,2
1893,352,2
1893,353,2
558,1299,2
558,1298,2
1893,697,2
558,1275,2
558,1272,2
1890,1878,2
559,1314,2
559,1319,2
561,1250,2
1884,1439,2
1884,1663,2
1884,1758,2
561,1256,2
1885,202,2
561,1255,2
561,1254,2
1885,485,2
561,644,2
561,1263,2
561,517,2
560,1733,2
560,1477,2
1885,720,2
560,1325,2
1885,1534,2
1885,1836,2
1886,184,2
1884,1171,2
1884,660,2
560,1312,2
1883,355,2
1883,171,2
1883,195,2
561,1305,2
561,1304,2
1883,201,2
561,1302,2
1883,212,2
1883,285,2
1883,565,2
1884,169,2
1883,587,2
1883,1172,2
1883,1201,2
561,1289,2
1883,1680,2
1883,1685,2
1884,134,2
1884,164,2
1886,185,2
1886,204,2
559,1413,2
560,723,2
560,1258,2
1889,354,2
1889,753,2
560,1254,2
1889,1790,2
560,1249,2
560,1247,2
1890,738,2
1890,1479,2
560,1262,2
1890,1594,2
560,530,2
560,508,2
560,472,2
560,462,2
559,1477,2
559,1415,2
1890,1688,2
1889,338,2
1888,1891,2
1886,340,2
1887,1662,2
1886,345,2
1886,564,2
1886,812,2
1886,827,2
1886,1551,2
1886,1715,2
1887,812,2
1887,1028,2
1887,1762,2
560,1281,2
1887,1899,2
1888,741,2
560,1294,2
560,1293,2
1888,756,2
560,1289,2
560,1283,2
1888,1552,2
1920,645,2
548,1311,2
524,1310,2
532,1313,2
532,1227,2
1944,720,2
532,1009,2
532,925,2
531,1548,2
531,1343,2
531,1338,2
531,1333,2
531,1332,2
1944,1056,2
531,1330,2
1944,1071,2
531,1327,2
531,1320,2
531,1319,2
1944,1848,2
531,1316,2
531,1315,2
1944,1849,2
532,1230,2
1944,404,2
532,1246,2
532,1292,2
532,1304,2
532,1303,2
532,1302,2
1942,726,2
1942,886,2
1942,1774,2
1942,1870,2
1943,4,2
1943,209,2
532,1275,2
1943,402,2
1943,665,2
1943,711,2
1943,730,2
1943,1053,2
1943,1936,2
1944,120,2
1944,172,2
1945,2,2
1945,95,2
531,1309,2
531,630,2
531,1247,2
531,1242,2
531,1239,2
531,1233,2
531,1231,2
531,1224,2
531,978,2
531,639,2
531,627,2
1946,1850,2
1946,1957,2
531,575,2
530,1548,2
1947,95,2
530,1342,2
530,1338,2
530,1337,2
530,1335,2
1946,1914,2
1946,1849,2
1945,369,2
1945,1719,2
1945,736,2
1945,740,2
531,1304,2
1945,815,2
531,1302,2
1945,1500,2
531,1297,2
1945,1546,2
1946,222,2
1946,1726,2
531,1288,2
1946,241,2
531,1284,2
1946,715,2
1946,768,2
1946,1484,2
1946,1694,2
1946,1721,2
1942,720,2
532,1315,2
1937,344,2
532,1548,2
535,1236,2
535,464,2
535,463,2
535,330,2
535,317,2
534,1317,2
534,1313,2
534,1312,2
1937,1942,2
1938,722,2
1938,755,2
534,1307,2
534,1305,2
534,1304,2
534,1297,2
534,1294,2
1938,1040,2
1938,1555,2
534,1291,2
1937,1608,2
1937,1301,2
535,1243,2
535,1319,2
536,663,2
1937,722,2
1937,724,2
536,299,2
535,1590,2
535,1580,2
535,1579,2
1937,750,2
535,1317,2
535,1270,2
535,1315,2
535,1314,2
535,1313,2
1937,783,2
1937,1125,2
535,1305,2
535,1276,2
535,1272,2
1938,1652,2
534,1283,2
534,1273,2
1941,55,2
533,1311,2
1940,87,2
533,1308,2
533,1307,2
1940,933,2
1940,1719,2
1940,1724,2
1940,1735,2
1941,405,2
1939,1750,2
1941,737,2
1941,768,2
1941,1879,2
533,1236,2
1942,345,2
533,1221,2
533,1073,2
533,639,2
1939,1794,2
533,1322,2
534,1272,2
534,645,2
1939,706,2
534,1256,2
534,1242,2
1939,745,2
1939,761,2
534,1233,2
534,1231,2
534,876,2
534,641,2
533,1327,2
534,640,2
534,631,2
1939,1600,2
534,617,2
534,470,2
534,35,2
533,1548,2
533,1345,2
1947,714,2
1947,783,2
530,1327,2
1947,791,2
1953,98,2
1953,117,2
527,997,2
527,634,2
526,1317,2
526,1315,2
526,1314,2
1953,222,2
1953,320,2
526,1312,2
526,1310,2
526,1308,2
526,1306,2
1953,369,2
526,1301,2
1953,428,2
1953,719,2
526,1281,2
526,1280,2
1953,78,2
1952,1657,2
1952,1433,2
528,453,2
528,1226,2
528,639,2
528,638,2
1951,1548,2
528,636,2
528,635,2
1951,1719,2
528,627,2
1951,1906,2
527,1267,2
1952,35,2
527,1309,2
1952,37,2
527,1304,2
527,1287,2
527,1271,2
1952,221,2
1952,1296,2
1953,1594,2
1953,1716,2
526,1264,2
524,1479,2
525,1214,2
1955,1093,2
525,460,2
1955,1115,2
525,458,2
525,436,2
524,1834,2
524,1830,2
1955,1404,2
525,1251,2
524,1324,2
524,1321,2
524,1317,2
524,1316,2
524,1315,2
524,1314,2
1955,1614,2
1955,1716,2
525,1228,2
1955,1062,2
526,1261,2
525,1291,2
526,1225,2
526,631,2
525,1317,2
525,1314,2
1954,154,2
525,1309,2
525,1306,2
525,1305,2
525,1281,2
1955,756,2
1955,101,2
525,1278,2
1955,428,2
525,1277,2
525,1271,2
1955,528,2
525,1258,2
525,1254,2
1951,1115,2
1951,1093,2
528,1258,2
529,1321,2
530,634,2
1949,765,2
530,473,2
529,1676,2
529,1579,2
529,1374,2
1949,779,2
1949,1221,2
529,1319,2
530,644,2
529,1317,2
529,1314,2
529,1313,2
1949,1636,2
1949,1737,2
529,1307,2
529,1306,2
1949,1755,2
530,635,2
1949,748,2
529,1302,2
530,1288,2
530,1316,2
1948,89,2
530,1312,2
1948,94,2
530,1303,2
1948,748,2
530,1298,2
530,1295,2
1948,1551,2
1949,730,2
1948,1623,2
1948,1869,2
1948,1900,2
1948,1912,2
1948,1944,2
530,1268,2
530,1232,2
530,1227,2
529,1304,2
529,1298,2
1951,744,2
528,1300,2
1950,1046,2
1950,1850,2
1951,2,2
1951,41,2
528,1306,2
528,1305,2
528,1303,2
1951,60,2
528,1299,2
1950,744,2
528,1289,2
528,1281,2
528,1278,2
528,1275,2
528,1272,2
528,1270,2
1951,415,2
1951,436,2
1950,755,2
528,1328,2
1949,1849,2
529,1238,2
529,1286,2
529,1284,2
529,1282,2
529,1278,2
529,1274,2
1949,1851,2
1949,1944,2
529,1269,2
1950,2,2
528,1338,2
1950,112,2
529,1230,2
529,1224,2
529,639,2
529,636,2
1950,261,2
529,620,2
1950,265,2
536,1226,2
536,1235,2
548,1309,2
545,1336,2
1925,918,2
545,904,2
1925,1481,2
545,733,2
545,732,2
1925,1521,2
545,476,2
544,1805,2
1925,1656,2
1925,1732,2
1925,1907,2
544,1337,2
544,1330,2
1925,1908,2
544,1309,2
1926,705,2
1926,919,2
544,1275,2
1926,1038,2
545,1221,2
545,1238,2
1925,916,2
1924,1521,2
545,1332,2
1924,704,2
545,1325,2
545,1319,2
1924,753,2
545,1311,2
1924,817,2
1924,818,2
545,1297,2
545,1245,2
545,1283,2
545,1282,2
1925,100,2
1925,246,2
1925,449,2
1925,728,2
1925,827,2
545,1246,2
1926,1224,2
544,1268,2
544,1267,2
543,477,2
1929,75,2
543,1267,2
543,1264,2
543,1261,2
543,1248,2
1929,199,2
1929,786,2
543,1223,2
542,1766,2
543,1271,2
542,1340,2
542,1324,2
1929,1589,2
1929,1653,2
542,1308,2
542,1296,2
542,1291,2
542,1285,2
1928,1112,2
1928,768,2
544,1248,2
1927,739,2
544,1244,2
544,1215,2
544,1191,2
544,707,2
544,292,2
543,1325,2
543,1321,2
543,1313,2
1927,1477,2
543,1276,2
1927,1718,2
1927,1824,2
543,1294,2
543,1293,2
543,1290,2
1927,1841,2
1928,1,2
1928,61,2
545,1334,2
1924,60,2
536,1236,2
1924,28,2
1921,55,2
1921,235,2
1921,643,2
1921,719,2
547,1339,2
547,1338,2
1921,747,2
1921,755,2
1921,756,2
1921,757,2
1921,768,2
1921,836,2
1921,1356,2
547,1323,2
1921,1650,2
547,1322,2
1921,1735,2
547,1311,2
547,1308,2
548,453,2
548,540,2
548,1217,2
548,1287,2
1920,733,2
1920,744,2
548,1305,2
1920,755,2
548,1300,2
548,1296,2
548,1292,2
548,1290,2
548,1285,2
548,1240,2
1920,1354,2
548,1281,2
1920,1423,2
1920,1734,2
548,1264,2
548,1247,2
1921,15,2
548,1242,2
1921,1867,2
547,1300,2
1921,1911,2
546,1266,2
1923,718,2
1923,724,2
546,1275,2
546,1274,2
1923,753,2
546,1269,2
1923,756,2
1923,757,2
546,1253,2
546,1291,2
546,1252,2
546,1250,2
546,1246,2
1923,1601,2
546,1244,2
546,716,2
546,214,2
545,1805,2
1923,435,2
1923,198,2
547,1287,2
1922,756,2
547,1285,2
1922,35,2
1922,39,2
547,1271,2
1922,193,2
547,1269,2
547,1264,2
1922,740,2
547,1224,2
546,1310,2
1922,1552,2
546,1398,2
1922,1655,2
546,1337,2
1922,1998,2
1923,60,2
546,1323,2
546,1312,2
542,1282,2
542,1278,2
542,1277,2
542,1276,2
539,480,2
539,474,2
1934,1755,2
539,472,2
539,436,2
538,1916,2
538,1915,2
1934,1956,2
538,1663,2
1934,1992,2
1935,93,2
1935,181,2
538,1295,2
1935,283,2
1935,661,2
1935,1125,2
538,1285,2
1935,1755,2
538,1274,2
1934,1651,2
539,498,2
1934,768,2
1934,55,2
1933,1654,2
1933,1732,2
1933,1742,2
1933,1754,2
1933,1825,2
539,1274,2
1934,9,2
539,1269,2
539,1256,2
539,904,2
539,1242,2
539,1241,2
539,1240,2
1934,581,2
539,1237,2
1934,757,2
539,1230,2
1934,767,2
538,1269,2
1935,1756,2
538,1237,2
1936,1942,2
536,1846,2
536,1504,2
536,1478,2
536,1467,2
536,1375,2
1936,1346,2
536,1313,2
1936,1849,2
1936,1943,2
537,470,2
536,1309,2
536,1308,2
1937,299,2
536,1286,2
536,1280,2
536,1279,2
536,1270,2
536,1237,2
537,10,2
537,473,2
538,1236,2
537,1305,2
1935,1923,2
538,813,2
1936,284,2
538,469,2
537,1963,2
537,1315,2
537,1313,2
1936,364,2
537,1297,2
537,1225,2
537,1290,2
537,1288,2
537,1281,2
537,1279,2
537,1245,2
1936,732,2
1936,750,2
1936,1042,2
539,1291,2
1933,1055,2
539,1299,2
1931,730,2
541,1307,2
541,1305,2
541,1304,2
541,1287,2
1931,98,2
541,1278,2
541,1276,2
1931,354,2
1931,871,2
1930,1591,2
541,1267,2
541,1254,2
1931,1046,2
541,1242,2
1931,1091,2
541,1240,2
1931,1611,2
541,1239,2
541,1309,2
1930,1283,2
1931,1642,2
542,1245,2
542,1274,2
1929,1656,2
1929,1732,2
1929,1734,2
1929,1807,2
1929,1998,2
1930,88,2
542,1265,2
1930,93,2
1930,1039,2
542,1241,2
542,1237,2
1930,745,2
1930,761,2
542,483,2
1930,860,2
542,289,2
541,1471,2
541,1238,2
541,1232,2
539,1309,2
1933,746,2
540,1269,2
1932,1850,2
1932,1951,2
540,1254,2
1933,9,2
540,1249,2
540,1241,2
1933,57,2
540,1238,2
540,1271,2
1933,784,2
540,1227,2
540,1211,2
540,936,2
540,921,2
540,495,2
539,1836,2
1933,1043,2
1932,1720,2
1932,852,2
541,1051,2
540,1316,2
541,975,2
541,962,2
1931,1901,2
1932,118,2
541,483,2
541,473,2
1932,714,2
1932,727,2
1932,732,2
540,1282,2
1932,735,2
1932,743,2
540,1295,2
540,1292,2
540,1291,2
540,1289,2
540,1285,2
540,1283,2
1760,450,2
1402,1730,2
1760,448,2
1198,1562,2
1199,1344,2
1199,891,2
1199,422,2
1480,784,2
1480,1996,2
1481,619,2
1481,627,2
1198,1843,2
1198,1571,2
1198,1548,2
1189,1950,2
1198,585,2
1481,678,2
1198,415,2
1481,838,2
1481,1231,2
1198,148,2
1481,1535,2
1481,1603,2
1197,1857,2
1199,1535,2
1480,704,2
1199,1931,2
1199,1983,2
1201,1827,2
1478,301,2
1201,1330,2
1478,505,2
1201,1231,2
1201,1009,2
1478,617,2
1478,1514,2
1201,154,2
1478,1557,2
1200,1861,2
1478,1616,2
1479,502,2
1200,1328,2
1479,506,2
1479,663,2
1200,149,2
1479,1999,2
1199,1987,2
1197,1562,2
1197,1410,2
1197,1409,2
1193,389,2
1192,1971,2
1192,1929,2
1192,1580,2
1192,798,2
1192,320,2
1191,1829,2
1191,1685,2
1191,1568,2
1191,1551,2
1483,509,2
1191,1439,2
1191,1315,2
1191,137,2
1191,135,2
1190,1878,2
1190,1556,2
1483,543,2
1190,1062,2
1190,828,2
1482,1688,2
1193,1543,2
1481,1759,2
1193,1546,2
1197,478,2
1197,151,2
1196,1846,2
1196,1845,2
1196,1574,2
1482,616,2
1196,152,2
1196,151,2
1482,619,2
1195,1877,2
1195,1497,2
1195,479,2
1195,153,2
1482,628,2
1194,1660,2
1482,717,2
1194,157,2
1194,156,2
1194,149,2
1201,1864,2
1477,1645,2
1477,1633,2
1210,1831,2
1210,1736,2
1474,1241,2
1210,520,2
1210,149,2
1474,1500,2
1209,1858,2
1209,1573,2
1209,1122,2
1474,1619,2
1208,1841,2
1208,1773,2
1208,1650,2
1208,1578,2
1475,1604,2
1208,662,2
1208,152,2
1207,1650,2
1207,1557,2
1207,1503,2
1474,1232,2
1210,1848,2
1476,435,2
1473,1954,2
1472,1562,2
1213,156,2
1213,150,2
1212,1935,2
1212,1734,2
1212,1733,2
1212,1565,2
1472,1987,2
1212,336,2
1212,158,2
1211,1936,2
1211,1934,2
1473,1216,2
1473,1435,2
1473,1517,2
1211,337,2
1473,1647,2
1211,149,2
1473,1945,2
1475,1612,2
1207,320,2
1201,1951,2
1204,91,2
1203,1464,2
1203,570,2
1203,158,2
1203,149,2
1203,148,2
1476,1950,2
1203,146,2
1203,140,2
1202,1827,2
1202,1335,2
1202,414,2
1202,253,2
1477,723,2
1477,965,2
1202,157,2
1477,1508,2
1202,154,2
1477,1617,2
1202,140,2
1476,1949,2
1476,1772,2
1206,1970,2
1476,1771,2
1476,895,2
1206,1593,2
1206,1532,2
1476,1241,2
1205,1916,2
1205,1337,2
1205,1336,2
1205,1324,2
1205,1178,2
1205,775,2
1205,158,2
1476,1570,2
1204,1970,2
1476,1645,2
1204,1843,2
1204,1324,2
1204,1308,2
1204,1210,2
1204,159,2
1189,1951,2
1189,1204,2
1272,473,2
1161,22,2
1162,22,2
1161,1999,2
1161,1861,2
1488,1182,2
1161,1211,2
1161,1204,2
1161,1161,2
1161,1160,2
1161,1091,2
1488,1186,2
1188,138,2
1160,729,2
1160,641,2
1160,189,2
1160,22,2
1159,1858,2
1159,186,2
1158,1184,2
1158,20,2
1157,932,2
1488,1178,2
1162,231,2
1162,1483,2
1162,1650,2
1487,1920,2
1169,1670,2
1169,845,2
1169,588,2
1488,388,2
1168,1887,2
1168,106,2
1167,1605,2
1166,1492,2
1166,900,2
1165,1930,2
1165,1687,2
1165,1162,2
1488,392,2
1165,384,2
1488,434,2
1488,506,2
1164,1651,2
1163,1162,2
1157,740,2
1156,903,2
1156,635,2
1150,1445,2
1150,57,2
1150,14,2
1149,1507,2
1490,508,2
1148,1612,2
1490,1106,2
1490,1186,2
1148,1505,2
1148,1501,2
1490,1502,2
1490,1511,2
1491,103,2
1491,143,2
1148,1494,2
1491,365,2
1148,1490,2
1148,1084,2
1148,19,2
1148,18,2
1150,1368,2
1151,1115,2
1488,1919,2
1152,13,2
1489,451,2
1489,508,2
1154,901,2
1154,574,2
1153,1867,2
1489,1177,2
1153,1780,2
1153,1030,2
1489,1632,2
1490,103,2
1153,146,2
1490,105,2
1153,22,2
1153,15,2
1490,140,2
1152,1486,2
1152,740,2
1152,57,2
1490,436,2
1170,553,2
1170,1674,2
1171,22,2
1484,624,2
1183,118,2
1484,1678,2
1484,1870,2
1183,17,2
1183,15,2
1182,1671,2
1182,1669,2
1182,1650,2
1485,99,2
1182,319,2
1181,1830,2
1181,1668,2
1181,1267,2
1181,1255,2
1181,700,2
1181,641,2
1181,640,2
1180,1562,2
1180,1550,2
1183,1828,2
1184,37,2
1180,902,2
1184,480,2
1483,1227,2
1483,1310,2
1187,1540,2
1187,17,2
1186,1828,2
1186,1596,2
1483,1326,2
1483,1389,2
1185,1550,2
1184,1841,2
1483,1533,2
1484,388,2
1184,1830,2
1484,438,2
1184,1828,2
1184,1325,2
1184,1256,2
1184,1211,2
1484,512,2
1485,1383,2
1180,894,2
1171,421,2
1487,447,2
1487,459,2
1175,1496,2
1175,919,2
1175,511,2
1175,311,2
1174,1995,2
1487,1498,2
1174,1235,2
1174,508,2
1174,18,2
1173,1701,2
1173,509,2
1172,1850,2
1172,1814,2
1172,953,2
1172,528,2
1172,17,2
1171,1323,2
1171,422,2
1176,1728,2
1176,1939,2
1485,1470,2
1177,90,2
1180,208,2
1180,36,2
1485,1685,2
1179,1628,2
1179,1562,2
1179,1489,2
1485,1921,2
1179,251,2
1179,22,2
1179,15,2
1178,1320,2
1178,1231,2
1178,1210,2
1486,1036,2
1486,1188,2
1486,1196,2
1486,1757,2
1177,700,2
1487,371,2
1214,1751,2
1472,151,2
1472,54,2
1459,1631,2
1249,567,2
1249,431,2
1458,1981,2
1459,1176,2
1248,1718,2
1248,1641,2
1459,1500,2
1248,1387,2
1459,1536,2
1248,1186,2
1471,1614,2
1248,1185,2
1247,1605,2
1247,1604,2
1247,1186,2
1459,1639,2
1460,944,2
1460,1426,2
1246,1245,2
1460,1610,2
1249,1066,2
1458,1974,2
1249,1720,2
1249,1728,2
1457,1784,2
1457,1811,2
1458,325,2
1252,1036,2
1458,418,2
1458,1602,2
1458,1638,2
1252,362,2
1251,1816,2
1458,1654,2
1250,1559,2
1250,1543,2
1250,1498,2
1250,1232,2
1458,1717,2
1250,381,2
1250,120,2
1249,1980,2
1458,1735,2
1460,1629,2
1246,431,2
1246,84,2
1242,1752,2
1242,1604,2
1242,1424,2
1242,1222,2
1242,470,2
1242,347,2
1241,1953,2
1461,1516,2
1241,1176,2
1241,452,2
1240,1991,2
1240,1606,2
1240,1572,2
1240,1551,2
1240,1241,2
1461,1627,2
1240,732,2
1240,731,2
1240,603,2
1462,739,2
1242,1719,2
1243,368,2
1245,1717,2
1461,1241,2
1245,379,2
1245,378,2
1245,344,2
1245,142,2
1244,1953,2
1244,1876,2
1460,1744,2
1461,659,2
1244,1247,2
1461,1207,2
1244,1105,2
1244,915,2
1461,1230,2
1243,1720,2
1243,1641,2
1243,1558,2
1461,1232,2
1243,1232,2
1243,776,2
1252,1257,2
1252,1546,2
1253,381,2
1268,114,2
1268,50,2
1267,1844,2
1267,1288,2
1455,1551,2
1266,1998,2
1266,1689,2
1455,1633,2
1455,1641,2
1266,1135,2
1266,1018,2
1266,361,2
1265,1981,2
1456,425,2
1265,720,2
1265,389,2
1264,1834,2
1264,1237,2
1264,720,2
1456,1243,2
1268,105,2
1268,913,2
1264,600,2
1455,1533,2
1454,1869,2
1271,1830,2
1271,1608,2
1271,1606,2
1454,1972,2
1455,433,2
1270,485,2
1270,479,2
1270,118,2
1270,114,2
1269,1547,2
1455,1147,2
1269,1217,2
1269,1152,2
1455,1391,2
1269,913,2
1269,598,2
1268,1979,2
1455,1421,2
1264,713,2
1264,596,2
1253,412,2
1259,1960,2
1259,339,2
1258,1914,2
1258,378,2
1258,118,2
1257,1245,2
1257,1118,2
1257,871,2
1257,340,2
1257,336,2
1256,446,2
1256,333,2
1255,1538,2
1457,1739,2
1254,1720,2
1254,1717,2
1254,411,2
1254,358,2
1254,241,2
1253,1174,2
1259,1950,2
1260,420,2
1264,413,2
1260,1141,2
1263,1997,2
1263,1854,2
1263,381,2
1263,369,2
1263,141,2
1262,1836,2
1262,1811,2
1262,1604,2
1262,1601,2
1262,1565,2
1456,1613,2
1456,1695,2
1262,380,2
1261,1969,2
1261,1845,2
1457,425,2
1457,427,2
1457,442,2
1457,1636,2
1462,894,2
1239,1569,2
1462,1232,2
1468,937,2
1223,157,2
1468,1236,2
1222,1580,2
1222,1558,2
1222,1549,2
1222,1232,2
1468,1435,2
1468,1627,2
1222,1203,2
1468,1738,2
1222,605,2
1468,1904,2
1221,1854,2
1221,1451,2
1221,1231,2
1469,620,2
1469,639,2
1221,959,2
1221,698,2
1468,1077,2
1468,794,2
1220,1573,2
1223,1231,2
1226,136,2
1225,1780,2
1467,1278,2
1225,1562,2
1225,1547,2
1467,1435,2
1467,1511,2
1467,1561,2
1224,1524,2
1224,1252,2
1467,1717,2
1224,431,2
1224,399,2
1224,307,2
1223,1559,2
1468,513,2
1223,1252,2
1223,1243,2
1223,1233,2
1221,606,2
1220,1231,2
1226,336,2
1218,399,2
1217,1752,2
1217,1320,2
1216,1866,2
1216,1755,2
1216,1754,2
1470,434,2
1216,1751,2
1470,467,2
1216,1545,2
1470,776,2
1471,646,2
1216,1203,2
1216,909,2
1216,670,2
1471,1230,2
1471,1231,2
1215,1430,2
1215,1421,2
1471,1398,2
1217,1859,2
1469,1990,2
1220,1205,2
1469,1657,2
1469,724,2
1220,685,2
1469,1307,2
1220,606,2
1220,57,2
1220,56,2
1219,1563,2
1219,1557,2
1219,1541,2
1469,1577,2
1219,1205,2
1219,1120,2
1219,777,2
1469,1599,2
1469,1646,2
1218,1858,2
1218,1436,2
1218,1255,2
1218,925,2
1226,154,2
1226,368,2
1462,1315,2
1235,1263,2
1235,1254,2
1463,1615,2
1235,363,2
1235,15,2
1234,1903,2
1234,1765,2
1234,1575,2
1234,1254,2
1234,1118,2
1234,1117,2
1464,666,2
1464,1220,2
1233,1577,2
1233,1547,2
1233,1233,2
1233,1230,2
1465,30,2
1232,1554,2
1232,1471,2
1235,1262,2
1235,1616,2
1231,1890,2
1463,1510,2
1462,1541,2
1238,955,2
1238,601,2
1238,568,2
1238,393,2
1462,1566,2
1237,1644,2
1237,1610,2
1462,1596,2
1237,906,2
1237,731,2
1237,614,2
1236,1998,2
1236,1587,2
1463,544,2
1463,1455,2
1236,1013,2
1236,867,2
1235,1982,2
1465,1068,2
1231,1887,2
1467,1223,2
1229,1250,2
1466,664,2
1466,665,2
1466,893,2
1229,22,2
1228,1744,2
1466,1408,2
1228,643,2
1228,142,2
1227,1677,2
1227,1545,2
1227,919,2
1227,791,2
1227,737,2
1227,328,2
1226,1325,2
1226,1245,2
1467,1076,2
1226,791,2
1226,431,2
1466,626,2
1229,1338,2
1231,1744,2
1229,1590,2
1231,1610,2
1231,1565,2
1231,1469,2
1231,1242,2
1465,1218,2
1231,737,2
1231,512,2
1230,1940,2
1465,1560,2
1230,1572,2
1230,1320,2
1230,1259,2
1230,1242,2
1230,1241,2
1465,1886,2
1230,372,2
1230,304,2
1465,1976,2
1229,1937,2
1147,1976,2
1491,394,2
1147,1507,2
1515,1428,2
1515,102,2
1077,199,2
1076,1948,2
1076,1611,2
1515,757,2
1076,443,2
1076,236,2
1076,67,2
1075,1610,2
1515,1738,2
1092,1359,2
1516,89,2
1516,380,2
1075,1143,2
1075,1085,2
1075,131,2
1074,1624,2
1074,1618,2
1074,1615,2
1516,669,2
1077,1849,2
1078,891,2
1514,720,2
1514,449,2
1513,507,2
1080,888,2
1080,886,2
1513,1740,2
1514,67,2
1080,453,2
1080,68,2
1079,1612,2
1514,94,2
1079,1580,2
1079,899,2
1079,892,2
1079,858,2
1079,681,2
1079,160,2
1079,110,2
1079,67,2
1514,436,2
1078,1626,2
1516,760,2
1516,1192,2
1073,1610,2
1071,518,2
1518,108,2
1518,355,2
1070,1540,2
1518,380,2
1070,768,2
1069,1910,2
1069,1786,2
1069,212,2
1068,1910,2
1518,675,2
1068,1856,2
1068,1429,2
1518,1180,2
1067,1626,2
1067,1625,2
1067,1609,2
1067,1608,2
1518,1531,2
1518,1667,2
1070,1898,2
1071,664,2
1517,66,2
1071,1509,2
1517,390,2
1073,179,2
1073,15,2
1517,622,2
1517,758,2
1072,1612,2
1072,1611,2
1517,1427,2
1517,1505,2
1072,1075,2
1517,1994,2
1072,190,2
1072,187,2
1072,176,2
1518,68,2
1071,1618,2
1071,1612,2
1518,98,2
1071,1527,2
1080,1646,2
1513,87,2
1081,339,2
1088,1341,2
1088,764,2
1088,585,2
1508,890,2
1088,149,2
1088,116,2
1508,1772,2
1088,1,2
1508,1868,2
1087,1659,2
1508,1872,2
1087,1501,2
1087,1494,2
1509,98,2
1509,103,2
1087,1488,2
1087,1485,2
1509,310,2
1087,1335,2
1087,1317,2
1088,766,2
1508,787,2
1086,1913,2
1508,780,2
1507,676,2
1507,901,2
1091,1265,2
1091,985,2
1507,1817,2
1091,573,2
1091,113,2
1090,1640,2
1508,101,2
1508,106,2
1089,1656,2
1089,1500,2
1508,140,2
1089,1495,2
1089,1494,2
1089,1493,2
1089,1489,2
1088,1657,2
1508,676,2
1087,759,2
1086,1658,2
1081,968,2
1083,1649,2
1510,1714,2
1511,347,2
1083,760,2
1511,614,2
1511,948,2
1083,678,2
1511,1570,2
1082,1904,2
1082,1615,2
1082,1608,2
1082,1414,2
1082,1376,2
1512,94,2
1512,676,2
1082,438,2
1082,73,2
1081,1811,2
1081,1662,2
1081,1633,2
1083,1622,2
1084,371,2
1086,1656,2
1084,681,2
1086,1355,2
1509,946,2
1086,50,2
1085,1656,2
1085,1505,2
1509,967,2
1085,1015,2
1509,1241,2
1509,1702,2
1085,432,2
1085,426,2
1510,32,2
1084,1482,2
1510,691,2
1084,1372,2
1084,1370,2
1084,1016,2
1510,1241,2
1510,1522,2
1067,1233,2
1067,659,2
1519,331,2
1527,1308,2
1528,1191,2
1528,1199,2
1528,1201,2
1048,56,2
1047,1945,2
1047,1658,2
1047,1650,2
1047,1018,2
1047,1015,2
1047,1013,2
1047,753,2
1047,698,2
1047,78,2
1528,1203,2
1528,1219,2
1046,1944,2
1528,1227,2
1046,1812,2
1528,1321,2
1527,1835,2
1527,1199,2
1046,698,2
1049,1010,2
1053,1715,2
1526,676,2
1053,204,2
1052,1602,2
1526,1187,2
1052,93,2
1051,1601,2
1051,1016,2
1526,1192,2
1050,1461,2
1526,1389,2
1526,1723,2
1050,96,2
1526,1923,2
1526,1996,2
1050,95,2
1527,82,2
1527,460,2
1527,624,2
1046,1016,2
1528,1388,2
1525,1994,2
1530,1188,2
1040,643,2
1530,1284,2
1040,58,2
1530,1988,2
1039,1972,2
1531,1189,2
1039,567,2
1531,1190,2
1039,66,2
1039,56,2
1531,1191,2
1038,1406,2
1531,1367,2
1038,431,2
1531,1544,2
1037,1772,2
1037,1404,2
1531,1819,2
1531,1906,2
1040,1685,2
1041,56,2
1528,1835,2
1530,1187,2
1045,1303,2
1529,57,2
1529,454,2
1529,1194,2
1529,1197,2
1044,1051,2
1529,1201,2
1529,1202,2
1529,1388,2
1529,1470,2
1529,1569,2
1043,204,2
1530,45,2
1530,330,2
1042,1971,2
1042,204,2
1530,662,2
1530,1182,2
1041,1999,2
1054,96,2
1054,930,2
1066,1898,2
1521,94,2
1062,1619,2
1062,1616,2
1062,1606,2
1521,1182,2
1062,804,2
1062,756,2
1521,1361,2
1061,1357,2
1521,1363,2
1521,1409,2
1061,282,2
1060,1593,2
1060,771,2
1522,94,2
1522,678,2
1059,1871,2
1059,1771,2
1059,1740,2
1059,1652,2
1062,1855,2
1063,844,2
1059,1610,2
1521,68,2
1519,1103,2
1066,1611,2
1519,1188,2
1066,87,2
1519,1857,2
1065,1347,2
1520,356,2
1064,1625,2
1520,1181,2
1064,1383,2
1064,423,2
1064,269,2
1064,188,2
1520,1188,2
1520,1352,2
1520,1353,2
1063,1725,2
1063,1723,2
1520,1730,2
1059,1617,2
1059,1088,2
1525,1987,2
1525,678,2
1525,1268,2
1056,1909,2
1056,1780,2
1056,1655,2
1525,1322,2
1056,1598,2
1525,1323,2
1056,1258,2
1056,1015,2
1056,211,2
1055,1999,2
1525,1556,2
1525,1578,2
1055,1645,2
1055,1012,2
1055,744,2
1525,1743,2
1055,160,2
1054,1781,2
1057,1627,2
1525,660,2
1522,1183,2
1525,91,2
1522,1187,2
1522,1188,2
1059,746,2
1059,745,2
1059,493,2
1058,1995,2
1058,1180,2
1058,824,2
1522,1314,2
1522,1352,2
1522,1593,2
1523,94,2
1523,1181,2
1523,1187,2
1058,643,2
1523,1330,2
1524,660,2
1524,1181,2
1524,1189,2
1092,573,2
1092,1491,2
1146,1507,2
1125,606,2
1127,538,2
1127,421,2
1127,201,2
1497,1340,2
1497,1525,2
1497,1580,2
1497,1608,2
1125,1498,2
1497,1919,2
1125,147,2
1092,1719,2
1125,83,2
1125,18,2
1125,17,2
1125,15,2
1124,994,2
1123,1732,2
1123,1495,2
1123,1378,2
1123,994,2
1127,1433,2
1127,1448,2
1127,1497,2
1127,1607,2
1132,767,2
1132,125,2
1132,20,2
1131,228,2
1131,18,2
1131,17,2
1131,14,2
1130,1450,2
1496,102,2
1129,1445,2
1496,1478,2
1129,829,2
1129,537,2
1129,200,2
1129,17,2
1496,1509,2
1128,1449,2
1496,1568,2
1128,17,2
1497,1922,2
1498,101,2
1123,673,2
1120,518,2
1119,1997,2
1499,1109,2
1119,1906,2
1119,1492,2
1499,1185,2
1499,1187,2
1119,1471,2
1119,1446,2
1119,1440,2
1119,1291,2
1119,336,2
1119,188,2
1499,1525,2
1119,187,2
1118,1906,2
1118,1905,2
1118,1903,2
1118,1889,2
1499,1526,2
1499,455,2
1120,1389,2
1123,363,2
1499,379,2
1123,123,2
1498,675,2
1122,1447,2
1122,950,2
1122,98,2
1121,1882,2
1121,1847,2
1498,677,2
1498,1108,2
1121,1493,2
1498,1183,2
1121,671,2
1121,423,2
1121,200,2
1120,1882,2
1120,1493,2
1498,1607,2
1498,1998,2
1499,105,2
1495,1799,2
1495,1499,2
1495,1218,2
1492,411,2
1143,1103,2
1143,643,2
1492,472,2
1492,514,2
1492,1468,2
1492,1477,2
1143,19,2
1141,1844,2
1141,1684,2
1492,1860,2
1492,1901,2
1493,439,2
1493,471,2
1141,1494,2
1141,951,2
1141,510,2
1140,1494,2
1493,1803,2
1493,1989,2
1492,439,2
1144,18,2
1140,883,2
1144,188,2
1491,808,2
1146,180,2
1491,853,2
1146,19,2
1146,18,2
1145,1686,2
1145,1488,2
1145,1085,2
1491,1506,2
1145,1082,2
1491,1541,2
1491,1876,2
1145,755,2
1145,170,2
1145,19,2
1144,1500,2
1492,105,2
1144,1326,2
1144,953,2
1140,948,2
1494,364,2
1132,1281,2
1135,1495,2
1135,952,2
1135,549,2
1135,230,2
1135,16,2
1134,1882,2
1134,1503,2
1134,924,2
1134,550,2
1495,472,2
1134,227,2
1133,1478,2
1133,1432,2
1133,976,2
1495,1122,2
410,1017,2
1133,20,2
1132,1828,2
1132,1497,2
1132,1445,2
1495,452,2
1135,1722,2
1140,199,2
1136,393,2
1139,1781,2
1139,1282,2
1138,1733,2
1494,371,2
1494,389,2
1138,1308,2
1138,525,2
1138,16,2
1494,1504,2
1494,1612,2
1137,1384,2
1137,1383,2
1495,109,2
1137,793,2
1137,20,2
1495,364,2
1136,1043,2
1136,905,2
1136,540,2
1118,1457,2
1118,1446,2
1118,1445,2
1101,1348,2
1100,1658,2
1502,457,2
1502,907,2
1100,1359,2
1100,1107,2
1100,230,2
1099,1904,2
1099,1496,2
1099,1365,2
1503,98,2
1099,989,2
1099,965,2
1503,277,2
1503,463,2
1099,940,2
1099,227,2
1098,1361,2
1098,1358,2
1503,946,2
1101,833,2
1101,1352,2
1098,342,2
1101,1356,2
1104,165,2
1103,1433,2
1103,1363,2
1501,1590,2
1501,1610,2
1103,1352,2
1103,1344,2
1103,983,2
1502,69,2
1102,1994,2
1502,108,2
1102,1498,2
1102,1485,2
1102,1364,2
1102,1363,2
1502,448,2
1102,939,2
1102,423,2
1101,1363,2
1098,965,2
1098,227,2
1501,1572,2
1094,1724,2
1506,93,2
1094,1362,2
1094,1328,2
1506,642,2
1094,1314,2
1094,1187,2
1506,676,2
1506,1200,2
1094,935,2
1094,932,2
1094,758,2
1093,1719,2
1507,451,2
1093,1328,2
1093,1304,2
1093,758,2
1507,641,2
1507,643,2
1093,173,2
1505,1570,2
1095,237,2
1503,1759,2
1095,247,2
1503,1813,2
1504,12,2
1504,91,2
1097,1308,2
1504,98,2
1096,1494,2
1504,449,2
1504,532,2
1504,538,2
1096,1353,2
1096,1347,2
1096,1345,2
1096,953,2
1096,184,2
1505,402,2
1505,642,2
1095,1492,2
1095,905,2
1095,900,2
1501,1578,2
1501,1568,2
1118,223,2
1499,1556,2
1112,1648,2
1499,1558,2
1112,1367,2
1112,1351,2
1112,1350,2
1112,625,2
1499,1569,2
1499,1576,2
1499,1580,2
1499,1581,2
1112,172,2
1499,1590,2
1111,1733,2
1111,1643,2
1499,1604,2
1111,1454,2
1110,1904,2
1499,1613,2
1110,1726,2
1113,172,2
1113,180,2
1500,451,2
1499,1542,2
1118,188,2
1117,1498,2
1117,1494,2
1117,1459,2
1117,129,2
1499,1528,2
1116,423,2
1116,87,2
1499,1534,2
1115,641,2
1114,1729,2
1114,1440,2
1499,1536,2
1114,666,2
1114,558,2
1114,536,2
1113,1396,2
1113,1389,2
1113,1017,2
1500,108,2
1110,1494,2
1104,1354,2
1107,1453,2
1107,1062,2
1106,1869,2
1501,1184,2
1501,1498,2
1106,1364,2
1106,1361,2
1106,1356,2
1106,1344,2
1106,1,2
1105,1537,2
1501,1524,2
1501,1538,2
1105,15,2
1104,1902,2
1104,1652,2
1104,1436,2
1501,1540,2
1104,1360,2
1104,1358,2
1107,1451,2
1107,1621,2
1500,469,2
1108,361,2
1500,910,2
1500,1185,2
1110,1491,2
1500,1499,2
1110,1490,2
1110,1488,2
1109,1485,2
1500,1612,2
1500,1921,2
1500,1978,2
1500,1983,2
1109,1023,2
1109,176,2
1108,1444,2
1108,1439,2
1501,451,2
1108,1359,2
1501,452,2
1501,471,2
1272,321,2
1272,858,2
1532,523,2
1419,1656,2
1419,1424,2
1419,1576,2
1373,1739,2
1373,1738,2
1419,1607,2
1419,1633,2
1373,1704,2
1373,1615,2
1373,1566,2
1373,1549,2
1371,427,2
1373,1501,2
1373,1462,2
1373,1408,2
1373,1362,2
1373,1174,2
1373,795,2
1373,793,2
1373,781,2
1420,127,2
1373,1914,2
1374,794,2
1374,796,2
1374,1059,2
1419,634,2
1374,1905,2
1374,1903,2
1374,1769,2
1374,1768,2
1419,635,2
1374,1742,2
1374,1737,2
1374,1734,2
1374,1721,2
1419,1211,2
1374,1568,2
1374,1567,2
1374,1560,2
1374,1547,2
1374,1535,2
1374,1217,2
1374,1198,2
1374,1188,2
1372,1933,2
1372,1910,2
1372,1904,2
1371,1741,2
1371,1739,2
1420,1548,2
1420,1613,2
1371,1586,2
1420,1872,2
1371,1549,2
1371,1548,2
1371,1425,2
1371,1289,2
1371,1288,2
1421,643,2
1371,1282,2
1371,823,2
1371,812,2
1371,750,2
1371,655,2
1421,1215,2
1421,1512,2
1421,1523,2
1420,1518,2
1371,1766,2
1372,1740,2
1371,1768,2
1420,383,2
1372,1737,2
1372,1734,2
1372,1733,2
1372,1732,2
1372,1698,2
1420,434,2
1420,437,2
1372,1548,2
1420,552,2
1372,1404,2
1372,1074,2
1372,782,2
1372,442,2
1372,433,2
1372,49,2
1371,1990,2
1371,1904,2
1371,1903,2
1375,389,2
1419,312,2
1375,781,2
1379,1498,2
1379,1325,2
1379,1275,2
1379,825,2
1379,808,2
1416,1565,2
1379,792,2
1416,1767,2
1378,1767,2
1378,1733,2
1378,1728,2
1378,1698,2
1378,1646,2
1378,1589,2
1378,1549,2
1378,1548,2
1378,1503,2
1378,1339,2
1378,1092,2
1378,797,2
1379,1334,2
1416,1548,2
1417,356,2
1379,1740,2
1381,1455,2
1381,821,2
1381,515,2
1381,125,2
1380,1767,2
1380,1745,2
1380,1706,2
1380,1600,2
1380,1561,2
1380,1548,2
1380,1515,2
1380,1505,2
1380,1438,2
1380,824,2
1380,781,2
1380,421,2
1379,1851,2
1379,1769,2
1379,1745,2
1378,784,2
1417,1497,2
1375,791,2
1376,814,2
1376,796,2
1376,792,2
1376,781,2
1376,723,2
1376,438,2
1376,422,2
1376,86,2
1376,84,2
1375,1904,2
1375,1843,2
1375,1779,2
1375,1768,2
1375,1707,2
1375,1568,2
1418,1587,2
1375,1550,2
1375,1549,2
1418,1978,2
1375,801,2
1376,808,2
1376,1195,2
1377,1904,2
1376,1318,2
1377,1767,2
1377,1741,2
1377,1701,2
1377,1699,2
1377,1693,2
1377,1549,2
1377,1548,2
1417,1548,2
1377,1254,2
1377,808,2
1377,797,2
1377,86,2
1377,83,2
1417,1924,2
1418,34,2
1376,1745,2
1376,1739,2
1376,1736,2
1376,1462,2
1371,651,2
1370,1978,2
1272,909,2
1365,1561,2
1365,1770,2
1425,1534,2
1425,1549,2
1365,1767,2
1425,1557,2
1365,1746,2
1365,1742,2
1365,1735,2
1365,1581,2
1365,1333,2
1421,1539,2
1365,1222,2
1365,1175,2
1365,1016,2
1425,1588,2
1365,813,2
1425,1619,2
1365,779,2
1425,1621,2
1365,664,2
1425,1501,2
1366,149,2
1366,197,2
1425,1498,2
1366,1768,2
1425,1006,2
1425,1065,2
1366,1739,2
1366,1734,2
1366,1594,2
1366,1584,2
1366,1548,2
1366,1512,2
1425,1206,2
1366,1327,2
1366,1254,2
1366,839,2
1366,826,2
1425,1208,2
1366,664,2
1366,662,2
1425,1451,2
1366,512,2
1365,511,2
1365,446,2
1425,1629,2
1364,782,2
1364,661,2
1364,548,2
1364,440,2
1364,90,2
1364,89,2
1363,1978,2
1427,1020,2
1363,1921,2
1427,1021,2
1427,1527,2
1363,1754,2
1427,1532,2
1427,1547,2
1427,1548,2
1427,1551,2
1427,1577,2
1427,1581,2
1363,1745,2
1363,1741,2
1364,779,2
1364,1175,2
1365,204,2
1364,1244,2
1365,201,2
1364,1933,2
1426,716,2
1426,1023,2
1364,1751,2
1364,1750,2
1426,1560,2
1426,1618,2
1364,1746,2
1426,1624,2
1426,1627,2
1364,1736,2
1364,1728,2
1364,1724,2
1364,1621,2
1364,1612,2
1364,1549,2
1364,1525,2
1364,1391,2
1425,712,2
1367,423,2
1367,439,2
1422,1509,2
1369,1767,2
1369,1742,2
1422,1578,2
1369,1737,2
1369,1734,2
1369,1711,2
1369,1551,2
1369,1507,2
1422,1720,2
1369,792,2
1422,1872,2
1423,10,2
1423,433,2
1369,423,2
1369,169,2
1423,552,2
1423,935,2
1368,1767,2
1368,1766,2
1422,1557,2
1370,428,2
1368,1743,2
1422,1482,2
1421,1549,2
1421,1560,2
1370,1766,2
1370,1754,2
1421,1566,2
1421,1593,2
1421,1618,2
1370,1735,2
1370,1733,2
1370,1700,2
1422,636,2
1370,1548,2
1422,639,2
1370,1505,2
1370,1500,2
1422,649,2
1370,1284,2
1370,814,2
1370,794,2
1423,1548,2
1423,1557,2
1424,1655,2
1367,1745,2
1424,1207,2
1424,1517,2
1367,1739,2
1367,1735,2
1367,1734,2
1367,1721,2
1367,1703,2
1367,1698,2
1367,1589,2
1367,1572,2
1367,1553,2
1424,1547,2
1424,1550,2
1367,1309,2
1367,1122,2
1367,824,2
1367,790,2
1367,664,2
1367,660,2
1367,1741,2
1367,1766,2
1368,1738,2
1367,1767,2
1368,1699,2
1368,1698,2
1368,1696,2
1368,1609,2
1368,1606,2
1368,1550,2
1423,1707,2
1368,1500,2
1368,1244,2
1368,1237,2
1368,815,2
1423,1874,2
1368,659,2
1424,631,2
1368,44,2
1368,43,2
1424,1065,2
1368,42,2
1424,1205,2
1381,1549,2
1381,1561,2
1416,422,2
1396,1650,2
1406,1575,2
1406,1580,2
1396,1745,2
1396,1741,2
1406,1991,2
1407,54,2
1407,73,2
1396,1734,2
1396,1732,2
1396,1614,2
1381,1696,2
1407,407,2
1407,777,2
1407,1539,2
1396,1551,2
1396,1548,2
1396,1506,2
1396,557,2
1395,1775,2
1395,1772,2
1406,1570,2
1396,1751,2
1396,1755,2
1396,1767,2
1406,70,2
1406,134,2
1406,371,2
1406,551,2
1406,722,2
1406,777,2
1397,1735,2
1406,1239,2
1406,1343,2
1397,1585,2
1397,1570,2
1397,1551,2
1397,1549,2
1397,1548,2
1397,1511,2
1397,1507,2
1397,666,2
1406,1346,2
1406,1527,2
1407,1613,2
1407,1633,2
1407,1918,2
1394,1744,2
1409,299,2
1394,1735,2
1394,1715,2
1394,1705,2
1409,425,2
1409,432,2
1394,1560,2
1409,614,2
1394,1516,2
1394,1511,2
1409,1076,2
1409,1550,2
1394,1301,2
1394,780,2
1409,1581,2
1393,1922,2
1393,1748,2
1410,613,2
1410,615,2
1394,1743,2
1409,172,2
1395,1745,2
1409,55,2
1395,1743,2
1395,1742,2
1408,423,2
1395,1736,2
1395,1595,2
1395,1594,2
1408,658,2
1395,1500,2
1395,1398,2
1395,1174,2
1395,1155,2
1395,851,2
1395,686,2
1408,1546,2
1408,1549,2
1394,1986,2
1394,1920,2
1394,1750,2
1394,1748,2
1405,1559,2
1397,1796,2
1405,1394,2
1401,1747,2
1401,1580,2
1403,1510,2
1403,1515,2
1401,1549,2
1401,1548,2
1401,1539,2
1401,1531,2
1401,1526,2
1401,1518,2
1403,1517,2
1403,1735,2
1403,1745,2
1401,1509,2
1403,1985,2
1404,230,2
1400,1950,2
1404,350,2
1404,421,2
1400,1919,2
1401,1725,2
1401,1918,2
1400,1755,2
1401,1930,2
1402,1735,2
1402,1576,2
1402,1554,2
1402,1743,2
1403,554,2
1403,556,2
1402,1525,2
1402,1518,2
1402,1508,2
1402,1474,2
1402,1403,2
1402,1241,2
1402,1125,2
1403,1085,2
1402,721,2
1402,720,2
1402,618,2
1402,552,2
1401,1974,2
1400,1918,2
1400,1754,2
1398,1377,2
1399,1740,2
1399,1614,2
1399,1607,2
1399,1581,2
1399,1560,2
1399,1555,2
1399,1550,2
1399,466,2
1404,1512,2
1404,1536,2
1404,1546,2
1404,1558,2
1398,1747,2
1398,1746,2
1398,1743,2
1398,1738,2
1404,1585,2
1404,1753,2
1405,425,2
1405,1076,2
1399,1734,2
1399,1741,2
1400,1749,2
1399,1747,2
1400,1747,2
1400,1744,2
1404,425,2
1400,1582,2
1404,552,2
1404,853,2
1400,1525,2
1400,1510,2
1400,1451,2
1400,1445,2
1400,1399,2
1400,1288,2
1399,1928,2
1404,1076,2
1399,1773,2
1399,1768,2
1399,1767,2
1399,1749,2
1399,1748,2
1393,1740,2
1393,1738,2
1393,1734,2
1385,1724,2
1413,1064,2
1413,1423,2
1413,1428,2
1413,1495,2
1413,1544,2
1385,989,2
1385,733,2
1385,86,2
1384,1916,2
1413,1563,2
1414,11,2
1384,1729,2
1384,1727,2
1384,1724,2
1384,1711,2
1384,1590,2
1414,422,2
1414,1505,2
1384,1497,2
1385,1718,2
1385,1919,2
1384,1210,2
1385,1974,2
1412,1513,2
1412,1548,2
1387,1738,2
1387,1592,2
1387,1570,2
1387,1556,2
1412,1577,2
1412,1723,2
1387,650,2
1386,1973,2
1386,1767,2
1386,1733,2
1386,1701,2
1386,1614,2
1386,1575,2
1413,408,2
1386,1548,2
1386,1526,2
1413,423,2
1384,1229,2
1384,1175,2
1388,1149,2
1415,424,2
1382,1767,2
1382,1730,2
1382,1724,2
1415,1456,2
1415,1500,2
1382,1536,2
1382,1524,2
1415,1545,2
1382,815,2
1382,784,2
1415,1978,2
1416,356,2
1382,429,2
1382,424,2
1382,183,2
1382,82,2
1382,75,2
1381,1796,2
1381,1768,2
1415,627,2
1383,890,2
1384,650,2
1383,1101,2
1414,1546,2
1414,1548,2
1414,1558,2
1383,1746,2
1383,1724,2
1383,1720,2
1414,1624,2
1383,1719,2
1383,1717,2
1415,421,2
1383,1582,2
1383,1575,2
1383,1573,2
1383,1563,2
1383,1549,2
1383,1537,2
1383,1525,2
1383,1399,2
1383,1316,2
1412,1497,2
1388,1321,2
1393,1602,2
1392,1574,2
1392,1533,2
1392,1522,2
1392,1520,2
1392,1507,2
1392,1374,2
1410,1613,2
1392,624,2
1391,1971,2
1391,1931,2
1391,1746,2
1391,1723,2
1391,1704,2
1391,1703,2
1391,1609,2
1391,1549,2
1391,1381,2
1391,1342,2
1391,429,2
1390,1748,2
1392,1572,2
1392,1580,2
1390,1747,2
1392,1703,2
1410,625,2
1410,734,2
1393,1376,2
1410,1072,2
1410,1504,2
1393,1235,2
1393,829,2
1410,1548,2
1393,486,2
1393,307,2
1410,1559,2
1393,81,2
1392,1775,2
1392,1769,2
1392,1749,2
1410,1580,2
1392,1736,2
1392,1730,2
1392,1723,2
1410,1758,2
1410,1760,2
1412,627,2
1389,1731,2
1389,1703,2
1389,1676,2
1389,1594,2
1389,1408,2
1389,786,2
1411,1528,2
1389,682,2
1389,525,2
1411,1560,2
1389,428,2
1389,427,2
1389,75,2
1388,1746,2
1388,1738,2
1388,1737,2
1388,1712,2
1388,1587,2
1411,1604,2
1388,1522,2
1389,1717,2
1389,1733,2
1390,1704,2
1389,1767,2
1390,1696,2
1410,1921,2
1390,1692,2
1390,1558,2
1390,1546,2
1411,630,2
1411,643,2
1390,1518,2
1390,1509,2
1411,644,2
1390,1399,2
1390,1398,2
1411,645,2
1411,847,2
1390,828,2
1411,949,2
1411,1401,2
1390,435,2
1390,317,2
1363,1626,2
1363,1578,2
1363,1549,2
1311,1979,2
1315,630,2
1315,434,2
1314,595,2
1313,1814,2
1313,1183,2
1313,700,2
1313,456,2
1312,698,2
1312,562,2
1446,1614,2
1333,1832,2
1311,337,2
1310,1823,2
1310,1162,2
1310,639,2
1309,1835,2
1309,524,2
1308,1572,2
1308,1214,2
1446,1789,2
1315,676,2
1315,1151,2
1315,1153,2
1315,1156,2
1445,1981,2
1318,1856,2
1318,1660,2
1318,1089,2
1318,630,2
1318,41,2
1317,1785,2
1317,1782,2
1317,1500,2
1317,101,2
1446,98,2
1316,1972,2
1316,1537,2
1316,1153,2
1316,898,2
1316,653,2
1446,101,2
1316,514,2
1315,1969,2
1447,375,2
1308,837,2
1308,627,2
1302,123,2
1448,375,2
1301,1616,2
1448,377,2
1301,1243,2
1301,1190,2
1448,1098,2
1300,1916,2
1300,1736,2
1300,738,2
1448,1594,2
1300,565,2
1300,178,2
1300,57,2
1299,1995,2
1299,1925,2
1299,1697,2
1299,695,2
1299,577,2
1298,1995,2
1301,1995,2
1302,1209,2
1447,376,2
1448,373,2
1307,1786,2
1307,1637,2
1307,1243,2
1307,1181,2
1307,877,2
1307,567,2
1307,332,2
1305,1957,2
1447,644,2
1305,1154,2
1305,1153,2
1447,1366,2
1447,1539,2
1304,697,2
1304,541,2
1304,94,2
1303,1995,2
1303,1843,2
1303,1509,2
1445,1641,2
1445,1555,2
1319,1498,2
1332,1556,2
1332,1550,2
1332,1549,2
1332,1548,2
1332,1526,2
1332,1518,2
1332,1512,2
1444,113,2
1444,186,2
1444,369,2
1444,1431,2
1331,1832,2
1331,1590,2
1444,1498,2
1444,1562,2
1331,1569,2
1331,1561,2
1331,1552,2
1331,1548,2
1331,1547,2
1444,19,2
1332,1606,2
1331,1203,2
1332,1611,2
1333,1622,2
1333,1613,2
1333,1605,2
1443,1548,2
1333,1586,2
1333,1551,2
1333,1549,2
1333,1548,2
1443,1559,2
1333,1546,2
1333,1545,2
1333,1540,2
1333,1501,2
1443,1593,2
1443,1972,2
1332,1970,2
1332,1915,2
1443,1982,2
1332,1612,2
1331,1504,2
1331,752,2
1319,1533,2
1326,1134,2
1326,686,2
1325,1526,2
1324,1087,2
1324,638,2
1323,1949,2
1323,1935,2
1323,1658,2
1323,1620,2
1323,680,2
1323,637,2
1322,1549,2
1322,634,2
1321,689,2
1321,535,2
1320,1612,2
1320,1558,2
1320,643,2
1319,1769,2
1319,1633,2
1326,1131,2
1326,1554,2
1444,1635,2
1326,1572,2
1331,629,2
1330,1944,2
1330,1840,2
1444,1917,2
1445,98,2
1445,101,2
1330,1541,2
1330,1036,2
1445,112,2
1445,297,2
1445,1457,2
1329,1536,2
1329,683,2
1328,408,2
1327,1131,2
1327,1037,2
1327,686,2
1327,644,2
1327,638,2
1298,1963,2
1298,696,2
1298,694,2
1279,788,2
1452,909,2
1279,328,2
1452,1072,2
1452,1511,2
1278,1840,2
1278,1817,2
1278,801,2
1278,791,2
1278,331,2
1278,327,2
1278,106,2
1278,94,2
1453,376,2
1277,1861,2
1277,1855,2
1453,728,2
1277,1852,2
1453,1530,2
1453,1550,2
1279,330,2
1279,1853,2
1277,1105,2
1452,633,2
1450,1977,2
1283,1565,2
1451,1184,2
1451,1385,2
1451,1386,2
1283,184,2
1283,55,2
1451,1409,2
1451,1548,2
1451,1759,2
1282,1495,2
1282,49,2
1281,1853,2
1280,1939,2
1280,1842,2
1280,1635,2
1451,1788,2
1279,1949,2
1451,1997,2
1277,1154,2
1277,1104,2
1450,1825,2
1454,436,2
1454,728,2
1454,1203,2
1454,1352,2
1454,1372,2
1275,1853,2
1454,1374,2
1274,1854,2
1454,1650,2
1273,1835,2
1273,1834,2
1273,1679,2
1273,1676,2
1273,1521,2
1273,121,2
1273,86,2
1454,1683,2
1272,1550,2
1272,1535,2
1272,1521,2
1276,105,2
1276,174,2
1277,1060,2
1276,320,2
1277,931,2
1453,1561,2
1277,342,2
1277,341,2
1453,1597,2
1453,1622,2
1277,338,2
1453,1635,2
1453,1674,2
1453,1695,2
1453,1972,2
1454,338,2
1277,329,2
1277,328,2
1277,114,2
1277,106,2
1276,1987,2
1454,340,2
1276,1789,2
1283,1638,2
1283,1650,2
1298,693,2
1295,1639,2
1295,1425,2
1295,635,2
1295,434,2
1295,61,2
1449,46,2
1449,626,2
1294,1882,2
1294,676,2
1294,567,2
1294,66,2
1293,1995,2
1293,1142,2
1293,1084,2
1293,567,2
1292,1180,2
1292,1121,2
1292,694,2
1449,1177,2
1292,435,2
1295,1592,2
1295,1667,2
1291,1995,2
1296,59,2
1298,581,2
1448,1621,2
1448,1629,2
1297,1995,2
1297,1991,2
1448,1745,2
1297,627,2
1297,580,2
1297,567,2
1297,428,2
1297,190,2
1296,1995,2
1296,1425,2
1296,693,2
1448,1747,2
1296,428,2
1296,364,2
1296,61,2
1448,1789,2
1292,433,2
1291,830,2
1284,84,2
1286,1940,2
1286,1374,2
1286,1373,2
1286,1368,2
1450,602,2
1285,1816,2
1285,1668,2
1285,1642,2
1285,1562,2
1285,666,2
1284,1947,2
1284,1828,2
1450,1201,2
1284,1560,2
1284,1349,2
1284,1178,2
1450,1241,2
1450,1789,2
1284,1131,2
1284,1123,2
1286,1562,2
1287,54,2
1291,665,2
1287,429,2
1291,365,2
1449,1289,2
1290,1793,2
1449,1406,2
1290,1556,2
1449,1470,2
1449,1516,2
1289,1206,2
1289,357,2
1449,1549,2
1289,49,2
1288,1608,2
1288,670,2
1449,1629,2
1287,1995,2
1287,1561,2
1287,1557,2
1287,462,2
1287,444,2
1333,1831,2
1333,1938,2
1363,1506,2
1354,1950,2
1355,1518,2
1355,1509,2
1432,1548,2
1432,1562,2
1433,631,2
1355,1258,2
1355,437,2
1433,644,2
1354,1952,2
1354,1727,2
1443,1516,2
1354,1723,2
1354,1714,2
1354,1579,2
1354,1550,2
1354,1549,2
1354,1548,2
1354,1537,2
1354,1531,2
1433,1016,2
1355,1527,2
1432,1500,2
1355,1549,2
1432,716,2
1356,1549,2
1356,1536,2
1356,1518,2
1356,1512,2
1356,1505,2
1431,1548,2
1356,1394,2
1356,1374,2
1356,676,2
1356,655,2
1431,1656,2
1432,498,2
1356,438,2
1432,637,2
1356,426,2
1355,1945,2
1355,1588,2
1355,1584,2
1355,1569,2
1354,1427,2
1354,1171,2
1354,741,2
1434,1524,2
1352,1549,2
1352,1545,2
1352,1527,2
1352,1518,2
1352,1509,2
1352,1506,2
1434,1586,2
1352,1503,2
1434,1613,2
1352,1210,2
1435,41,2
1352,1171,2
1352,763,2
1352,720,2
1352,696,2
1435,80,2
1352,437,2
1435,311,2
1435,632,2
1352,1948,2
1434,1516,2
1433,1417,2
1434,649,2
1433,1509,2
1354,657,2
1433,1535,2
1353,1951,2
1353,1950,2
1433,1586,2
1353,1767,2
1353,1613,2
1353,1596,2
1353,1548,2
1353,1523,2
1433,1617,2
1353,1501,2
1353,1461,2
1353,439,2
1353,83,2
1434,281,2
1434,422,2
1434,648,2
1356,1593,2
1431,1515,2
1356,1958,2
1429,340,2
1429,341,2
1429,451,2
1429,456,2
1361,1936,2
1429,637,2
1429,1015,2
1429,1023,2
1361,1746,2
1361,1723,2
1361,1602,2
1361,1562,2
1361,1549,2
1361,1548,2
1361,1526,2
1361,1506,2
1361,1275,2
1361,1028,2
1360,1896,2
1360,1748,2
1362,1028,2
1362,1547,2
1360,1563,2
1362,1549,2
1363,1238,2
1363,90,2
1362,1934,2
1362,1833,2
1428,93,2
1428,454,2
1428,1023,2
1428,1188,2
1428,1533,2
1428,1541,2
1428,1546,2
1362,1746,2
1362,1743,2
1362,1626,2
1362,1613,2
1428,1552,2
1362,1560,2
1362,1552,2
1362,1550,2
1360,1744,2
1360,1549,2
1357,439,2
1430,1520,2
1358,1748,2
1358,1723,2
1358,1550,2
1358,1549,2
1358,1416,2
1430,1539,2
1430,1609,2
1357,1741,2
1357,1730,2
1357,1714,2
1357,1593,2
1357,1588,2
1357,1569,2
1357,1550,2
1357,1505,2
1357,1498,2
1431,1018,2
1431,1064,2
1357,1373,2
1358,1751,2
1359,46,2
1360,1548,2
1430,1518,2
1360,1534,2
1360,1427,2
1360,1257,2
1360,47,2
1360,45,2
1359,1775,2
1429,1644,2
1359,1749,2
1359,1744,2
1429,1654,2
1430,643,2
1359,1604,2
1359,1584,2
1359,1551,2
1359,1549,2
1359,1548,2
1359,1524,2
1430,1498,2
1430,1508,2
1435,1104,2
1351,1551,2
1351,1550,2
1340,1585,2
1340,1548,2
1340,1546,2
1340,1505,2
1340,1504,2
1340,1502,2
1340,1359,2
1440,356,2
1340,668,2
1440,370,2
1440,1556,2
1440,1651,2
1339,1551,2
1339,1550,2
1339,1525,2
1339,1503,2
1440,1747,2
1339,1500,2
1339,1499,2
1440,1959,2
1340,1549,2
1440,184,2
1339,492,2
1440,70,2
1439,1362,2
1342,1951,2
1439,1379,2
1439,1383,2
1342,1548,2
1342,1505,2
1342,1203,2
1342,808,2
1342,669,2
1439,1457,2
1342,662,2
1439,1549,2
1439,1567,2
1439,1573,2
1439,1589,2
1341,1516,2
1341,1498,2
1340,1986,2
1439,1992,2
1339,800,2
1338,1866,2
1343,1205,2
1336,488,2
1335,1864,2
1335,1594,2
1335,1574,2
1335,1551,2
1335,1541,2
1442,1522,2
1335,1499,2
1335,1401,2
1335,1127,2
1442,1615,2
1442,1784,2
1334,1982,2
1334,1613,2
1334,1548,2
1334,1499,2
1443,370,2
1334,669,2
1334,668,2
1443,1180,2
1336,46,2
1442,1180,2
1441,1551,2
1442,747,2
1338,1550,2
1338,1549,2
1441,1576,2
1338,437,2
1337,1882,2
1441,1585,2
1337,1613,2
1337,1510,2
1441,1613,2
1337,1232,2
1441,1776,2
1337,662,2
1441,1777,2
1441,1981,2
1336,1613,2
1336,1551,2
1442,370,2
1336,1548,2
1336,1500,2
1343,774,2
1343,1502,2
1351,1549,2
1350,1498,2
1350,695,2
1350,292,2
1350,83,2
1436,1753,2
1349,1930,2
1349,1918,2
1349,1785,2
1349,1771,2
1349,1741,2
1349,1552,2
1349,1550,2
1349,1549,2
1437,368,2
1349,1248,2
1437,1095,2
1349,437,2
1348,1998,2
1437,1535,2
1348,1784,2
1350,1260,2
1350,1516,2
1348,1548,2
1350,1530,2
1435,1629,2
1351,1523,2
1351,1513,2
1436,134,2
1351,1260,2
1351,889,2
1351,738,2
1436,980,2
1436,993,2
1351,307,2
1351,292,2
1436,1547,2
1351,86,2
1351,84,2
1436,1568,2
1436,1652,2
1350,1731,2
1350,1717,2
1350,1545,2
1348,1550,2
1348,1507,2
1439,750,2
1438,1518,2
1346,1498,2
1438,1581,2
1438,1655,2
1346,662,2
1346,442,2
1345,1942,2
1345,1936,2
1345,1549,2
1439,287,2
1345,1506,2
1439,297,2
1345,889,2
1439,627,2
1344,1955,2
1439,633,2
1344,1541,2
1344,1227,2
1344,897,2
1343,1615,2
1438,1553,2
1438,1496,2
1348,1433,2
1438,1384,2
1437,1548,2
1348,102,2
1437,1580,2
1347,1924,2
1347,1575,2
1347,1571,2
1347,1550,2
1347,1547,2
1347,1495,2
1347,1200,2
1347,1199,2
1437,1749,2
1346,1945,2
1346,1929,2
1438,431,2
1346,1918,2
1346,1783,2
1438,976,2
1346,1739,2
1532,54,2
1036,1990,2
1760,447,2
818,1190,2
1678,596,2
818,1215,2
1678,1674,2
818,1207,2
1679,833,2
1679,1013,2
818,1198,2
818,1195,2
1680,363,2
818,1182,2
1687,1872,2
1680,1205,2
818,798,2
1680,1305,2
818,453,2
817,1682,2
817,1675,2
1680,1870,2
817,1622,2
817,1250,2
818,1229,2
818,1230,2
818,1231,2
1678,30,2
819,1246,2
819,1241,2
1676,216,2
1676,412,2
1676,592,2
1676,748,2
819,1204,2
819,1190,2
819,1189,2
819,1177,2
1677,166,2
1677,175,2
818,1673,2
1677,237,2
818,1251,2
1677,375,2
1677,602,2
818,1239,2
818,1236,2
817,1249,2
817,1241,2
817,1237,2
1683,1917,2
1684,423,2
1684,1080,2
816,1254,2
816,1249,2
1684,1206,2
816,1246,2
816,1241,2
816,1240,2
816,1239,2
816,1237,2
1686,1395,2
1687,84,2
1687,189,2
1687,1101,2
1687,1328,2
816,1212,2
1687,1459,2
1687,1462,2
816,1196,2
1684,244,2
816,1675,2
817,1235,2
1683,1454,2
1680,1919,2
1680,1937,2
817,1232,2
1681,372,2
817,1208,2
1681,373,2
1681,431,2
817,1189,2
1681,1310,2
817,1188,2
1681,1877,2
1682,482,2
1682,616,2
817,947,2
817,798,2
1683,1212,2
817,474,2
817,427,2
817,141,2
819,1253,2
819,1897,2
820,1174,2
823,1236,2
823,1212,2
823,1210,2
1672,633,2
1672,902,2
823,1191,2
823,1189,2
823,1176,2
823,1081,2
823,585,2
823,521,2
1672,1187,2
1672,1259,2
1672,1288,2
823,452,2
823,258,2
823,5,2
822,1780,2
822,1702,2
822,1251,2
1671,1709,2
823,1238,2
822,1241,2
1671,565,2
824,1233,2
1670,1092,2
824,1218,2
824,1210,2
1670,1178,2
824,1185,2
1670,1676,2
824,1175,2
1670,1976,2
824,1049,2
824,881,2
824,170,2
823,1263,2
1671,191,2
823,1251,2
823,1247,2
1671,426,2
823,1245,2
823,1242,2
822,1250,2
1673,186,2
820,1187,2
821,1175,2
821,902,2
1674,750,2
1674,816,2
821,341,2
1674,1594,2
820,1669,2
820,1304,2
820,1252,2
820,1248,2
820,1247,2
820,1246,2
1674,1679,2
1674,1863,2
1675,190,2
1675,748,2
1675,973,2
1675,1864,2
820,1207,2
820,1204,2
1674,190,2
821,1181,2
1673,593,2
821,1184,2
1673,1674,2
822,1230,2
822,1202,2
822,1193,2
822,1190,2
822,1188,2
1673,1710,2
822,589,2
822,559,2
822,452,2
822,126,2
821,1258,2
821,1244,2
821,1241,2
821,1235,2
821,1212,2
821,1189,2
821,1186,2
821,1185,2
816,1185,2
1688,1670,2
842,1244,2
809,1190,2
1701,1864,2
810,1139,2
810,811,2
810,810,2
1702,25,2
809,1870,2
1702,961,2
809,1235,2
809,1197,2
809,1185,2
816,1176,2
809,1181,2
1702,1086,2
809,1140,2
1702,1087,2
1702,1089,2
1702,1871,2
809,867,2
809,863,2
809,811,2
810,1184,2
1701,1794,2
810,1202,2
810,1217,2
1698,1083,2
811,1212,2
811,1209,2
811,1204,2
1698,1699,2
811,785,2
810,1870,2
1699,1708,2
810,1867,2
810,1650,2
1699,1738,2
1699,1787,2
1700,786,2
810,1240,2
810,1239,2
810,1236,2
1700,1376,2
1700,1496,2
810,1232,2
808,1870,2
808,1706,2
1703,1349,2
1705,1107,2
1705,1454,2
1706,390,2
806,1220,2
1706,1096,2
806,1199,2
806,1188,2
1706,1934,2
806,1183,2
806,1173,2
806,942,2
1706,1940,2
806,93,2
806,28,2
1707,561,2
1707,1111,2
805,1244,2
1708,635,2
1709,375,2
1709,1158,2
1705,1111,2
1705,390,2
1703,1550,2
1704,1966,2
808,1267,2
808,1234,2
1703,1651,2
808,1207,2
808,1205,2
808,1202,2
1704,12,2
808,1197,2
808,1141,2
808,1140,2
807,1872,2
807,1843,2
807,1710,2
1704,1073,2
807,1217,2
807,1211,2
807,1193,2
807,1190,2
806,1268,2
1698,432,2
811,1234,2
811,1241,2
815,117,2
814,1250,2
814,1248,2
1690,1835,2
814,1239,2
1690,1989,2
1691,1245,2
1691,1344,2
1691,1583,2
814,1221,2
814,1218,2
814,1214,2
1691,1786,2
814,1197,2
814,1196,2
1691,1835,2
814,1195,2
814,1194,2
814,1193,2
1691,1847,2
814,1368,2
815,852,2
814,548,2
815,960,2
1689,333,2
816,1141,2
816,1140,2
1689,512,2
816,51,2
815,1243,2
1689,1972,2
1690,193,2
1690,195,2
1690,401,2
815,1232,2
1690,493,2
815,1214,2
815,1190,2
815,1189,2
815,1182,2
1690,1085,2
1690,1343,2
815,1178,2
1691,1989,2
814,51,2
811,1429,2
812,1250,2
1694,1741,2
812,1246,2
812,1238,2
1695,1342,2
1695,1349,2
812,1234,2
812,1207,2
1695,1466,2
812,1205,2
1696,177,2
1697,10,2
812,1196,2
1697,1753,2
812,1185,2
812,1044,2
812,757,2
812,116,2
811,1868,2
811,1430,2
1694,1343,2
812,1263,2
1692,922,2
1694,178,2
813,1643,2
813,1389,2
813,1259,2
813,1255,2
813,1244,2
1692,1433,2
813,1235,2
1692,1677,2
813,1214,2
813,1213,2
813,1208,2
813,1204,2
1692,1694,2
813,1188,2
1693,441,2
813,1175,2
812,1847,2
812,1844,2
812,1706,2
824,1236,2
824,1238,2
1670,811,2
837,1184,2
1655,1651,2
837,1217,2
1655,1791,2
1655,1847,2
1655,1866,2
837,1212,2
837,1195,2
1656,306,2
837,1185,2
837,1177,2
1670,625,2
1656,589,2
836,1850,2
836,1261,2
1656,601,2
1656,1236,2
836,1239,2
836,1236,2
1656,1264,2
1656,1653,2
837,1235,2
837,1253,2
837,1258,2
837,1259,2
1654,1679,2
1654,1786,2
838,1421,2
1654,1869,2
838,1268,2
838,1267,2
1654,1875,2
838,1257,2
838,1255,2
1655,222,2
838,1198,2
838,1188,2
838,1186,2
838,1183,2
838,1174,2
1655,744,2
1655,764,2
1655,804,2
1655,1097,2
836,1235,2
836,1231,2
836,1230,2
834,1990,2
1657,7,2
834,1487,2
834,1463,2
834,1253,2
1657,821,2
834,1245,2
834,1236,2
834,1233,2
834,1190,2
834,1182,2
1657,1194,2
834,1059,2
834,1058,2
834,1055,2
1657,1255,2
834,1042,2
1657,1385,2
1657,1787,2
834,1037,2
834,1975,2
1656,1995,2
1656,1736,2
1656,1993,2
836,1227,2
836,1175,2
836,1066,2
836,1042,2
835,1271,2
835,1269,2
1656,1737,2
835,1262,2
835,1255,2
835,1254,2
835,1239,2
835,1232,2
835,1210,2
835,1189,2
835,1187,2
835,1177,2
835,1045,2
835,879,2
1656,1900,2
1654,1669,2
839,450,2
839,559,2
1651,1802,2
1651,1874,2
1651,1927,2
1652,328,2
1652,588,2
1652,609,2
1652,802,2
841,1251,2
841,1236,2
1652,1193,2
841,1200,2
841,1186,2
841,1180,2
1652,1680,2
1652,1864,2
1652,1867,2
1652,1868,2
841,114,2
840,1877,2
840,1296,2
1651,1866,2
841,1261,2
1652,1869,2
1651,815,2
1649,1965,2
1650,5,2
842,1233,2
1650,223,2
842,1232,2
1650,1646,2
1650,1869,2
1650,1870,2
842,1188,2
842,1187,2
1650,1919,2
842,1158,2
842,880,2
1650,1920,2
842,555,2
1650,1924,2
841,1981,2
1651,251,2
1651,814,2
840,1268,2
840,1266,2
839,1179,2
839,1276,2
839,1261,2
1654,42,2
839,1259,2
839,1253,2
1654,221,2
1654,252,2
839,1252,2
839,1246,2
1654,815,2
1654,1519,2
839,1236,2
839,1235,2
839,1231,2
839,1230,2
839,1215,2
839,1189,2
1654,1666,2
839,1188,2
839,1185,2
839,1264,2
1653,1745,2
1652,1874,2
1653,1668,2
840,1263,2
840,1261,2
840,1260,2
840,1258,2
840,1255,2
840,1253,2
1653,633,2
840,1242,2
1653,684,2
840,1237,2
1653,816,2
840,1235,2
840,1176,2
840,1035,2
1653,1255,2
840,1013,2
1653,1661,2
840,887,2
840,753,2
1658,588,2
834,298,2
833,1996,2
827,1248,2
827,1243,2
1664,1704,2
827,1240,2
1664,1705,2
827,1239,2
827,1238,2
1665,168,2
1665,774,2
827,1188,2
1665,776,2
827,796,2
1665,824,2
827,344,2
827,168,2
826,1710,2
826,1249,2
1665,1264,2
1665,1383,2
1665,1708,2
1664,1478,2
827,1253,2
826,1240,2
827,1267,2
1663,1686,2
829,370,2
1663,1707,2
828,1276,2
1663,1709,2
1664,4,2
828,1240,2
828,1236,2
1664,604,2
1664,614,2
828,1229,2
828,1227,2
828,1215,2
1664,1233,2
1664,1235,2
828,568,2
828,559,2
828,171,2
827,1483,2
1665,1853,2
826,1239,2
829,1176,2
825,1216,2
825,1197,2
1667,1788,2
1668,423,2
1668,425,2
825,1187,2
1668,1173,2
1669,226,2
1669,252,2
1669,405,2
825,573,2
825,454,2
825,453,2
825,452,2
1669,406,2
825,167,2
824,1247,2
824,1246,2
1669,1420,2
824,1244,2
825,1215,2
1667,1628,2
1666,273,2
825,1220,2
826,1226,2
826,1224,2
826,1216,2
826,1190,2
826,1189,2
826,1184,2
826,280,2
826,198,2
1666,1685,2
826,0,2
1666,1686,2
1667,3,2
825,1249,2
825,1248,2
825,1243,2
1667,1257,2
825,1241,2
825,1235,2
825,1230,2
829,895,2
829,1178,2
1658,1111,2
832,1242,2
832,1217,2
832,1211,2
832,1192,2
1660,272,2
832,1181,2
832,1044,2
1660,586,2
1660,588,2
1660,819,2
831,1964,2
831,1248,2
831,1247,2
1660,1707,2
831,1231,2
831,1220,2
1660,1952,2
831,1215,2
831,1191,2
831,1187,2
1659,1993,2
1659,1386,2
831,1183,2
1659,1385,2
833,1258,2
833,1250,2
833,1237,2
1658,1240,2
833,1224,2
1658,1305,2
833,1185,2
1658,1699,2
1658,1845,2
833,1176,2
1658,1902,2
1659,1123,2
833,1043,2
1659,1263,2
1659,1266,2
1659,1306,2
1659,1382,2
833,563,2
1659,1383,2
831,1186,2
831,1074,2
829,1189,2
830,1200,2
830,1183,2
1662,1708,2
1663,588,2
830,1043,2
830,1036,2
830,304,2
1663,762,2
829,1268,2
1663,819,2
1663,870,2
829,1244,2
829,1241,2
829,1237,2
829,1235,2
829,1232,2
829,1231,2
829,1221,2
829,1204,2
829,1197,2
1662,1707,2
830,1234,2
1660,1996,2
1662,1004,2
1661,591,2
1661,620,2
831,1043,2
1661,1116,2
1661,1338,2
1661,1341,2
831,1040,2
1661,1663,2
831,436,2
1661,1706,2
830,1956,2
830,1305,2
830,1278,2
830,1253,2
830,1252,2
830,1251,2
830,1249,2
830,1244,2
1662,603,2
1710,199,2
805,1212,2
805,1201,2
1748,1184,2
767,1137,2
767,714,2
766,1958,2
1747,1788,2
766,1308,2
1747,1806,2
1748,931,2
765,1919,2
765,1878,2
1748,1412,2
1738,1985,2
1748,1522,2
765,437,2
764,815,2
764,716,2
764,488,2
764,485,2
1748,1786,2
763,1545,2
1749,100,2
1747,1524,2
768,132,2
768,514,2
768,714,2
771,190,2
770,1203,2
770,736,2
770,735,2
1746,567,2
770,502,2
1746,569,2
1746,1413,2
770,467,2
1746,1773,2
769,1210,2
769,1205,2
1746,1786,2
769,736,2
768,1533,2
768,1498,2
1746,1955,2
768,736,2
768,732,2
762,1441,2
762,829,2
762,731,2
759,884,2
759,220,2
759,58,2
758,1636,2
758,1560,2
758,1454,2
758,1199,2
1751,305,2
757,1281,2
757,1100,2
757,29,2
1751,1237,2
756,1397,2
756,1281,2
756,1280,2
1751,1401,2
1751,1638,2
1751,1780,2
756,707,2
755,1633,2
759,713,2
759,1222,2
762,621,2
759,1451,2
1749,1790,2
762,615,2
762,491,2
762,275,2
1749,1925,2
761,1450,2
761,1444,2
1749,1933,2
1750,322,2
1750,1784,2
1750,1786,2
1751,304,2
761,43,2
760,1998,2
760,405,2
760,58,2
759,1942,2
759,1504,2
759,1454,2
771,191,2
771,464,2
771,466,2
779,888,2
779,675,2
779,562,2
1740,702,2
777,1980,2
777,1972,2
1740,935,2
1740,936,2
777,1334,2
1740,937,2
1402,1583,2
777,1206,2
1740,1185,2
777,734,2
777,732,2
1740,1216,2
777,730,2
777,729,2
1740,1217,2
777,305,2
779,787,2
1740,233,2
777,0,2
1740,57,2
1739,323,2
780,1222,2
780,1204,2
780,1203,2
780,1197,2
780,904,2
1739,1208,2
1739,1216,2
780,445,2
1739,1801,2
779,1892,2
779,1631,2
779,1600,2
1740,47,2
779,1248,2
779,1216,2
1740,48,2
779,1176,2
779,1155,2
777,281,2
776,1984,2
771,720,2
773,282,2
773,281,2
772,1340,2
772,1205,2
772,737,2
772,736,2
1744,1926,2
772,190,2
771,1892,2
1744,1928,2
771,1107,2
1745,264,2
1745,423,2
771,751,2
771,744,2
771,743,2
1745,1648,2
1745,1934,2
1745,1985,2
1746,423,2
1744,1184,2
773,283,2
776,1974,2
773,306,2
1740,1826,2
776,1053,2
1740,1985,2
1741,54,2
1741,55,2
776,561,2
1741,163,2
776,203,2
1741,1185,2
1741,1956,2
1743,233,2
1743,406,2
1743,1185,2
773,784,2
773,738,2
1743,1649,2
1744,410,2
1744,1048,2
773,607,2
1751,1789,2
1751,1916,2
755,1360,2
1757,1176,2
741,1645,2
741,750,2
741,748,2
1757,1649,2
741,734,2
1757,1739,2
741,609,2
741,502,2
1757,1981,2
1758,89,2
1758,630,2
741,419,2
1758,1130,2
740,799,2
740,735,2
740,724,2
1758,1184,2
1758,1642,2
1758,1645,2
742,419,2
742,1121,2
740,505,2
1757,948,2
744,799,2
1756,1184,2
1756,1635,2
744,490,2
743,1681,2
743,1391,2
743,1290,2
743,1237,2
1756,1654,2
743,714,2
743,612,2
743,501,2
743,499,2
1757,250,2
743,484,2
743,462,2
743,435,2
742,1291,2
742,1122,2
1758,1774,2
740,495,2
744,1044,2
1759,894,2
738,1679,2
738,1150,2
738,747,2
738,744,2
1759,1175,2
1759,1978,2
1760,51,2
738,501,2
738,499,2
738,496,2
738,494,2
1760,70,2
1760,240,2
738,452,2
1760,290,2
1760,445,2
737,1445,2
737,1440,2
737,1094,2
1759,895,2
739,218,2
1758,1781,2
739,493,2
1758,1952,2
740,435,2
740,211,2
739,1706,2
739,1704,2
739,1194,2
739,1174,2
739,1109,2
1759,101,2
739,873,2
1759,650,2
1759,890,2
739,695,2
1759,891,2
739,512,2
739,509,2
1759,892,2
739,508,2
739,498,2
744,1033,2
1756,1176,2
755,741,2
752,499,2
752,496,2
751,1084,2
751,1026,2
751,660,2
751,659,2
751,654,2
751,511,2
1753,629,2
751,418,2
751,417,2
1753,649,2
751,416,2
751,413,2
751,45,2
750,1298,2
750,1233,2
1753,650,2
750,801,2
750,747,2
1752,1788,2
752,508,2
749,1084,2
1752,1783,2
754,1542,2
754,1101,2
754,345,2
753,1593,2
1752,423,2
1752,575,2
1752,678,2
753,1537,2
1752,1088,2
1752,1462,2
753,1521,2
753,572,2
753,502,2
1752,1673,2
752,1282,2
752,1041,2
752,1040,2
752,1039,2
752,510,2
1753,1184,2
749,1083,2
1756,570,2
1754,1813,2
1754,1947,2
746,747,2
746,734,2
1755,437,2
746,721,2
746,572,2
1755,631,2
746,491,2
1755,643,2
746,418,2
746,238,2
1755,929,2
745,833,2
1755,1643,2
1755,1645,2
745,708,2
745,512,2
745,511,2
745,502,2
1754,1817,2
746,1044,2
749,798,2
746,1851,2
749,740,2
1753,1820,2
749,495,2
749,483,2
749,417,2
1754,117,2
749,30,2
748,1992,2
748,1877,2
748,1794,2
1754,1402,2
1754,1644,2
1754,1687,2
748,735,2
748,506,2
748,486,2
748,418,2
747,1367,2
747,485,2
1739,15,2
780,1953,2
805,1200,2
798,1224,2
798,1874,2
1722,1117,2
798,1734,2
798,1687,2
1722,1118,2
1722,1597,2
1723,349,2
798,1264,2
1723,1117,2
798,1209,2
781,206,2
798,1203,2
1723,1365,2
798,1191,2
1724,708,2
1724,1201,2
798,1180,2
798,1176,2
798,575,2
797,1480,2
799,77,2
799,701,2
799,1169,2
799,1174,2
1720,1105,2
799,1861,2
1721,1100,2
799,1854,2
799,1689,2
799,1688,2
799,1483,2
799,1236,2
799,1234,2
1721,1117,2
799,1214,2
1721,1118,2
799,1199,2
799,1194,2
799,1193,2
1721,1474,2
1721,1706,2
799,1189,2
799,1176,2
797,1267,2
1724,1224,2
1725,274,2
796,384,2
1726,1174,2
795,1249,2
1726,1975,2
795,1215,2
1727,277,2
795,1205,2
1727,297,2
795,1198,2
795,1192,2
1727,1050,2
795,569,2
794,1377,2
794,1296,2
1727,1059,2
1727,1178,2
1727,1672,2
1728,279,2
1728,284,2
1728,439,2
795,1853,2
796,1063,2
797,1240,2
796,1180,2
1725,1111,2
797,1210,2
797,1207,2
1725,1178,2
797,1185,2
797,1178,2
797,252,2
796,1993,2
796,1299,2
1726,58,2
1726,59,2
1726,60,2
1726,1085,2
1726,1096,2
796,1229,2
796,1214,2
1726,1102,2
796,1209,2
796,1204,2
800,568,2
800,577,2
800,578,2
1711,1816,2
804,1178,2
804,1176,2
804,1044,2
1712,1090,2
804,56,2
803,1896,2
803,1886,2
1712,1110,2
1712,1597,2
803,1258,2
803,1237,2
803,1236,2
803,1234,2
1712,1654,2
1713,883,2
1713,1093,2
803,1189,2
803,1182,2
1714,415,2
1712,717,2
804,1190,2
802,1370,2
804,1193,2
805,1190,2
805,1177,2
805,939,2
805,798,2
804,1599,2
1710,433,2
1710,831,2
804,1247,2
804,1242,2
804,1240,2
804,1239,2
804,1232,2
1710,1108,2
1710,1453,2
804,1217,2
804,1214,2
804,1206,2
804,1202,2
1711,347,2
803,27,2
1714,1083,2
800,941,2
801,1211,2
801,1190,2
801,1164,2
801,591,2
801,551,2
1717,1999,2
800,1879,2
1718,154,2
1718,1062,2
1718,1133,2
1719,1093,2
1719,1098,2
800,1203,2
800,1192,2
800,1182,2
1719,1105,2
800,1175,2
800,946,2
1720,365,2
1720,1099,2
801,1192,2
801,1212,2
1714,1999,2
1717,1702,2
1715,109,2
1715,628,2
1715,997,2
802,1207,2
1715,1866,2
802,1199,2
802,1196,2
1716,1096,2
802,1192,2
1716,1935,2
802,568,2
1716,1995,2
801,1862,2
1717,824,2
1717,889,2
1717,1082,2
1717,1094,2
1717,1342,2
1717,1590,2
794,1206,2
794,1202,2
1728,692,2
786,1123,2
786,641,2
1735,782,2
1735,1068,2
786,470,2
786,456,2
786,450,2
786,447,2
786,431,2
1735,1185,2
1735,1955,2
786,69,2
1735,1986,2
1736,18,2
1736,481,2
785,1527,2
785,1249,2
1736,1185,2
785,1194,2
785,1193,2
786,763,2
786,1124,2
785,455,2
786,1190,2
787,1201,2
1733,1974,2
787,1184,2
787,1084,2
1734,356,2
787,618,2
1734,1118,2
787,445,2
786,1840,2
786,1658,2
786,1596,2
1734,1430,2
1734,1980,2
786,1594,2
786,1245,2
1735,427,2
786,1214,2
786,1196,2
1735,497,2
1736,1785,2
784,1616,2
788,447,2
782,1155,2
1738,1103,2
1738,1111,2
782,943,2
782,677,2
782,676,2
782,489,2
782,452,2
782,447,2
782,199,2
781,1988,2
781,1685,2
781,1218,2
781,1213,2
781,1205,2
781,1200,2
781,888,2
1738,1602,2
781,448,2
1738,1636,2
1738,1099,2
1738,959,2
784,1442,2
782,1219,2
784,1361,2
784,1346,2
784,1277,2
784,1220,2
1737,1097,2
1737,1102,2
784,1195,2
1737,1316,2
1737,1785,2
1737,1805,2
784,579,2
784,475,2
1737,1870,2
783,1595,2
1737,1954,2
783,1237,2
783,1202,2
783,673,2
783,447,2
1733,1089,2
1733,499,2
1728,706,2
792,1152,2
1729,1865,2
1730,700,2
792,756,2
792,451,2
792,449,2
1730,878,2
791,1954,2
791,1934,2
791,1867,2
791,1462,2
1730,1059,2
791,1206,2
1730,1064,2
791,1178,2
791,179,2
790,1483,2
790,1342,2
1730,1890,2
790,1215,2
1729,1821,2
792,1182,2
790,1187,2
792,1183,2
1728,1334,2
793,1599,2
793,1483,2
1728,1899,2
1728,1997,2
1729,56,2
1729,439,2
1729,1050,2
793,1212,2
793,1192,2
1729,1096,2
793,1186,2
1729,1116,2
793,701,2
1729,1178,2
1729,1765,2
792,1377,2
1729,1767,2
792,1196,2
790,1213,2
1731,274,2
1733,358,2
1732,1333,2
788,1866,2
1732,1954,2
788,1224,2
1732,1974,2
788,1218,2
788,1217,2
788,1214,2
1732,1986,2
788,1196,2
788,1195,2
788,1193,2
788,1189,2
788,1185,2
788,1183,2
1732,1987,2
788,996,2
1733,59,2
788,659,2
788,643,2
1732,1953,2
788,1868,2
790,642,2
1732,1063,2
790,451,2
790,184,2
789,1965,2
789,1870,2
789,1869,2
1731,651,2
1731,700,2
789,1589,2
789,1217,2
1731,1063,2
789,1202,2
789,1182,2
1731,1088,2
1731,1091,2
789,755,2
789,729,2
1731,1916,2
1732,38,2
789,628,2
842,1241,2
842,1246,2
1532,1186,2
964,47,2
1581,1605,2
1581,1949,2
965,1266,2
965,907,2
1582,272,2
965,609,2
965,55,2
964,503,2
964,76,2
1582,1607,2
1585,1603,2
964,40,2
963,1272,2
1582,1955,2
1583,302,2
962,1046,2
962,758,2
962,746,2
961,1767,2
1583,402,2
965,1875,2
965,1876,2
965,1877,2
1581,1594,2
1580,668,2
968,847,2
968,147,2
967,1879,2
1581,479,2
967,941,2
967,746,2
1581,480,2
966,1880,2
1581,620,2
966,874,2
966,873,2
966,804,2
966,763,2
1581,1264,2
966,605,2
966,44,2
1581,1499,2
1581,1588,2
1583,479,2
961,1504,2
1583,631,2
1584,1599,2
1584,1602,2
955,1090,2
955,283,2
954,1865,2
1584,1861,2
1584,1875,2
954,114,2
1585,480,2
953,959,2
953,482,2
1585,666,2
953,476,2
1585,1580,2
953,114,2
953,2,2
1585,1593,2
952,1834,2
952,1780,2
1585,1595,2
955,1924,2
1584,1598,2
1583,1342,2
956,764,2
1583,1594,2
961,466,2
960,1037,2
960,852,2
1583,1596,2
1583,1600,2
1583,1604,2
1584,197,2
1584,480,2
958,505,2
958,501,2
958,41,2
1584,884,2
957,1888,2
957,986,2
956,1924,2
956,1921,2
956,1703,2
956,765,2
1580,660,2
1580,613,2
1579,1819,2
973,1878,2
1569,1892,2
973,1877,2
1570,536,2
1570,1594,2
1571,536,2
1571,1580,2
1571,1596,2
1571,1603,2
1572,437,2
1572,539,2
1572,940,2
973,1867,2
1572,1399,2
973,1069,2
1572,1593,2
1572,1776,2
1573,107,2
1573,147,2
1573,239,2
1569,1866,2
974,588,2
972,1873,2
974,939,2
975,1881,2
1568,1588,2
1568,1590,2
1568,1837,2
1569,542,2
974,1881,2
1569,637,2
974,1875,2
974,1873,2
974,1872,2
1569,1377,2
974,1862,2
974,1621,2
974,1593,2
974,1226,2
974,1053,2
974,1052,2
1569,1582,2
974,1033,2
973,669,2
972,1872,2
1579,1782,2
971,593,2
1577,480,2
971,41,2
1577,1443,2
1578,821,2
970,1858,2
970,1595,2
970,1516,2
1578,1260,2
1578,1264,2
970,1016,2
970,977,2
1578,1338,2
1578,1445,2
969,976,2
1578,1595,2
1579,1416,2
1579,1602,2
1579,1603,2
1579,1622,2
1577,304,2
1576,1601,2
1573,625,2
971,748,2
972,1403,2
1573,1253,2
972,1344,2
972,1032,2
972,756,2
1574,361,2
1574,480,2
1574,1600,2
1574,1709,2
971,1880,2
1575,86,2
1575,507,2
1575,1231,2
1575,1590,2
1576,480,2
971,1278,2
971,1277,2
1576,542,2
1576,1599,2
1585,1599,2
1586,379,2
842,1252,2
930,1857,2
1596,666,2
931,1761,2
1596,710,2
931,1580,2
931,135,2
1596,732,2
1596,887,2
1596,1285,2
930,1863,2
930,1849,2
1586,381,2
1596,1490,2
930,1780,2
1596,1580,2
1596,1582,2
930,667,2
930,159,2
1596,1588,2
1596,1592,2
930,126,2
1596,245,2
1595,1695,2
1595,1608,2
932,135,2
1594,1580,2
1594,1588,2
1594,1592,2
1594,1690,2
934,817,2
1595,262,2
933,451,2
933,448,2
933,224,2
933,223,2
933,222,2
1595,887,2
933,106,2
933,1,2
932,1849,2
932,1723,2
932,451,2
932,450,2
1595,1593,2
929,1872,2
929,1849,2
929,1817,2
926,1851,2
926,995,2
926,694,2
926,687,2
926,686,2
1600,1096,2
926,477,2
925,1871,2
1600,1201,2
925,1859,2
925,1858,2
925,1857,2
1600,1202,2
1600,1770,2
1600,1772,2
925,1848,2
925,1845,2
925,1511,2
925,969,2
1601,281,2
1599,1977,2
926,1854,2
929,1709,2
927,685,2
929,1689,2
929,1309,2
1596,1832,2
1596,1859,2
1597,827,2
928,1848,2
928,1041,2
1597,1886,2
928,498,2
1598,282,2
927,1887,2
1598,1199,2
927,1855,2
1598,1580,2
927,1849,2
1599,325,2
1599,326,2
1599,1583,2
927,686,2
1594,1120,2
935,80,2
1594,305,2
950,1794,2
950,981,2
950,477,2
1588,1604,2
1588,1957,2
949,1722,2
1589,177,2
949,980,2
1589,365,2
949,817,2
949,496,2
1589,652,2
949,484,2
1589,1335,2
1589,1602,2
948,1791,2
948,1205,2
1590,598,2
1590,1600,2
947,1782,2
950,1780,2
1588,1603,2
1590,1601,2
1588,1597,2
1586,1551,2
1586,1587,2
1586,1598,2
952,242,2
951,1780,2
951,987,2
1586,1834,2
1586,1840,2
951,957,2
951,945,2
1586,1932,2
1587,1599,2
1587,1688,2
951,940,2
951,508,2
951,135,2
1587,1791,2
1588,205,2
1588,1593,2
947,1779,2
947,290,2
935,183,2
939,1871,2
939,930,2
1592,1995,2
1593,1320,2
1593,1372,2
938,1205,2
1593,1448,2
1593,1588,2
938,441,2
938,179,2
937,858,2
937,496,2
937,373,2
937,223,2
936,1847,2
936,674,2
1594,183,2
936,182,2
936,180,2
935,817,2
1592,1583,2
1592,1320,2
946,1254,2
940,818,2
1591,296,2
1591,826,2
946,98,2
1591,847,2
945,121,2
1591,945,2
944,1781,2
1591,1177,2
943,1783,2
943,1053,2
1591,1580,2
1591,1600,2
942,157,2
941,1788,2
1592,665,2
1592,824,2
1592,847,2
941,20,2
1592,1129,2
976,488,2
976,567,2
1568,1587,2
1016,1481,2
1016,1514,2
1540,1914,2
1541,1586,2
1542,1444,2
1016,1497,2
1016,1496,2
1542,1646,2
1016,1494,2
1016,1484,2
1016,1480,2
976,1901,2
1016,1337,2
1016,752,2
1015,1931,2
1015,1521,2
1015,1496,2
1015,1030,2
1542,1821,2
1542,1938,2
1014,1344,2
1540,1865,2
1016,1523,2
1016,1538,2
1016,1749,2
1018,1494,2
1018,488,2
1018,89,2
1539,1674,2
1018,72,2
1539,1737,2
1539,1743,2
1539,1819,2
1539,1842,2
1540,676,2
1017,1494,2
1540,885,2
1017,1373,2
1540,1427,2
1540,1435,2
1017,1335,2
1540,1436,2
1540,1439,2
1540,1646,2
1543,1558,2
1014,440,2
1543,1914,2
1009,754,2
1546,643,2
1546,1396,2
1009,199,2
1546,1996,2
1547,602,2
1547,643,2
1008,754,2
1008,753,2
1008,104,2
1007,1668,2
1007,1500,2
1007,979,2
1007,897,2
1007,633,2
1547,1282,2
1547,1874,2
1548,748,2
1548,794,2
1006,1501,2
1009,747,2
1546,152,2
1013,1926,2
1009,1246,2
1013,1497,2
1013,631,2
1013,440,2
1011,647,2
1011,577,2
1011,434,2
1543,1947,2
1010,1987,2
1010,1245,2
1543,1948,2
1543,1999,2
1544,413,2
1010,1206,2
1544,806,2
1010,198,2
1544,865,2
1009,1668,2
1544,1990,2
1545,644,2
1018,1495,2
1018,1497,2
1018,1509,2
1030,1160,2
1533,1469,2
1533,1870,2
1533,1919,2
1534,331,2
1030,204,2
1030,55,2
1030,36,2
1029,1744,2
1534,497,2
1534,1357,2
1029,1025,2
1534,1358,2
1029,706,2
1029,661,2
1029,486,2
1029,221,2
1028,1921,2
1028,139,2
1534,1570,2
1533,1399,2
1031,476,2
1027,1733,2
1031,1034,2
1532,1192,2
1532,1324,2
1035,1975,2
1034,1037,2
1034,603,2
1033,1784,2
1532,1358,2
1033,329,2
1032,1929,2
1032,1439,2
1533,426,2
1032,591,2
1533,667,2
1032,478,2
1533,1188,2
1533,1189,2
1032,32,2
1031,1798,2
1031,1441,2
1535,891,2
1027,1386,2
1019,834,2
1024,767,2
1024,492,2
1538,1423,2
1023,1972,2
1023,1817,2
1023,1060,2
1023,778,2
1538,1430,2
1539,748,2
1022,744,2
1022,697,2
1539,1430,2
1539,1441,2
1021,397,2
1021,274,2
1539,1536,2
1021,56,2
1021,18,2
1019,1538,2
1019,1441,2
1538,688,2
1024,1024,2
1536,1186,2
1537,1550,2
1536,1564,2
1027,688,2
1026,1997,2
1026,1751,2
1026,1748,2
1026,691,2
1537,662,2
1026,689,2
1026,651,2
1026,142,2
1025,1505,2
1537,1187,2
1025,1503,2
1537,1189,2
1025,688,2
1025,393,2
1537,1227,2
1024,1748,2
1024,1747,2
1006,1137,2
1548,1861,2
1005,1944,2
987,1259,2
987,480,2
987,203,2
986,1713,2
1561,1917,2
986,1613,2
986,1597,2
1562,74,2
986,1184,2
1562,1044,2
1562,1216,2
1562,1428,2
986,80,2
1562,1772,2
1563,896,2
985,1084,2
1564,402,2
985,449,2
984,1920,2
1564,535,2
1560,1829,2
1560,1797,2
1564,893,2
987,1868,2
1559,1251,2
1559,1252,2
989,1773,2
1559,1254,2
989,752,2
989,249,2
988,1928,2
988,1870,2
1559,1620,2
1560,1285,2
1560,1397,2
1560,1399,2
988,1785,2
988,1610,2
988,461,2
988,411,2
987,1922,2
987,1887,2
1560,1654,2
1564,805,2
1565,309,2
1559,1203,2
981,202,2
980,1168,2
980,1158,2
980,675,2
980,314,2
980,313,2
1567,1606,2
1567,1862,2
979,47,2
978,1886,2
1568,876,2
978,1033,2
1568,1202,2
1568,1253,2
1568,1258,2
1568,1379,2
978,314,2
978,164,2
977,974,2
1568,1584,2
1567,1596,2
981,450,2
1565,424,2
981,1019,2
984,1864,2
1565,713,2
1565,1186,2
1565,1187,2
984,804,2
984,484,2
1565,1594,2
1565,1608,2
983,1032,2
983,1024,2
1565,1610,2
983,484,2
983,482,2
1565,1812,2
982,219,2
1566,496,2
1566,1260,2
981,1244,2
1567,454,2
990,235,2
990,1247,2
1005,1811,2
1002,1166,2
1002,117,2
1001,1286,2
1001,1145,2
1001,503,2
1552,595,2
1552,1220,2
1000,1936,2
1000,1681,2
1552,1567,2
1552,1897,2
1000,1406,2
1553,313,2
1553,780,2
1000,503,2
1000,500,2
999,1947,2
999,1469,2
999,1242,2
999,1074,2
1002,119,2
1551,1731,2
999,660,2
1551,1266,2
1549,61,2
1549,319,2
1005,647,2
1005,497,2
1004,1946,2
1004,1937,2
1004,1613,2
1004,1496,2
1003,1944,2
1003,1488,2
1549,580,2
1003,769,2
1549,1235,2
1003,502,2
1549,1256,2
1549,1861,2
1550,1219,2
1003,479,2
1551,895,2
1553,1267,2
1553,1268,2
991,1146,2
994,1842,2
994,1700,2
1558,1002,2
1558,1203,2
993,1871,2
993,972,2
1558,1251,2
993,689,2
993,688,2
993,111,2
992,1853,2
992,1217,2
992,950,2
992,608,2
992,240,2
991,1895,2
991,1856,2
1558,1252,2
1559,282,2
991,1855,2
994,1770,2
994,1870,2
999,102,2
1557,1027,2
1554,1203,2
1555,1003,2
1555,1203,2
997,1394,2
997,854,2
996,499,2
1555,1266,2
995,1226,2
1555,1836,2
995,1223,2
1556,344,2
995,1032,2
995,972,2
1557,36,2
995,341,2
995,126,2
995,111,2
995,109,2
994,1872,2
925,965,2
925,943,2
925,922,2
862,1448,2
1636,589,2
1636,595,2
1636,596,2
1636,1036,2
1636,1654,2
1636,1711,2
1636,1969,2
1637,596,2
862,1589,2
1637,660,2
1627,687,2
862,1184,2
1637,851,2
1637,1053,2
1638,118,2
861,1980,2
861,1978,2
861,1593,2
1638,412,2
861,1112,2
1636,225,2
863,803,2
1636,66,2
863,1184,2
1634,326,2
866,757,2
866,198,2
1634,589,2
866,53,2
1634,1349,2
1634,1352,2
1634,1602,2
864,1605,2
1634,1623,2
1635,594,2
1635,604,2
1635,619,2
864,299,2
864,220,2
863,1708,2
1635,1042,2
1635,1599,2
1635,1835,2
1638,422,2
861,802,2
1638,594,2
1639,611,2
1639,658,2
859,204,2
859,142,2
858,1610,2
858,394,2
857,1181,2
1639,667,2
857,1180,2
857,892,2
857,402,2
856,1599,2
1639,733,2
1639,1121,2
856,1179,2
856,793,2
1639,1578,2
1639,1580,2
856,602,2
1639,1590,2
859,908,2
1639,607,2
1638,596,2
1639,604,2
861,202,2
861,117,2
1638,616,2
860,1596,2
860,1594,2
1638,670,2
860,1183,2
860,766,2
860,203,2
860,144,2
859,1894,2
1638,1713,2
859,1592,2
859,1591,2
859,1419,2
1639,224,2
859,1247,2
1639,594,2
1639,595,2
1634,228,2
1634,209,2
1633,1628,2
878,1113,2
878,570,2
1629,1028,2
877,1445,2
1629,1203,2
877,1109,2
1629,1206,2
1629,1684,2
877,274,2
877,176,2
876,1110,2
1630,25,2
1630,1203,2
1630,1206,2
876,718,2
1631,262,2
875,1198,2
875,1188,2
1631,611,2
874,1781,2
878,753,2
878,1211,2
874,1301,2
1629,417,2
881,1894,2
881,1761,2
881,1661,2
1627,1358,2
881,1208,2
1627,1481,2
1627,1924,2
1627,1960,2
1628,271,2
1628,603,2
1628,696,2
1628,1202,2
880,648,2
880,594,2
880,499,2
1628,1659,2
879,1650,2
879,102,2
879,101,2
874,1552,2
874,1193,2
866,819,2
870,1186,2
1632,1061,2
1632,1124,2
1632,1799,2
869,1655,2
1632,1997,2
1633,189,2
1633,608,2
1633,654,2
1633,694,2
869,482,2
869,461,2
868,1589,2
868,1251,2
867,1914,2
867,1612,2
867,1034,2
867,875,2
866,1590,2
866,1037,2
870,817,2
870,1602,2
874,1187,2
870,1950,2
874,805,2
1631,985,2
1631,1215,2
873,1624,2
1631,1570,2
1631,1856,2
1631,1997,2
873,802,2
873,772,2
1632,272,2
872,668,2
871,1595,2
871,1185,2
871,807,2
871,804,2
1632,620,2
871,472,2
1632,621,2
871,356,2
1639,1873,2
856,547,2
1640,214,2
847,256,2
846,1259,2
1645,1873,2
1646,3,2
846,1250,2
846,1242,2
846,1233,2
1646,597,2
846,1223,2
846,1182,2
846,1181,2
1646,1345,2
846,1178,2
1646,1392,2
1646,1433,2
1646,1644,2
1646,1687,2
846,489,2
846,113,2
845,1613,2
846,1274,2
1645,1344,2
845,1277,2
1645,601,2
848,1241,2
848,1198,2
848,1187,2
848,1152,2
848,1017,2
847,1259,2
1644,433,2
1644,576,2
1644,593,2
1644,597,2
1644,608,2
1644,1183,2
847,1252,2
1644,1283,2
1644,1840,2
847,1250,2
1645,41,2
847,1180,2
847,1179,2
845,1612,2
845,1262,2
848,1254,2
843,1278,2
1648,1967,2
1649,606,2
843,1258,2
843,1253,2
1649,613,2
843,1238,2
843,1228,2
843,1188,2
843,1180,2
843,1179,2
843,763,2
1649,1654,2
1649,1711,2
1649,1731,2
1649,1856,2
842,1268,2
842,1261,2
1649,1923,2
842,1253,2
843,1270,2
844,259,2
1647,271,2
844,1081,2
1647,620,2
845,1248,2
1647,1279,2
845,1185,2
1647,1866,2
844,1407,2
844,1268,2
1648,41,2
1648,620,2
844,1260,2
1648,681,2
1648,818,2
1648,1342,2
1648,1593,2
844,1251,2
1648,1687,2
844,1249,2
844,1243,2
844,1240,2
1644,277,2
1644,273,2
1640,349,2
853,1588,2
1640,1584,2
853,1573,2
1641,5,2
853,1425,2
853,1424,2
1641,15,2
1641,21,2
1641,349,2
1641,600,2
853,1186,2
1641,658,2
852,592,2
852,488,2
851,1548,2
851,1249,2
851,1225,2
851,1185,2
851,1184,2
851,1182,2
1640,1183,2
1640,1182,2
1642,181,2
1640,665,2
1640,591,2
856,13,2
855,1981,2
855,1602,2
855,1419,2
855,1402,2
855,1183,2
855,1177,2
855,547,2
855,170,2
854,1700,2
1640,600,2
1640,610,2
1640,613,2
1640,628,2
854,1404,2
854,1259,2
1640,662,2
854,203,2
1641,1178,2
851,762,2
848,1259,2
1643,619,2
850,1181,2
850,491,2
850,490,2
1643,903,2
1643,1333,2
1643,1738,2
849,1987,2
849,1986,2
849,1269,2
849,1262,2
849,1258,2
849,1256,2
1643,1858,2
849,1247,2
849,1181,2
849,767,2
1644,32,2
848,1547,2
848,1269,2
1643,658,2
850,1185,2
1642,590,2
850,1254,2
1642,597,2
851,639,2
851,597,2
851,204,2
850,1608,2
850,1548,2
850,1547,2
1642,601,2
850,1545,2
1642,604,2
850,1278,2
1642,671,2
1642,720,2
850,1277,2
1643,70,2
850,1269,2
850,1263,2
1643,590,2
1643,607,2
882,8,2
1626,1694,2
925,687,2
1611,1204,2
1610,1560,2
1610,1562,2
916,1197,2
1610,1593,2
916,1196,2
916,1114,2
916,1059,2
916,691,2
1610,1785,2
915,1822,2
1626,1693,2
915,1065,2
915,801,2
914,1973,2
914,1858,2
914,1569,2
914,941,2
914,694,2
1611,1592,2
914,693,2
916,1860,2
1610,1555,2
916,1880,2
1610,1551,2
918,1674,2
1609,1216,2
918,1114,2
918,663,2
918,496,2
918,485,2
917,1879,2
1609,1781,2
917,1875,2
917,1866,2
917,1860,2
917,1836,2
1610,291,2
917,1389,2
917,1388,2
917,1114,2
1610,767,2
917,488,2
1610,1035,2
1611,1692,2
914,487,2
914,448,2
1612,622,2
910,590,2
910,589,2
1612,1774,2
1612,1776,2
910,88,2
909,1569,2
1613,512,2
1613,1359,2
1613,1360,2
909,100,2
909,85,2
908,1900,2
1613,1588,2
908,1847,2
908,1334,2
908,673,2
908,672,2
908,586,2
907,1938,2
1612,1592,2
1612,455,2
913,1569,2
911,690,2
913,959,2
913,697,2
913,192,2
912,1934,2
912,1858,2
912,1785,2
1611,1707,2
1611,1773,2
1611,1781,2
1611,1784,2
912,654,2
1611,1785,2
1612,320,2
911,1864,2
911,1788,2
911,1787,2
911,1211,2
911,694,2
911,692,2
918,1711,2
918,1854,2
918,1859,2
923,1870,2
923,1854,2
1603,1782,2
923,1851,2
1603,1807,2
1604,326,2
1604,1737,2
1604,1770,2
923,90,2
1604,1773,2
1604,1776,2
1604,1781,2
922,1594,2
1604,1782,2
922,1379,2
922,867,2
1604,1784,2
922,640,2
922,341,2
921,1875,2
1603,1781,2
1603,284,2
1604,1791,2
1603,283,2
925,686,2
1601,1779,2
924,1877,2
1601,1880,2
1601,1949,2
1601,1966,2
1602,284,2
1602,1694,2
1602,1774,2
1602,1777,2
1602,1782,2
1603,208,2
924,1854,2
924,1850,2
924,1817,2
924,1567,2
1603,263,2
924,1390,2
924,686,2
921,1874,2
1604,1837,2
1609,900,2
1608,1358,2
920,1836,2
1608,1767,2
920,1540,2
920,1539,2
920,697,2
1608,1772,2
920,505,2
1608,1774,2
919,1858,2
1608,1780,2
1608,1781,2
919,1841,2
919,1644,2
1608,1787,2
1609,208,2
919,1114,2
919,484,2
1609,364,2
1609,365,2
1608,1763,2
1608,1101,2
1605,731,2
920,1842,2
1605,1210,2
1605,1775,2
1605,1786,2
1605,1807,2
1606,388,2
921,1860,2
1606,1774,2
1606,1781,2
1606,1787,2
1607,258,2
1607,1215,2
1607,1780,2
1607,1781,2
921,610,2
921,601,2
1607,1785,2
920,1874,2
920,1860,2
920,1851,2
1613,1780,2
907,943,2
1613,1786,2
892,1027,2
1623,371,2
891,1833,2
891,1764,2
1623,590,2
1623,798,2
1623,1149,2
1623,1592,2
891,1762,2
891,1761,2
891,1663,2
891,1365,2
1623,1593,2
1623,1618,2
891,649,2
891,613,2
891,307,2
891,212,2
890,1855,2
890,1764,2
891,1996,2
1622,1592,2
1623,1763,2
892,1551,2
894,461,2
894,71,2
1621,25,2
1621,428,2
893,1766,2
1621,590,2
1621,1476,2
1621,1781,2
1621,1812,2
893,1761,2
893,1760,2
893,519,2
893,461,2
893,93,2
892,1996,2
892,1797,2
892,1764,2
1622,1478,2
892,1761,2
890,1763,2
890,1494,2
1620,689,2
886,1588,2
886,705,2
886,654,2
885,1517,2
885,1267,2
885,705,2
885,655,2
1625,1183,2
1625,1579,2
1626,240,2
1626,270,2
885,593,2
884,656,2
1626,364,2
883,302,2
1626,596,2
1626,1340,2
882,773,2
882,216,2
1626,1595,2
1625,380,2
887,641,2
1624,384,2
887,653,2
890,1026,2
1624,432,2
1624,798,2
1624,1591,2
890,255,2
1624,1762,2
889,1833,2
889,1389,2
889,652,2
889,575,2
889,421,2
889,53,2
888,1267,2
888,655,2
1625,298,2
887,1796,2
1625,371,2
887,1446,2
887,1085,2
1620,1057,2
894,1056,2
907,620,2
1615,620,2
901,1175,2
901,1174,2
1615,1122,2
1615,1263,2
901,150,2
1615,1355,2
901,97,2
900,1761,2
1615,1356,2
900,1760,2
900,683,2
1615,1785,2
1616,12,2
1616,367,2
1616,510,2
1616,1361,2
899,1568,2
899,1176,2
899,549,2
901,1363,2
902,111,2
898,1904,2
902,130,2
907,497,2
906,657,2
906,646,2
1613,1852,2
1614,1360,2
1614,1769,2
906,129,2
906,91,2
1614,1773,2
905,926,2
905,634,2
1614,1776,2
905,106,2
1614,1781,2
904,681,2
1614,1782,2
902,1488,2
902,956,2
902,463,2
899,101,2
1616,1692,2
1620,590,2
896,1404,2
896,104,2
1617,1771,2
1617,1920,2
1618,368,2
896,22,2
1618,432,2
1618,1118,2
895,981,2
895,723,2
1618,1923,2
1619,25,2
894,1763,2
1619,112,2
1619,245,2
894,1638,2
1619,590,2
1619,1347,2
894,1553,2
894,1274,2
896,548,2
1617,1692,2
898,1903,2
896,1469,2
898,1430,2
898,523,2
898,133,2
897,1903,2
897,362,2
897,105,2
1616,1833,2
1616,1949,2
896,1764,2
1617,359,2
896,1704,2
896,1613,2
1617,424,2
1617,804,2
1617,977,2
1617,1356,2
1617,1578,2
896,1562,2
896,1521,2
1740,1101,2
0,34,2
248,944,2
82,1544,2
167,1614,2
167,1596,2
358,1730,2
288,783,2
42,1087,2
82,1231,2
82,1407,2
42,1070,2
42,763,2
42,603,2
42,587,2
207,1656,2
207,1665,2
207,1670,2
42,94,2
132,143,2
358,1755,2
82,1512,2
115,1699,2
82,943,2
167,1662,2
167,1691,2
115,1716,2
115,1724,2
42,1782,2
42,1608,2
42,1583,2
82,489,2
131,1762,2
42,1537,2
42,1502,2
357,1891,2
115,1711,2
115,1713,2
207,1464,2
357,1951,2
167,1714,2
42,1476,2
42,1470,2
207,1467,2
207,1468,2
287,1660,2
207,1751,2
288,1811,2
287,1645,2
41,1626,2
41,1618,2
41,1548,2
287,482,2
41,1498,2
359,457,2
0,11,2
359,574,2
41,1477,2
41,1473,2
115,1645,2
167,1057,2
208,478,2
167,1055,2
41,1268,2
208,500,2
115,1643,2
359,1459,2
208,613,2
82,1654,2
41,1650,2
208,86,2
207,1781,2
287,1588,2
207,1754,2
82,1549,2
82,1584,2
287,1102,2
132,253,2
41,1799,2
41,1708,2
115,1657,2
359,414,2
167,1082,2
208,20,2
208,48,2
287,1085,2
358,1960,2
115,1652,2
208,76,2
41,1678,2
131,1736,2
207,1115,2
351,1028,2
168,326,2
43,1831,2
290,791,2
43,1702,2
81,1564,2
81,1580,2
290,188,2
81,1593,2
356,1769,2
43,1677,2
43,1504,2
206,1677,2
168,593,2
206,1765,2
206,1828,2
43,1298,2
115,1914,2
168,394,2
43,1144,2
81,1751,2
290,952,2
206,1668,2
206,1627,2
81,793,2
44,586,2
44,455,2
44,454,2
44,453,2
44,446,2
206,1473,2
206,1535,2
43,1998,2
81,822,2
356,1757,2
168,1058,2
168,1053,2
356,1738,2
206,1599,2
206,1615,2
290,1392,2
356,1751,2
356,1755,2
356,1779,2
115,1866,2
167,1854,2
115,1865,2
289,992,2
289,981,2
43,714,2
168,298,2
43,699,2
207,491,2
357,1740,2
357,1743,2
43,587,2
43,462,2
43,360,2
131,1725,2
82,23,2
82,97,2
207,508,2
207,791,2
43,18,2
43,9,2
82,323,2
131,1721,2
43,761,2
115,1780,2
289,1588,2
207,141,2
356,1784,2
81,1833,2
207,305,2
43,1069,2
207,429,2
131,1710,2
131,1713,2
357,1025,2
115,1785,2
357,1190,2
207,463,2
207,467,2
115,1795,2
168,311,2
81,1850,2
43,908,2
115,1789,2
208,984,2
286,1605,2
41,1093,2
362,463,2
133,1003,2
166,1407,2
39,442,2
115,1075,2
39,320,2
84,818,2
166,1068,2
84,1081,2
133,1058,2
84,1095,2
209,1407,2
361,1773,2
38,1985,2
361,1921,2
282,1612,2
362,115,2
362,257,2
362,457,2
362,458,2
283,556,2
283,558,2
283,1089,2
283,1675,2
209,532,2
39,1497,2
361,457,2
39,1467,2
361,562,2
132,1903,2
132,1925,2
283,1676,2
133,55,2
83,1838,2
361,1211,2
361,1257,2
39,1407,2
361,1491,2
361,1492,2
83,1821,2
166,1709,2
166,1701,2
282,1253,2
115,692,2
41,1090,2
362,646,2
38,1735,2
38,1636,2
84,1597,2
84,1639,2
281,1660,2
362,1751,2
281,1574,2
209,1987,2
38,1535,2
38,1507,2
362,1798,2
281,1086,2
115,150,2
210,487,2
210,488,2
210,496,2
280,1959,2
280,1867,2
38,1481,2
38,1746,2
115,438,2
362,1581,2
115,691,2
84,1407,2
209,1627,2
38,1897,2
209,1730,2
209,1733,2
166,1055,2
133,1596,2
166,1051,2
84,1503,2
281,1893,2
84,1506,2
38,1756,2
362,1257,2
362,1566,2
362,1567,2
84,1519,2
281,1937,2
281,1913,2
39,1622,2
209,521,2
39,1713,2
39,1727,2
208,1617,2
83,497,2
359,1807,2
167,815,2
115,1576,2
40,1772,2
40,1718,2
40,1552,2
40,1499,2
40,1477,2
285,1639,2
83,633,2
83,780,2
208,1767,2
83,820,2
360,448,2
208,1769,2
360,583,2
40,1471,2
167,959,2
285,1824,2
167,960,2
359,1757,2
41,1072,2
82,1831,2
359,1716,2
286,1089,2
115,1609,2
359,1750,2
359,1752,2
82,1976,2
41,712,2
208,1606,2
41,603,2
41,458,2
41,446,2
41,443,2
208,1605,2
41,357,2
41,157,2
132,1695,2
40,1470,2
360,1015,2
40,1466,2
167,168,2
284,665,2
209,451,2
209,452,2
284,192,2
360,1788,2
209,466,2
209,504,2
39,1904,2
39,1899,2
209,88,2
360,1804,2
132,1832,2
360,1894,2
83,1597,2
83,1628,2
361,357,2
39,1762,2
209,510,2
209,152,2
40,442,2
40,1464,2
115,1535,2
132,1713,2
167,328,2
115,1542,2
83,1082,2
83,1084,2
115,1541,2
285,1086,2
284,1964,2
209,86,2
40,443,2
83,1430,2
360,1754,2
83,1535,2
83,1551,2
83,1552,2
284,1083,2
40,734,2
209,87,2
81,525,2
206,1151,2
290,1632,2
295,1142,2
48,859,2
296,159,2
116,1721,2
204,1065,2
352,1768,2
116,1720,2
295,1794,2
48,446,2
352,1770,2
78,1958,2
295,1742,2
129,1737,2
170,83,2
129,1751,2
204,1407,2
79,9,2
295,1588,2
204,1464,2
129,1771,2
296,172,2
48,903,2
296,215,2
78,1603,2
296,1473,2
170,911,2
170,782,2
78,1476,2
204,14,2
352,1736,2
78,1531,2
78,1573,2
78,1702,2
204,620,2
116,1747,2
204,298,2
48,1079,2
170,321,2
296,371,2
204,497,2
204,500,2
48,977,2
116,1717,2
204,1474,2
130,984,2
169,1862,2
47,1523,2
295,158,2
47,1499,2
47,1464,2
294,1960,2
116,1709,2
204,1666,2
116,1707,2
116,1705,2
79,1061,2
116,1704,2
169,1735,2
169,1728,2
169,1524,2
169,1523,2
353,1735,2
204,1701,2
169,1495,2
204,1705,2
204,1643,2
47,1543,2
79,582,2
353,1245,2
47,1903,2
79,459,2
47,1883,2
204,1617,2
295,1089,2
116,1712,2
295,485,2
204,1637,2
129,1824,2
353,1605,2
169,1745,2
47,1640,2
353,1253,2
79,522,2
47,1634,2
353,1598,2
169,1739,2
79,526,2
352,1728,2
203,1915,2
116,1797,2
296,1587,2
170,1676,2
77,1980,2
170,1611,2
170,1537,2
170,1476,2
170,1470,2
298,448,2
128,1922,2
298,374,2
117,309,2
78,488,2
49,859,2
298,358,2
49,714,2
49,708,2
78,489,2
298,350,2
298,275,2
170,1467,2
203,610,2
203,606,2
203,605,2
77,1889,2
298,1623,2
117,440,2
49,1489,2
170,1784,2
128,1828,2
203,473,2
170,1718,2
351,1746,2
49,1301,2
77,1954,2
351,1748,2
203,503,2
203,506,2
203,537,2
351,1753,2
203,588,2
170,1711,2
298,1113,2
351,1788,2
49,446,2
117,152,2
48,1520,2
352,1213,2
48,1653,2
352,1222,2
48,1593,2
48,1567,2
78,1088,2
48,1527,2
170,1043,2
352,1577,2
78,1085,2
116,1922,2
352,1698,2
48,1507,2
203,1773,2
116,1907,2
48,1470,2
48,1466,2
116,1901,2
48,1711,2
296,1859,2
298,207,2
203,1470,2
170,1463,2
49,201,2
170,1444,2
298,2,2
117,21,2
49,101,2
128,1965,2
203,1468,2
351,1986,2
203,1694,2
170,1074,2
203,1560,2
203,1576,2
48,1829,2
297,373,2
297,370,2
203,1615,2
203,1630,2
169,1483,2
353,1747,2
81,487,2
168,1862,2
45,750,2
45,744,2
355,531,2
355,570,2
45,742,2
80,1479,2
205,1932,2
168,1953,2
292,530,2
206,14,2
45,637,2
292,188,2
80,1503,2
292,35,2
168,1913,2
45,455,2
206,253,2
80,1577,2
206,289,2
45,752,2
355,273,2
130,1761,2
205,1477,2
130,1723,2
45,1464,2
205,1156,2
45,1463,2
116,1550,2
80,1177,2
45,1432,2
292,1947,2
205,1498,2
205,1643,2
45,1344,2
45,1255,2
292,1945,2
292,1942,2
292,1913,2
169,33,2
116,1463,2
205,1626,2
80,1646,2
355,1721,2
294,1411,2
45,28,2
168,1687,2
44,1654,2
44,1622,2
131,403,2
168,1677,2
44,1491,2
116,1218,2
168,1632,2
80,1833,2
355,1761,2
291,34,2
206,506,2
168,1621,2
168,1543,2
168,1498,2
290,1959,2
168,1494,2
168,1463,2
206,611,2
168,1711,2
44,1713,2
355,1756,2
355,1749,2
44,1986,2
80,1713,2
130,1879,2
80,1727,2
206,489,2
44,1985,2
291,1720,2
130,1910,2
206,490,2
168,1724,2
44,1896,2
206,505,2
130,1926,2
168,1769,2
168,1759,2
131,346,2
44,1812,2
80,1830,2
292,1951,2
292,1952,2
80,1077,2
354,1751,2
79,1830,2
46,1966,2
293,1960,2
205,490,2
205,502,2
46,1875,2
354,443,2
205,508,2
293,1950,2
354,465,2
116,1674,2
354,570,2
293,1891,2
354,571,2
354,582,2
354,681,2
293,1868,2
46,1690,2
354,966,2
353,1924,2
353,1921,2
353,1920,2
204,1819,2
353,1749,2
47,728,2
130,1181,2
204,1788,2
353,1752,2
294,1289,2
353,1754,2
79,1499,2
47,637,2
353,1809,2
116,1684,2
294,1081,2
79,1690,2
130,1321,2
79,1704,2
169,1079,2
169,1075,2
205,80,2
46,1680,2
46,1613,2
46,1605,2
45,1714,2
354,1734,2
46,311,2
293,1078,2
130,1704,2
293,956,2
80,522,2
45,1742,2
293,725,2
45,1649,2
293,1086,2
45,1519,2
293,273,2
45,1500,2
45,1490,2
169,287,2
205,1011,2
130,1721,2
205,1063,2
46,585,2
46,633,2
46,1602,2
293,1388,2
205,538,2
46,1464,2
169,957,2
116,1647,2
80,22,2
293,1588,2
80,133,2
116,1611,2
293,1385,2
46,635,2
46,1072,2
293,1092,2
46,761,2
46,754,2
46,753,2
46,639,2
46,637,2
46,636,2
210,497,2
38,1466,2
166,897,2
374,1742,2
266,661,2
113,1074,2
374,453,2
213,1472,2
374,1286,2
89,988,2
374,1287,2
213,1477,2
374,1288,2
374,1289,2
374,1290,2
113,994,2
113,991,2
213,1538,2
138,1315,2
213,1615,2
113,983,2
163,1063,2
89,1407,2
373,1921,2
266,667,2
28,1465,2
163,1607,2
138,128,2
163,1648,2
29,139,2
29,137,2
29,122,2
373,1575,2
28,1898,2
28,1838,2
163,1522,2
28,1528,2
213,986,2
88,1831,2
28,1686,2
163,1470,2
88,1854,2
266,673,2
88,1951,2
266,668,2
163,1060,2
28,619,2
27,1471,2
163,1048,2
163,565,2
375,324,2
163,494,2
265,663,2
213,1985,2
27,1929,2
265,439,2
113,598,2
27,1904,2
138,1552,2
375,1287,2
27,1774,2
138,1561,2
213,1991,2
138,1598,2
27,1617,2
214,351,2
214,487,2
214,518,2
163,821,2
89,1717,2
28,138,2
265,1612,2
113,981,2
213,1737,2
213,1759,2
89,1458,2
28,424,2
28,422,2
89,1472,2
89,1483,2
28,379,2
28,140,2
28,378,2
28,323,2
89,1485,2
89,1648,2
265,1234,2
113,690,2
163,949,2
113,675,2
113,1407,2
29,142,2
137,1984,2
373,1416,2
371,1187,2
268,1666,2
137,672,2
268,1277,2
371,1365,2
371,1421,2
212,1662,2
371,1718,2
212,1713,2
212,1744,2
371,1768,2
212,1801,2
212,1985,2
371,1893,2
371,1941,2
371,1985,2
268,644,2
113,1679,2
268,499,2
137,585,2
87,1855,2
137,253,2
212,1557,2
30,1775,2
164,1057,2
87,1792,2
30,1752,2
113,1715,2
30,1675,2
371,115,2
30,1662,2
30,1628,2
371,1181,2
113,1713,2
371,434,2
137,23,2
212,1571,2
87,1816,2
30,1463,2
137,113,2
137,148,2
88,1230,2
372,1096,2
164,328,2
267,663,2
213,507,2
88,1640,2
113,1638,2
29,1662,2
113,1635,2
88,1650,2
213,548,2
137,1830,2
373,963,2
29,1737,2
267,513,2
113,1585,2
88,1686,2
29,939,2
373,1290,2
29,379,2
163,1715,2
373,1347,2
213,505,2
164,291,2
372,1187,2
137,1537,2
267,1960,2
30,142,2
372,1462,2
30,141,2
372,1469,2
213,111,2
30,140,2
29,1908,2
88,1549,2
137,1629,2
88,1574,2
113,1657,2
29,1900,2
88,1585,2
88,1597,2
213,289,2
372,1754,2
372,1772,2
214,652,2
163,25,2
30,1782,2
91,1491,2
162,1181,2
215,1715,2
139,1078,2
215,1930,2
162,1173,2
162,1169,2
261,940,2
378,341,2
216,36,2
162,1060,2
91,1239,2
378,389,2
112,1705,2
91,1463,2
91,1473,2
91,1474,2
378,613,2
378,822,2
162,1038,2
25,1492,2
261,1234,2
25,1550,2
261,1934,2
262,445,2
162,1197,2
139,869,2
215,1465,2
215,1470,2
25,1706,2
215,1544,2
215,1630,2
377,1777,2
215,1697,2
162,1185,2
25,1688,2
112,1719,2
91,321,2
215,1668,2
91,527,2
91,573,2
91,588,2
378,828,2
91,1518,2
264,761,2
91,1533,2
162,309,2
24,1988,2
112,1671,2
24,1917,2
112,1666,2
162,25,2
162,24,2
24,1906,2
24,1783,2
24,1724,2
24,1709,2
24,1704,2
260,1699,2
139,1552,2
260,1626,2
139,1597,2
24,1562,2
91,1802,2
91,1803,2
139,1490,2
25,386,2
378,1577,2
378,1184,2
91,1551,2
216,458,2
261,447,2
91,1593,2
162,947,2
162,945,2
162,920,2
216,504,2
378,1195,2
378,1575,2
378,1259,2
378,1287,2
260,1978,2
260,1935,2
91,1636,2
162,494,2
216,516,2
162,328,2
25,1960,2
25,1966,2
215,1464,2
139,772,2
376,521,2
376,1207,2
26,1960,2
138,1832,2
162,1728,2
26,1821,2
26,1799,2
26,1714,2
26,1713,2
26,1583,2
90,1182,2
26,1492,2
90,1407,2
263,1636,2
90,1463,2
376,1858,2
376,1980,2
112,1781,2
214,1600,2
263,1913,2
264,35,2
162,1783,2
27,202,2
27,980,2
264,664,2
138,1726,2
27,823,2
89,1879,2
112,1948,2
214,1013,2
112,1947,2
376,79,2
90,465,2
138,1770,2
27,176,2
214,1138,2
376,116,2
112,1946,2
90,427,2
376,277,2
90,437,2
376,1982,2
26,1486,2
90,1613,2
262,1509,2
90,1712,2
90,1714,2
162,1586,2
262,1711,2
262,1512,2
162,1547,2
377,612,2
162,1519,2
26,177,2
162,1645,2
215,947,2
90,1830,2
162,1490,2
162,1466,2
139,663,2
262,667,2
90,1835,2
377,1722,2
26,596,2
162,1653,2
90,1621,2
90,1634,2
376,1984,2
263,1625,2
90,1625,2
214,1643,2
214,1703,2
214,1808,2
263,1234,2
376,1985,2
138,1925,2
262,1937,2
215,123,2
377,76,2
263,932,2
377,150,2
263,507,2
162,1693,2
162,1676,2
262,1938,2
268,1954,2
30,1783,2
280,1724,2
277,386,2
36,741,2
36,715,2
365,459,2
36,685,2
165,958,2
277,1680,2
165,943,2
85,1760,2
365,763,2
365,1287,2
277,1656,2
365,1357,2
211,497,2
35,1981,2
165,894,2
35,1905,2
165,884,2
277,955,2
134,1770,2
365,292,2
36,943,2
114,1738,2
36,1630,2
36,1736,2
364,1738,2
36,1672,2
36,1637,2
85,1666,2
210,1586,2
278,855,2
210,1599,2
36,1580,2
277,1941,2
210,1690,2
114,1740,2
210,1731,2
278,499,2
36,1467,2
36,1466,2
278,160,2
134,1712,2
114,1719,2
277,276,2
275,1526,2
211,499,2
134,1910,2
134,1913,2
114,1697,2
275,1972,2
86,593,2
35,404,2
35,218,2
35,11,2
114,1676,2
134,1934,2
165,315,2
365,1809,2
211,984,2
134,1938,2
275,1567,2
34,1982,2
86,1062,2
366,292,2
366,293,2
365,1723,2
211,917,2
165,319,2
35,1563,2
211,513,2
277,47,2
165,794,2
134,1838,2
211,519,2
35,1815,2
211,605,2
35,1622,2
211,609,2
165,328,2
35,1343,2
114,1716,2
365,1579,2
276,1711,2
276,1574,2
276,1527,2
276,1493,2
211,760,2
36,1755,2
210,1580,2
210,1574,2
85,1650,2
210,917,2
279,1987,2
38,447,2
210,981,2
134,582,2
134,720,2
134,914,2
363,1674,2
114,1951,2
37,1708,2
37,1693,2
37,1570,2
85,73,2
114,1877,2
279,1490,2
114,1873,2
165,1674,2
85,123,2
165,1600,2
363,1518,2
210,788,2
38,661,2
38,1118,2
115,75,2
280,1658,2
363,194,2
133,1730,2
166,298,2
363,320,2
280,1078,2
363,458,2
84,1820,2
363,1198,2
363,462,2
363,478,2
363,573,2
363,671,2
363,700,2
38,1026,2
210,527,2
210,563,2
37,1469,2
165,1556,2
165,1522,2
364,1279,2
279,175,2
279,160,2
278,1984,2
165,1066,2
134,1597,2
114,1784,2
165,1055,2
85,1591,2
85,1603,2
134,1552,2
364,1287,2
278,1649,2
36,1982,2
210,1468,2
278,1491,2
210,1564,2
364,1498,2
165,1054,2
37,48,2
279,184,2
165,1484,2
364,117,2
114,1855,2
85,492,2
363,1902,2
134,1409,2
85,620,2
85,839,2
210,1258,2
363,1982,2
37,987,2
37,442,2
37,538,2
364,457,2
364,458,2
364,578,2
85,1469,2
85,1522,2
165,1070,2
85,1536,2
134,1949,2
366,310,2
30,1807,2
32,141,2
87,938,2
271,1076,2
113,1781,2
32,1471,2
212,501,2
87,1087,2
32,1466,2
32,1464,2
136,1146,2
32,1269,2
136,1407,2
212,737,2
212,766,2
270,1960,2
32,669,2
32,439,2
270,1956,2
270,1863,2
32,142,2
32,1534,2
32,1549,2
368,1946,2
368,1738,2
164,1597,2
87,291,2
87,327,2
212,138,2
368,1233,2
164,1534,2
212,455,2
368,1700,2
32,1784,2
87,735,2
271,1745,2
271,1609,2
87,522,2
113,1799,2
271,1234,2
32,1643,2
113,1797,2
113,1796,2
270,1861,2
32,140,2
275,1494,2
31,1987,2
136,1672,2
31,596,2
31,592,2
31,142,2
164,1082,2
113,1722,2
113,1721,2
212,1463,2
31,141,2
31,140,2
31,139,2
164,1059,2
269,1419,2
164,1058,2
87,1782,2
30,1909,2
370,1777,2
30,1907,2
30,1900,2
370,1400,2
113,1726,2
269,1950,2
87,1589,2
270,1702,2
369,1416,2
31,1771,2
136,1552,2
31,1551,2
31,1539,2
31,1470,2
87,1503,2
31,1464,2
269,1954,2
113,1729,2
87,1610,2
369,1985,2
369,1987,2
270,955,2
370,227,2
113,1728,2
87,1698,2
368,297,2
368,281,2
87,185,2
211,1909,2
86,1620,2
34,807,2
86,1623,2
34,804,2
34,404,2
274,1606,2
366,1328,2
86,1656,2
33,1899,2
33,1891,2
274,960,2
274,930,2
366,1580,2
135,1552,2
274,500,2
366,1725,2
366,1762,2
273,1964,2
33,1780,2
366,1274,2
34,808,2
34,845,2
165,311,2
34,1877,2
114,1619,2
275,1461,2
366,457,2
34,1792,2
366,458,2
211,1042,2
86,1092,2
34,1785,2
366,1255,2
275,930,2
275,859,2
86,1345,2
135,333,2
275,741,2
86,1463,2
275,227,2
274,1882,2
273,1665,2
33,1713,2
114,1076,2
211,1715,2
272,1937,2
114,819,2
114,441,2
367,1737,2
114,432,2
164,1613,2
114,95,2
211,1649,2
211,1785,2
86,1792,2
113,1913,2
113,1907,2
367,1812,2
33,791,2
272,1683,2
135,1868,2
33,578,2
272,1141,2
367,1423,2
273,168,2
33,1631,2
273,1109,2
366,1983,2
33,1544,2
114,1074,2
33,1509,2
86,1713,2
367,420,2
273,1460,2
367,658,2
367,928,2
135,1770,2
33,1463,2
367,947,2
273,956,2
164,1716,2
114,834,2
367,1181,2
164,1692,2
367,1266,2
128,1821,2
351,1025,2
91,1831,2
192,489,2
333,1526,2
179,1782,2
333,1620,2
179,1778,2
70,1550,2
179,1702,2
191,1933,2
192,2,2
333,1768,2
179,1693,2
192,486,2
122,1739,2
333,1771,2
314,1625,2
314,1621,2
70,1559,2
333,1777,2
122,1744,2
314,1618,2
122,1674,2
61,1079,2
119,118,2
122,1633,2
180,390,2
180,370,2
119,964,2
180,229,2
315,694,2
332,1768,2
61,1699,2
61,1670,2
191,1680,2
180,212,2
180,222,2
191,1715,2
119,773,2
191,1765,2
180,216,2
70,1536,2
180,214,2
332,1907,2
314,1616,2
61,301,2
191,1590,2
314,1238,2
118,1796,2
334,1535,2
334,1717,2
334,1749,2
118,1792,2
118,1789,2
118,1786,2
118,1782,2
70,1582,2
122,1921,2
70,1583,2
122,1999,2
60,741,2
334,1767,2
123,81,2
60,522,2
60,503,2
118,1751,2
313,1625,2
60,1463,2
60,1477,2
60,1481,2
60,1887,2
61,295,2
118,1841,2
179,1692,2
314,750,2
314,730,2
118,1836,2
179,1563,2
122,1785,2
313,1890,2
60,1543,2
70,1569,2
192,621,2
60,1736,2
334,170,2
60,1721,2
60,1713,2
122,1800,2
60,1688,2
61,1956,2
61,1985,2
171,211,2
180,1587,2
119,1469,2
62,1865,2
119,1468,2
70,494,2
70,526,2
180,1748,2
62,1713,2
180,1709,2
62,1577,2
62,1494,2
180,1658,2
119,1462,2
316,52,2
119,1455,2
119,1453,2
331,1612,2
62,1482,2
119,1449,2
180,1655,2
69,1979,2
190,1806,2
181,26,2
69,1966,2
69,1946,2
63,498,2
316,1591,2
63,357,2
69,1947,2
69,1962,2
181,230,2
63,302,2
63,117,2
190,1804,2
69,1967,2
62,1989,2
330,1773,2
62,1986,2
62,1956,2
190,1757,2
181,97,2
69,1969,2
62,1439,2
119,1435,2
180,692,2
180,1554,2
191,1474,2
119,1341,2
119,1340,2
191,1481,2
315,1648,2
191,1501,2
332,321,2
122,1573,2
332,325,2
315,1630,2
332,674,2
315,1627,2
191,1503,2
62,172,2
315,1592,2
332,1544,2
180,721,2
62,150,2
315,1247,2
191,1468,2
191,1466,2
62,312,2
191,1289,2
180,1483,2
180,1478,2
191,61,2
315,1893,2
180,1476,2
180,1463,2
70,924,2
70,982,2
331,1772,2
62,328,2
70,1264,2
62,525,2
331,1776,2
119,1411,2
62,523,2
62,504,2
331,1789,2
119,1364,2
179,896,2
118,1746,2
60,359,2
71,1069,2
177,1889,2
194,372,2
336,1753,2
71,470,2
58,1091,2
311,1631,2
311,1630,2
336,1756,2
58,1078,2
177,1779,2
177,1698,2
177,1621,2
177,1480,2
71,495,2
71,515,2
71,522,2
336,1767,2
177,1464,2
118,1625,2
58,1258,2
123,1623,2
58,1464,2
58,1713,2
178,939,2
58,1748,2
193,1754,2
311,1980,2
311,1896,2
193,1756,2
336,587,2
58,1744,2
336,643,2
123,1597,2
336,1052,2
58,1666,2
311,1784,2
58,1519,2
58,1483,2
71,445,2
178,333,2
123,1578,2
194,742,2
58,527,2
192,1463,2
58,494,2
123,1723,2
336,1890,2
336,1899,2
337,165,2
58,129,2
123,1725,2
337,695,2
337,696,2
337,962,2
337,1607,2
123,1737,2
123,1743,2
71,1546,2
194,1545,2
57,1888,2
194,1593,2
57,1743,2
57,1713,2
57,1692,2
310,1811,2
123,1721,2
58,301,2
311,342,2
58,493,2
118,1621,2
118,1618,2
118,1617,2
58,447,2
336,1778,2
58,430,2
311,370,2
58,337,2
336,1795,2
123,1711,2
58,313,2
58,308,2
118,1616,2
71,1507,2
194,1468,2
194,1470,2
194,1471,2
118,1646,2
118,1650,2
71,325,2
70,1990,2
179,223,2
179,151,2
118,1718,2
118,1715,2
59,1876,2
118,1712,2
335,532,2
192,1654,2
335,649,2
192,1673,2
59,1719,2
192,1703,2
123,977,2
192,1715,2
59,1690,2
118,1708,2
335,820,2
59,1623,2
59,1573,2
70,1607,2
118,1722,2
192,1646,2
192,1556,2
334,1791,2
179,555,2
313,451,2
60,355,2
313,164,2
312,1985,2
192,1484,2
192,1489,2
179,368,2
118,1724,2
59,1957,2
179,227,2
334,1889,2
334,1890,2
59,1955,2
118,1725,2
312,1784,2
59,1888,2
59,1474,2
59,1465,2
335,1454,2
178,1462,2
193,920,2
178,1471,2
59,542,2
178,1470,2
118,1665,2
59,522,2
118,1664,2
123,1407,2
70,1858,2
335,1767,2
59,331,2
59,265,2
59,185,2
118,1651,2
193,1598,2
58,1955,2
70,1980,2
193,1611,2
178,1472,2
312,801,2
59,1462,2
312,1633,2
178,1742,2
192,1721,2
312,1636,2
312,1634,2
178,1603,2
193,2,2
118,1702,2
193,14,2
59,1071,2
193,638,2
193,102,2
123,1110,2
118,1681,2
70,1667,2
312,1253,2
123,1151,2
193,373,2
335,1765,2
181,498,2
181,617,2
316,1630,2
66,1040,2
183,1566,2
186,922,2
186,931,2
186,951,2
66,1584,2
66,1562,2
66,1485,2
121,266,2
325,535,2
119,1887,2
183,1472,2
320,1769,2
325,694,2
121,437,2
66,1407,2
66,1082,2
320,1764,2
69,450,2
325,1634,2
320,1872,2
120,1951,2
183,1646,2
186,216,2
68,1985,2
68,1986,2
67,450,2
183,1878,2
120,111,2
120,100,2
68,1989,2
183,1876,2
66,1980,2
120,1908,2
324,1786,2
66,1944,2
120,1904,2
66,1861,2
321,546,2
321,291,2
321,262,2
183,1750,2
325,1636,2
325,1708,2
182,1631,2
320,1634,2
69,1073,2
320,1120,2
183,31,2
326,284,2
326,976,2
65,1951,2
326,1614,2
319,1896,2
119,1796,2
119,1794,2
119,1789,2
326,1727,2
186,1979,2
69,1467,2
69,1468,2
65,1797,2
182,1709,2
182,1700,2
182,1683,2
69,1069,2
186,1675,2
186,1673,2
320,1626,2
186,1465,2
186,1466,2
69,520,2
121,902,2
320,1633,2
320,1632,2
320,1628,2
320,1627,2
186,1538,2
69,928,2
186,1552,2
121,1058,2
66,199,2
183,1034,2
66,139,2
69,798,2
69,924,2
186,1652,2
184,352,2
186,14,2
68,1964,2
185,1958,2
68,1096,2
322,1823,2
185,1484,2
322,441,2
184,1715,2
184,1601,2
323,294,2
68,5,2
184,1514,2
184,1486,2
184,1482,2
184,1469,2
185,1505,2
323,1677,2
120,1464,2
185,1511,2
323,1738,2
120,1705,2
321,1837,2
322,1032,2
68,1095,2
68,1073,2
68,925,2
185,969,2
185,1010,2
68,522,2
68,508,2
120,1615,2
68,524,2
120,1631,2
120,1602,2
68,926,2
120,1673,2
120,1640,2
120,1598,2
120,1644,2
120,1648,2
322,1225,2
185,217,2
120,1662,2
68,364,2
120,1707,2
120,1710,2
185,1596,2
120,1794,2
185,1750,2
185,1753,2
120,1778,2
120,1782,2
120,1346,2
67,1306,2
184,1069,2
67,1089,2
67,1081,2
185,1737,2
184,922,2
120,1089,2
67,992,2
67,974,2
68,1780,2
120,1796,2
67,906,2
321,1320,2
324,1009,2
185,1728,2
120,1725,2
67,1713,2
185,1699,2
323,1753,2
120,1731,2
323,1778,2
68,1480,2
185,1714,2
68,1611,2
68,1617,2
67,1690,2
324,291,2
323,1797,2
68,1633,2
120,1737,2
120,1738,2
67,1574,2
67,1469,2
120,1747,2
185,1726,2
65,1464,2
65,1463,2
316,1634,2
317,1621,2
188,1612,2
188,1731,2
64,21,2
64,0,2
317,1772,2
181,1467,2
181,1464,2
181,1463,2
317,1725,2
121,1768,2
69,1708,2
121,1787,2
121,1798,2
121,1799,2
119,1579,2
189,365,2
317,1626,2
317,1625,2
189,621,2
329,661,2
181,1481,2
181,1492,2
317,1945,2
318,914,2
328,1778,2
181,1774,2
64,360,2
181,1767,2
119,1641,2
181,1766,2
318,162,2
181,1761,2
181,1590,2
181,1710,2
181,1684,2
181,1632,2
181,1603,2
328,1944,2
188,1464,2
188,1474,2
188,1479,2
181,1198,2
63,1713,2
69,1475,2
63,1693,2
190,1106,2
190,1464,2
329,1843,2
329,1847,2
316,1779,2
63,979,2
122,963,2
119,1488,2
122,964,2
330,359,2
63,877,2
330,417,2
190,1488,2
181,895,2
316,1743,2
330,1081,2
190,1522,2
119,1475,2
190,1712,2
122,380,2
190,951,2
316,1985,2
189,1714,2
63,1637,2
119,1569,2
189,1464,2
189,1469,2
189,1471,2
189,1482,2
317,285,2
119,1530,2
189,1748,2
63,1038,2
329,1772,2
119,1503,2
121,1908,2
189,1814,2
329,1776,2
121,1990,2
119,1496,2
329,1777,2
64,391,2
64,525,2
64,678,2
119,1650,2
327,1644,2
327,1647,2
121,1667,2
319,211,2
121,1688,2
327,1711,2
187,1568,2
327,1730,2
187,1570,2
119,1718,2
327,1740,2
119,1715,2
119,1714,2
327,1752,2
65,356,2
119,1712,2
187,1693,2
121,1709,2
121,1710,2
69,1497,2
119,1738,2
327,1563,2
65,1087,2
187,677,2
182,1524,2
182,1493,2
319,1624,2
319,1620,2
187,922,2
326,1778,2
65,1136,2
119,1748,2
187,1474,2
327,290,2
319,1493,2
319,1326,2
319,1106,2
119,1746,2
327,1030,2
187,1472,2
69,1495,2
65,312,2
187,1808,2
121,1712,2
64,1468,2
64,1723,2
318,1740,2
64,1553,2
69,1631,2
64,1488,2
328,1643,2
119,1663,2
64,1472,2
64,1465,2
182,639,2
318,1622,2
318,1618,2
318,1558,2
64,1090,2
64,1079,2
182,209,2
182,71,2
182,14,2
64,1744,2
69,1625,2
69,1519,2
327,1896,2
65,26,2
65,21,2
69,1528,2
64,1953,2
64,1952,2
318,1779,2
119,1707,2
119,1700,2
69,1580,2
328,1495,2
119,1697,2
69,1591,2
121,1714,2
328,1030,2
121,1715,2
182,886,2
64,1791,2
64,1781,2
57,1474,2
57,1467,2
71,1713,2
303,449,2
126,1922,2
173,1077,2
75,1345,2
127,329,2
200,1590,2
127,707,2
200,1641,2
347,652,2
347,680,2
173,1063,2
52,639,2
75,1470,2
200,1792,2
52,574,2
303,509,2
173,793,2
303,472,2
52,307,2
347,1752,2
200,1489,2
126,1906,2
347,76,2
173,1464,2
52,1463,2
346,1775,2
200,846,2
200,905,2
75,601,2
173,1558,2
75,891,2
200,1138,2
173,1415,2
200,1469,2
117,1710,2
75,1069,2
52,1334,2
346,1793,2
126,1794,2
200,1314,2
117,1709,2
75,1087,2
117,1697,2
347,1754,2
117,1621,2
347,1757,2
348,116,2
172,1517,2
348,325,2
172,1480,2
348,931,2
348,1415,2
172,1462,2
348,1424,2
201,518,2
127,1597,2
348,1535,2
117,1648,2
201,877,2
201,1139,2
75,1987,2
348,1708,2
75,1989,2
201,1274,2
302,1734,2
347,1984,2
172,1552,2
172,1688,2
127,1279,2
75,1665,2
347,1761,2
347,1762,2
303,216,2
200,1958,2
52,306,2
173,511,2
52,302,2
52,146,2
347,1796,2
201,186,2
201,363,2
201,367,2
201,372,2
75,1837,2
302,1915,2
201,471,2
347,1787,2
52,1468,2
173,1584,2
52,1470,2
52,1541,2
199,1407,2
74,1837,2
174,800,2
126,1708,2
174,795,2
174,793,2
174,602,2
126,1710,2
74,1978,2
199,1469,2
304,662,2
199,1471,2
199,1485,2
52,1891,2
199,1534,2
52,1876,2
199,1576,2
346,103,2
346,116,2
304,1011,2
117,1734,2
53,253,2
74,1407,2
345,1645,2
74,526,2
345,1660,2
345,1740,2
198,1651,2
74,920,2
74,1090,2
345,1751,2
198,1959,2
126,1679,2
199,45,2
74,1702,2
345,1770,2
199,77,2
199,389,2
199,460,2
199,491,2
126,1663,2
346,268,2
346,391,2
199,1682,2
346,1765,2
117,1720,2
346,1760,2
52,1581,2
174,79,2
200,487,2
75,348,2
52,1568,2
200,502,2
200,506,2
346,1755,2
200,515,2
173,1698,2
346,1770,2
75,499,2
75,524,2
200,540,2
173,1605,2
173,1597,2
174,217,2
346,1754,2
126,1719,2
199,1706,2
304,451,2
304,421,2
346,1240,2
346,1345,2
304,2,2
126,1723,2
199,1696,2
74,1988,2
199,1715,2
75,12,2
346,1513,2
126,1724,2
126,1727,2
74,1991,2
126,1728,2
126,1729,2
126,1731,2
346,1746,2
51,1892,2
201,1407,2
53,572,2
350,1751,2
300,451,2
300,440,2
77,522,2
350,1633,2
77,526,2
300,373,2
50,1773,2
300,367,2
299,1826,2
50,1714,2
50,1693,2
50,1541,2
202,1467,2
171,1065,2
50,1519,2
350,1746,2
128,1712,2
202,1514,2
202,1520,2
350,1284,2
350,1279,2
350,897,2
300,848,2
349,1904,2
128,1463,2
171,1712,2
349,1984,2
349,1989,2
300,1474,2
300,1240,2
117,1455,2
171,1545,2
77,498,2
171,1495,2
171,1479,2
171,1466,2
77,493,2
171,1464,2
77,496,2
350,764,2
350,838,2
202,1554,2
128,1713,2
172,1141,2
202,1557,2
202,1825,2
77,1528,2
299,735,2
128,1751,2
77,1552,2
299,668,2
171,318,2
77,1665,2
77,1691,2
77,1696,2
77,1703,2
171,307,2
298,1906,2
298,1775,2
50,103,2
128,1801,2
117,980,2
351,567,2
351,800,2
171,325,2
50,662,2
202,1789,2
350,1759,2
202,1562,2
202,1606,2
50,1233,2
171,1054,2
202,1613,2
202,1665,2
202,1674,2
77,1058,2
171,1039,2
50,688,2
171,1034,2
350,1769,2
77,1085,2
299,1078,2
202,1675,2
171,907,2
171,815,2
202,1715,2
171,1718,2
128,1407,2
349,1860,2
128,1311,2
201,1671,2
76,1095,2
172,957,2
172,923,2
201,1681,2
348,1904,2
201,1690,2
348,1979,2
302,386,2
201,1715,2
302,165,2
201,1739,2
76,1245,2
201,1752,2
301,1912,2
127,1748,2
201,1771,2
172,794,2
349,114,2
51,1464,2
51,1470,2
76,1087,2
117,1598,2
172,1074,2
201,1423,2
201,1501,2
117,1611,2
51,1714,2
51,1670,2
348,1754,2
117,1599,2
51,1601,2
201,1641,2
76,730,2
201,1509,2
76,920,2
76,1069,2
201,1561,2
117,1583,2
51,1542,2
201,1613,2
349,115,2
349,116,2
349,118,2
51,632,2
349,1750,2
51,1075,2
349,1754,2
51,938,2
51,859,2
202,505,2
51,768,2
349,1763,2
51,586,2
301,736,2
51,463,2
301,372,2
51,312,2
349,1783,2
301,240,2
300,1938,2
202,696,2
76,1991,2
349,1747,2
76,1981,2
172,793,2
76,1485,2
201,1772,2
201,1784,2
202,52,2
349,429,2
117,1548,2
349,574,2
172,592,2
349,897,2
172,591,2
202,458,2
172,511,2
172,494,2
202,196,2
76,1571,2
76,1708,2
172,318,2
301,1387,2
117,1492,2
53,445,2
53,616,2
194,1644,2
118,1466,2
340,1637,2
340,1665,2
55,1770,2
340,1728,2
55,1728,2
72,1627,2
55,1677,2
118,1476,2
55,1675,2
340,1760,2
118,1472,2
55,1667,2
55,1574,2
340,1768,2
195,1570,2
340,1774,2
118,1468,2
340,1782,2
340,1786,2
340,1559,2
55,1852,2
195,1472,2
118,1508,2
339,1764,2
339,1765,2
56,257,2
124,1703,2
118,1516,2
339,1774,2
339,1777,2
72,1086,2
195,1410,2
340,1108,2
72,1087,2
309,240,2
340,1020,2
340,1098,2
124,1725,2
124,1726,2
72,1096,2
308,1898,2
72,1666,2
308,1737,2
196,508,2
55,1521,2
176,452,2
341,1665,2
124,1957,2
176,380,2
118,1458,2
176,322,2
176,320,2
118,1456,2
125,270,2
125,290,2
308,1071,2
196,212,2
341,1751,2
308,744,2
55,521,2
118,1443,2
341,1756,2
55,359,2
118,1432,2
176,484,2
124,1916,2
124,1914,2
195,1691,2
55,1500,2
340,1817,2
124,1798,2
72,1713,2
124,1804,2
55,1407,2
195,1661,2
195,1688,2
195,1774,2
55,1000,2
195,1894,2
72,1819,2
176,788,2
176,708,2
341,449,2
341,453,2
341,505,2
195,1895,2
339,1754,2
118,1524,2
195,1283,2
176,1469,2
338,591,2
71,1897,2
124,1407,2
338,641,2
338,693,2
338,695,2
338,967,2
310,928,2
338,969,2
338,971,2
338,1658,2
124,1462,2
118,1574,2
118,1571,2
56,1486,2
56,1484,2
56,1472,2
124,1557,2
56,1465,2
177,641,2
338,462,2
71,1860,2
57,582,2
337,1762,2
177,1048,2
194,1649,2
118,1589,2
57,1074,2
124,773,2
337,1774,2
57,588,2
57,480,2
338,432,2
310,1634,2
337,1787,2
194,1682,2
337,1791,2
194,1742,2
194,1753,2
177,783,2
71,1849,2
118,1569,2
124,1571,2
338,1756,2
176,1481,2
118,1537,2
338,1803,2
195,678,2
176,1769,2
176,1624,2
176,1611,2
176,1552,2
176,1509,2
56,774,2
72,526,2
56,443,2
176,1474,2
339,696,2
195,1077,2
124,1678,2
339,1647,2
56,356,2
176,1470,2
338,1802,2
72,524,2
338,1757,2
72,508,2
338,1758,2
118,1568,2
338,1760,2
118,1567,2
118,1564,2
118,1557,2
72,472,2
118,1553,2
118,1551,2
195,468,2
124,1597,2
118,1545,2
195,72,2
72,512,2
56,1085,2
176,1837,2
72,516,2
72,519,2
196,505,2
308,235,2
345,1045,2
117,1903,2
175,839,2
344,556,2
53,1744,2
53,1630,2
175,595,2
125,1750,2
344,1173,2
344,1329,2
305,1768,2
53,1494,2
344,1629,2
197,1463,2
197,1482,2
197,1730,2
175,79,2
125,1823,2
197,1742,2
344,1709,2
117,1930,2
305,1914,2
343,1942,2
343,1857,2
125,1724,2
343,1765,2
196,1775,2
125,1719,2
306,1014,2
73,1461,2
125,1723,2
54,526,2
54,524,2
343,1775,2
175,878,2
54,469,2
306,496,2
197,149,2
54,253,2
54,217,2
343,1789,2
306,235,2
118,767,2
174,1873,2
344,1748,2
55,307,2
344,1750,2
174,1625,2
74,474,2
74,485,2
174,1475,2
74,492,2
53,1069,2
174,1472,2
74,494,2
174,1471,2
344,1889,2
344,1987,2
74,499,2
117,1784,2
174,1470,2
174,1467,2
345,95,2
345,115,2
74,522,2
174,1465,2
117,1797,2
117,1798,2
198,552,2
198,389,2
73,1982,2
344,1752,2
73,1983,2
344,1757,2
344,1759,2
198,375,2
344,1768,2
344,1770,2
305,1013,2
126,1048,2
198,505,2
198,508,2
174,1775,2
125,1915,2
174,1753,2
117,1811,2
174,1709,2
198,514,2
196,1706,2
125,1716,2
343,1759,2
73,1084,2
118,1379,2
54,1759,2
54,1721,2
54,1713,2
54,1701,2
72,1980,2
72,1982,2
342,1744,2
307,1580,2
342,1747,2
342,1749,2
175,1623,2
175,1591,2
54,1560,2
54,1559,2
175,1562,2
175,1507,2
342,1756,2
175,1492,2
342,453,2
175,1781,2
342,404,2
196,563,2
175,1989,2
125,1275,2
125,1407,2
175,1985,2
196,509,2
54,1993,2
196,510,2
341,1777,2
196,1065,2
118,1389,2
175,1982,2
175,1877,2
118,1424,2
175,1785,2
118,1411,2
54,1772,2
118,1406,2
341,1849,2
175,1490,2
54,1478,2
175,1470,2
73,919,2
342,1911,2
343,393,2
73,522,2
54,639,2
73,526,2
118,1082,2
343,1626,2
306,1648,2
73,947,2
73,516,2
73,1069,2
118,1073,2
306,1305,2
306,1258,2
54,527,2
343,1751,2
343,1752,2
73,1080,2
342,1848,2
196,1570,2
175,1463,2
196,1467,2
54,1469,2
196,1463,2
307,622,2
54,1464,2
54,1090,2
196,1464,2
307,95,2
118,1364,2
342,1775,2
125,1653,2
196,1478,2
196,1487,2
196,1531,2
73,400,2
73,488,2
73,493,2
73,494,2
175,1263,2
24,1547,2
120,1620,2
220,113,2
392,1478,2
405,322,2
405,358,2
229,491,2
159,84,2
392,1752,2
150,1613,2
392,1775,2
155,1556,2
5,1464,2
110,1907,2
383,1832,2
155,1550,2
159,306,2
104,1200,2
252,976,2
218,1681,2
143,1467,2
143,1468,2
218,1638,2
252,1227,2
218,1605,2
252,1447,2
150,1591,2
405,263,2
145,1734,2
109,1407,2
150,1656,2
155,1654,2
99,590,2
5,1276,2
104,902,2
18,1342,2
158,1812,2
392,1503,2
18,1464,2
225,747,2
155,1610,2
155,1561,2
95,1846,2
404,1723,2
99,906,2
18,1837,2
150,1634,2
18,1902,2
143,1413,2
247,1443,2
11,1468,2
95,1854,2
104,963,2
150,1584,2
110,1908,2
252,1479,2
159,1059,2
111,387,2
19,399,2
252,1850,2
19,400,2
19,696,2
111,441,2
141,1730,2
221,1707,2
11,861,2
19,907,2
111,463,2
405,1137,2
111,524,2
1,1259,2
95,1670,2
150,1483,2
1,1258,2
1,1257,2
6,7,2
159,1065,2
252,1923,2
383,373,2
1,1288,2
247,1267,2
218,1558,2
159,946,2
19,128,2
240,1616,2
5,1867,2
229,1060,2
155,1533,2
252,1678,2
218,1469,2
159,327,2
155,1491,2
111,151,2
95,1712,2
252,1679,2
150,1579,2
235,1727,2
235,1715,2
155,1487,2
150,1552,2
221,1633,2
405,1122,2
141,1756,2
383,1493,2
19,397,2
106,1675,2
384,453,2
221,1493,2
106,1688,2
219,26,2
228,1474,2
158,1512,2
110,1794,2
110,1800,2
146,104,2
104,264,2
228,1529,2
152,1635,2
152,1675,2
158,1583,2
104,304,2
158,1615,2
158,1622,2
102,913,2
247,1715,2
404,271,2
384,1649,2
218,1991,2
106,1703,2
18,127,2
247,1473,2
404,397,2
104,112,2
147,1604,2
251,1859,2
400,824,2
5,908,2
403,1761,2
98,1887,2
143,319,2
251,1850,2
248,129,2
392,342,2
158,1472,2
146,111,2
143,624,2
17,1720,2
403,1980,2
17,1742,2
17,1774,2
147,1566,2
5,1027,2
1,1997,2
110,1786,2
12,18,2
17,1830,2
158,1501,2
403,1978,2
18,130,2
141,1913,2
11,1999,2
11,1484,2
228,1834,2
1,1467,2
251,1968,2
155,1699,2
1,1464,2
392,1285,2
11,1533,2
158,1665,2
102,42,2
141,1831,2
240,729,2
1,1468,2
18,438,2
18,643,2
143,840,2
158,1712,2
404,997,2
104,774,2
11,1475,2
384,963,2
155,1659,2
392,1445,2
384,1196,2
95,1908,2
102,563,2
240,523,2
158,1633,2
1,1883,2
147,1653,2
96,499,2
404,647,2
102,561,2
147,1661,2
96,105,2
102,560,2
98,1951,2
399,1982,2
141,1838,2
11,1895,2
228,1587,2
18,265,2
96,83,2
106,1702,2
228,1655,2
1,1511,2
228,1746,2
1,1500,2
102,100,2
150,1477,2
252,1989,2
141,1632,2
1,1255,2
148,246,2
230,1407,2
20,1511,2
155,348,2
6,1327,2
393,1759,2
106,275,2
104,1713,2
105,1951,2
246,1161,2
222,548,2
143,1766,2
148,278,2
104,1717,2
141,1072,2
108,1916,2
141,1065,2
246,771,2
141,1020,2
6,1329,2
406,1529,2
6,1463,2
406,1567,2
6,1277,2
6,1274,2
99,1716,2
101,1710,2
399,1292,2
218,516,2
254,1850,2
99,1696,2
254,1933,2
10,1794,2
94,1796,2
101,1716,2
104,1699,2
99,1712,2
225,206,2
106,406,2
141,1077,2
222,503,2
20,1464,2
20,1477,2
235,158,2
1,873,2
382,1556,2
235,157,2
145,1336,2
235,156,2
111,1679,2
150,1068,2
246,495,2
234,1666,2
111,1709,2
94,1500,2
230,1629,2
255,1040,2
234,1981,2
222,607,2
255,1521,2
94,1470,2
105,1905,2
218,457,2
150,427,2
160,23,2
111,1716,2
111,1720,2
234,1464,2
94,1313,2
7,259,2
399,267,2
143,1876,2
141,129,2
222,608,2
150,377,2
255,1006,2
393,1810,2
255,139,2
235,131,2
155,325,2
6,1466,2
141,988,2
241,980,2
246,451,2
20,1811,2
225,182,2
241,1115,2
230,1544,2
111,1706,2
94,1547,2
218,474,2
399,983,2
111,1708,2
399,450,2
105,1906,2
218,488,2
1,97,2
406,1845,2
20,1984,2
255,940,2
399,269,2
155,1045,2
406,1247,2
241,771,2
109,299,2
141,1577,2
153,10,2
153,83,2
101,1742,2
393,257,2
11,737,2
99,1502,2
19,1330,2
230,1,2
221,1777,2
19,1468,2
241,300,2
221,1828,2
141,1533,2
141,1516,2
141,1479,2
141,1474,2
19,1656,2
143,1531,2
19,1789,2
221,1849,2
393,625,2
253,1234,2
383,10,2
111,1531,2
107,1724,2
107,1711,2
150,1466,2
6,170,2
159,1169,2
107,1713,2
253,915,2
147,1947,2
101,1815,2
101,1773,2
6,260,2
6,261,2
145,1540,2
247,1227,2
383,124,2
6,528,2
406,269,2
406,282,2
229,1465,2
229,1663,2
145,1552,2
393,256,2
221,1715,2
153,240,2
11,671,2
406,1242,2
153,353,2
159,1653,2
159,1673,2
145,1470,2
153,333,2
406,1222,2
399,1307,2
218,687,2
399,1305,2
11,0,2
145,1463,2
399,1302,2
218,999,2
153,354,2
108,1950,2
406,1227,2
6,1111,2
153,355,2
159,1677,2
406,1240,2
20,1133,2
218,542,2
241,524,2
406,1123,2
11,216,2
153,241,2
399,1309,2
393,847,2
230,2,2
20,127,2
143,1596,2
20,170,2
147,1983,2
222,21,2
95,93,2
399,1310,2
155,1057,2
11,379,2
145,1478,2
143,1623,2
143,1629,2
153,311,2
382,1782,2
159,1476,2
159,1505,2
159,1565,2
147,1984,2
159,1619,2
145,1481,2
147,1523,2
221,1475,2
230,1767,2
157,1146,2
97,1645,2
13,1465,2
13,1464,2
389,1508,2
221,21,2
103,56,2
110,982,2
389,1548,2
226,1715,2
13,1463,2
151,1422,2
220,609,2
237,323,2
97,1526,2
248,1964,2
226,1770,2
249,1949,2
402,355,2
151,1336,2
237,307,2
13,1267,2
102,1923,2
109,1710,2
238,1800,2
156,1553,2
109,1713,2
103,275,2
220,1862,2
142,1535,2
98,726,2
226,1662,2
402,257,2
389,1371,2
146,1683,2
103,1689,2
13,1504,2
389,1402,2
142,1524,2
401,373,2
402,281,2
109,1718,2
147,486,2
248,1967,2
402,293,2
103,76,2
401,404,2
142,1492,2
220,815,2
401,401,2
110,1442,2
237,208,2
98,970,2
13,584,2
102,1799,2
248,1893,2
239,144,2
102,1766,2
103,1715,2
157,1578,2
248,1745,2
157,1593,2
248,1744,2
389,1835,2
106,1758,2
387,432,2
248,1715,2
236,1868,2
15,1693,2
157,1597,2
248,1466,2
2,1997,2
236,1777,2
239,149,2
220,514,2
15,1854,2
221,317,2
400,1986,2
102,1906,2
157,1562,2
146,1631,2
103,1704,2
401,277,2
147,487,2
15,1469,2
157,1484,2
401,216,2
249,1956,2
157,1552,2
15,1470,2
226,1794,2
387,449,2
387,1491,2
15,1654,2
249,1966,2
387,802,2
387,777,2
249,1967,2
250,131,2
151,1310,2
109,1706,2
147,488,2
157,1223,2
15,690,2
240,130,2
142,1552,2
3,1974,2
249,989,2
238,308,2
109,1755,2
249,1760,2
220,1583,2
152,353,2
388,948,2
249,1799,2
14,1267,2
4,383,2
157,314,2
107,13,2
142,1647,2
401,1771,2
142,1644,2
109,1723,2
388,611,2
3,1886,2
3,1856,2
14,1464,2
3,1822,2
401,1362,2
401,1396,2
249,1757,2
401,1691,2
14,797,2
109,1747,2
238,129,2
249,1463,2
151,1956,2
401,1454,2
249,1465,2
249,1488,2
220,1656,2
249,1663,2
401,1505,2
3,1999,2
109,1733,2
220,1637,2
103,1135,2
97,1771,2
388,1491,2
157,36,2
401,1423,2
220,1603,2
249,1736,2
249,1745,2
388,1508,2
106,1841,2
14,1669,2
98,160,2
156,1665,2
156,1685,2
152,1062,2
97,1710,2
13,1987,2
15,282,2
237,1313,2
147,53,2
156,1679,2
15,318,2
13,1571,2
151,1528,2
151,1646,2
152,1074,2
238,571,2
401,1969,2
151,1509,2
151,1497,2
156,1658,2
237,1310,2
157,1054,2
238,618,2
156,1642,2
151,1590,2
152,1061,2
152,604,2
401,1873,2
152,605,2
152,771,2
3,1723,2
220,1407,2
3,1465,2
237,1873,2
220,1715,2
14,1793,2
237,1871,2
220,1752,2
249,1928,2
107,244,2
3,1276,2
98,563,2
249,1929,2
156,1689,2
151,1651,2
142,1617,2
107,27,2
157,922,2
226,1543,2
142,1615,2
106,1753,2
4,1276,2
142,1311,2
400,1914,2
17,1111,2
12,1268,2
96,1642,2
156,325,2
248,942,2
152,1514,2
228,389,2
2,1116,2
151,278,2
403,997,2
236,1309,2
158,761,2
158,820,2
391,84,2
152,1558,2
391,272,2
151,276,2
403,1310,2
219,607,2
109,1604,2
2,781,2
147,1414,2
156,119,2
12,1282,2
156,496,2
151,412,2
250,1967,2
12,1649,2
12,1642,2
17,442,2
403,457,2
110,1737,2
12,1496,2
96,1715,2
12,1485,2
96,1707,2
385,1810,2
109,1639,2
102,1569,2
2,1272,2
142,1033,2
142,1022,2
12,1302,2
2,1258,2
239,1843,2
239,1987,2
240,13,2
2,1257,2
110,1738,2
150,1914,2
96,1593,2
5,81,2
5,653,2
251,952,2
251,953,2
2,0,2
251,1106,2
98,1832,2
384,1982,2
219,534,2
156,33,2
248,771,2
96,1314,2
219,504,2
251,930,2
152,1603,2
12,397,2
219,488,2
17,1464,2
17,1501,2
5,821,2
251,1675,2
146,317,2
248,622,2
17,1531,2
152,1595,2
147,1474,2
2,774,2
142,604,2
400,1506,2
391,1003,2
400,1478,2
103,1920,2
158,946,2
98,1806,2
96,1532,2
12,730,2
5,266,2
391,1286,2
391,1292,2
400,1401,2
156,115,2
156,114,2
2,35,2
17,1463,2
152,1594,2
109,1575,2
2,4,2
98,1816,2
391,1517,2
5,331,2
152,1510,2
226,18,2
17,259,2
16,1739,2
146,1516,2
221,509,2
390,575,2
151,1063,2
390,802,2
110,1673,2
250,682,2
16,1466,2
386,1491,2
2,1310,2
110,1693,2
103,1742,2
151,1043,2
13,294,2
110,1695,2
151,1042,2
221,510,2
250,895,2
236,1468,2
13,22,2
386,1288,2
110,1700,2
16,1331,2
16,1317,2
250,913,2
236,1481,2
15,1987,2
15,1990,2
157,1605,2
221,437,2
387,126,2
147,1032,2
386,1963,2
4,1291,2
16,128,2
221,471,2
146,1552,2
227,1080,2
156,1059,2
220,456,2
2,1550,2
16,762,2
157,1703,2
96,1945,2
151,1067,2
2,1465,2
152,1484,2
2,1374,2
16,1774,2
390,1497,2
109,1659,2
250,1768,2
17,11,2
96,1761,2
390,1722,2
227,1711,2
248,1262,2
156,1035,2
250,1679,2
4,1466,2
2,1273,2
250,1746,2
110,1716,2
250,1584,2
4,1632,2
142,1069,2
110,1722,2
110,1724,2
219,1466,2
142,1065,2
158,308,2
110,1726,2
250,1859,2
158,322,2
152,1502,2
250,1465,2
390,1503,2
239,1497,2
227,1492,2
142,1078,2
16,1858,2
4,1463,2
147,1289,2
142,1077,2
386,1243,2
236,1467,2
142,1073,2
400,1757,2
390,1507,2
219,1689,2
250,939,2
400,1734,2
239,1715,2
156,1048,2
390,1516,2
16,1960,2
146,1407,2
219,1748,2
109,1675,2
152,1498,2
382,1288,2
97,1947,2
409,1930,2
154,1581,2
100,1768,2
149,434,2
232,1966,2
161,1331,2
396,820,2
224,1136,2
153,1495,2
216,1478,2
154,1510,2
21,1818,2
396,1287,2
140,1527,2
216,1477,2
395,255,2
216,1465,2
153,1497,2
140,1589,2
108,1771,2
224,1205,2
9,418,2
397,1064,2
256,1428,2
139,1749,2
21,1763,2
154,924,2
408,282,2
242,297,2
10,58,2
112,1597,2
231,1656,2
92,1506,2
160,1552,2
0,1663,2
0,1579,2
243,1488,2
149,246,2
145,203,2
9,683,2
100,1853,2
242,728,2
153,1515,2
242,585,2
23,1968,2
244,1547,2
161,1175,2
9,611,2
258,941,2
112,347,2
0,1581,2
234,403,2
105,1713,2
395,387,2
216,1492,2
395,261,2
161,1078,2
9,1476,2
92,1577,2
105,1715,2
242,1867,2
24,8,2
149,239,2
92,1571,2
160,1575,2
231,1712,2
234,690,2
107,1908,2
161,1468,2
100,1742,2
22,1466,2
161,1049,2
242,1989,2
160,1477,2
243,1985,2
160,1467,2
21,1715,2
23,1135,2
22,1561,2
23,1134,2
380,1960,2
92,1774,2
381,1780,2
243,1986,2
21,1682,2
144,779,2
108,1732,2
9,157,2
112,1407,2
231,1563,2
409,1985,2
21,1648,2
161,945,2
7,1213,2
21,1562,2
148,1846,2
99,1835,2
104,1783,2
21,1501,2
93,1796,2
224,204,2
408,192,2
232,1821,2
154,353,2
408,270,2
140,1597,2
92,1470,2
21,1732,2
140,1634,2
161,1057,2
10,216,2
223,802,2
92,1416,2
160,1548,2
108,1711,2
111,1821,2
160,1530,2
107,1841,2
140,1746,2
24,595,2
104,1915,2
381,1726,2
154,1648,2
232,1761,2
161,1379,2
398,1448,2
154,876,2
160,1508,2
92,1327,2
24,478,2
216,1984,2
144,815,2
100,1597,2
408,207,2
23,1962,2
153,1556,2
0,1573,2
222,1992,2
22,275,2
257,573,2
217,516,2
148,1543,2
9,1176,2
112,1545,2
100,105,2
216,1497,2
257,421,2
92,1726,2
7,1776,2
92,1714,2
154,315,2
223,1541,2
381,1286,2
93,1714,2
380,1287,2
100,17,2
148,1522,2
140,1489,2
217,736,2
234,130,2
93,1715,2
93,1407,2
381,1291,2
242,1782,2
100,1825,2
234,155,2
22,98,2
8,938,2
381,1040,2
22,630,2
21,1836,2
22,984,2
149,278,2
93,1597,2
140,281,2
154,1039,2
161,1182,2
232,75,2
243,927,2
8,23,2
245,466,2
0,1467,2
93,1668,2
101,889,2
100,1849,2
149,1683,2
105,1750,2
234,145,2
112,74,2
245,515,2
22,655,2
112,107,2
398,321,2
381,1230,2
409,1626,2
231,718,2
111,1980,2
381,1053,2
0,1493,2
223,1593,2
258,1937,2
408,921,2
0,1466,2
144,1923,2
92,1712,2
112,112,2
144,1594,2
105,1693,2
257,941,2
217,458,2
398,1267,2
161,57,2
148,1483,2
397,1287,2
223,1691,2
144,1304,2
101,1014,2
145,26,2
381,1396,2
144,1608,2
259,915,2
0,1171,2
93,1135,2
381,1405,2
23,1787,2
223,1037,2
259,928,2
92,1625,2
398,1286,2
160,1685,2
0,1538,2
257,943,2
160,1683,2
153,1601,2
0,930,2
153,1574,2
217,487,2
108,1721,2
395,847,2
395,913,2
154,1407,2
0,1465,2
144,1467,2
233,384,2
161,1187,2
92,1690,2
223,819,2
222,1898,2
140,102,2
396,450,2
8,141,2
381,611,2
111,1919,2
22,97,2
381,322,2
256,1861,2
380,1062,2
161,1188,2
108,1713,2
223,1493,2
222,1715,2
0,1463,2
105,1702,2
161,24,2
7,1467,2
223,1464,2
0,1201,2
9,1631,2
397,1292,2
144,1796,2
112,1592,2
148,1922,2
244,492,2
217,1649,2
108,1798,2
395,1794,2
154,1714,2
234,1118,2
111,1748,2
144,1746,2
161,1649,2
92,321,2
244,1775,2
379,623,2
223,362,2
160,1023,2
140,1065,2
256,4,2
244,1992,2
232,1491,2
160,919,2
260,484,2
160,821,2
0,1936,2
161,1652,2
150,81,2
223,607,2
243,1988,2
0,311,2
154,1068,2
21,1224,2
409,436,2
223,1957,2
223,1829,2
380,1636,2
230,1981,2
100,1407,2
21,679,2
257,1297,2
8,1329,2
10,681,2
244,685,2
0,251,2
107,1798,2
243,494,2
140,1073,2
94,47,2
10,682,2
144,1679,2
111,1724,2
21,261,2
105,605,2
409,267,2
100,1740,2
409,269,2
8,1700,2
143,1984,2
10,766,2
160,819,2
244,205,2
8,1717,2
160,590,2
8,685,2
100,1733,2
233,1506,2
232,1484,2
260,428,2
378,1842,2
0,429,2
160,817,2
153,1063,2
397,1914,2
395,1819,2
379,330,2
24,1365,2
101,1560,2
8,1862,2
94,965,2
154,70,2
223,1898,2
140,1029,2
223,609,2
379,116,2
398,1982,2
217,1767,2
10,1336,2
407,531,2
150,278,2
395,1799,2
245,1844,2
224,1696,2
258,1062,2
379,529,2
407,464,2
8,1465,2
8,364,2
23,107,2
379,420,2
245,1715,2
230,1848,2
150,276,2
217,1663,2
92,73,2
256,322,2
93,111,2
217,1807,2
108,1831,2
111,1744,2
105,1719,2
94,901,2
160,327,2
217,1664,2
243,451,2
101,1666,2
379,342,2
148,1046,2
154,1830,2
93,1909,2
148,1584,2
112,1065,2
92,1124,2
100,1716,2
112,1619,2
245,1347,2
394,1508,2
23,958,2
104,1947,2
397,388,2
10,1337,2
148,1649,2
232,1407,2
100,756,2
397,368,2
93,1800,2
410,918,2
24,1466,2
8,783,2
105,1841,2
244,1673,2
161,1621,2
108,1743,2
7,773,2
160,1185,2
244,174,2
105,1727,2
0,1346,2
243,694,2
245,1346,2
7,776,2
408,1774,2
161,920,2
104,1750,2
0,1787,2
10,258,2
161,1486,2
161,328,2
93,1797,2
112,1609,2
379,1334,2
161,1552,2
111,1802,2
22,1736,2
22,1799,2
379,1287,2
410,216,2
223,548,2
161,1571,2
144,1626,2
258,673,2
0,1824,2
10,260,2
243,1987,2
9,138,2
223,506,2
0,1835,2
144,718,2
233,1715,2
24,1465,2
9,0,2
160,1181,2
222,1137,2
258,672,2
222,621,2
24,1463,2
161,322,2
217,1469,2
231,131,2
243,223,2
154,1688,2
154,241,2
241,1893,2
149,33,2
10,273,2
398,262,2
223,610,2
382,129,2
231,1327,2
259,1939,2
397,216,2
160,1179,2
140,1019,2
398,256,2
233,1339,2
144,1621,2
0,1893,2
410,298,2
21,98,2
0,1889,2
410,820,2
8,1271,2
150,14,2
257,1945,2
149,132,2
105,55,2
92,930,2
160,1184,2
21,97,2
105,964,2
107,1803,2
216,1792,2
105,749,2
243,159,2
148,1552,2
93,1837,2
1464,1501,1
1563,352,1
118,1518,1
1571,32,1
118,1550,1
1454,1243,1
118,1519,1
118,1548,1
1454,1178,1
1463,1722,1
1454,1695,1
118,1544,1
118,1520,1
1463,1723,1
118,1521,1
1563,73,1
1464,1503,1
1454,1232,1
1454,1642,1
1464,1500,1
118,1546,1
1562,1970,1
1571,1584,1
1562,1377,1
117,1719,1
1454,1569,1
107,1407,1
1454,1564,1
1464,618,1
1562,1271,1
1454,1568,1
1571,837,1
1464,917,1
1571,871,1
1562,1270,1
1454,1501,1
1464,565,1
108,1589,1
1562,1488,1
1454,1592,1
108,1567,1
1454,1560,1
1562,1273,1
1454,1502,1
1454,1505,1
1464,620,1
1454,1548,1
1571,637,1
1454,1522,1
1464,625,1
1464,1507,1
1464,915,1
1454,1521,1
1454,1519,1
1454,1509,1
117,1721,1
1454,1515,1
1464,513,1
118,1536,1
1454,1287,1
1571,1386,1
1464,1219,1
1571,1380,1
1454,1613,1
1571,509,1
1454,1631,1
1454,1635,1
1454,1298,1
1464,965,1
1571,309,1
1571,1536,1
118,1522,1
108,1565,1
107,1198,1
1463,1748,1
107,1443,1
1464,1170,1
1464,263,1
107,1420,1
118,1543,1
1571,1379,1
1454,1605,1
1454,1516,1
1464,270,1
1571,1287,1
1464,1049,1
118,1540,1
1571,1260,1
118,1530,1
1571,1258,1
1571,941,1
1571,872,1
1460,143,1
107,901,1
1454,121,1
1561,564,1
1452,1566,1
1452,1541,1
1452,1531,1
1572,1585,1
1452,1518,1
1452,1517,1
118,1599,1
1452,1508,1
1465,1069,1
1561,1046,1
1452,1503,1
1452,1502,1
1465,1158,1
1452,1584,1
117,1707,1
1452,1386,1
1452,1375,1
1452,1185,1
1452,1183,1
1452,1180,1
1465,1239,1
1465,1253,1
1465,1258,1
1452,1178,1
118,1600,1
1465,1348,1
1452,1571,1
1452,1585,1
118,1602,1
118,1588,1
1572,1371,1
118,1584,1
1452,1716,1
1465,652,1
1452,1715,1
1452,1714,1
1465,747,1
1465,893,1
1465,917,1
1452,1695,1
1572,1377,1
1452,1687,1
1572,1379,1
1452,1598,1
118,1590,1
1465,937,1
1561,1252,1
118,1591,1
1561,1201,1
1465,987,1
118,1592,1
1465,1067,1
118,1595,1
1452,1623,1
118,1596,1
117,1708,1
1452,934,1
1465,1503,1
1465,648,1
1573,414,1
1465,1578,1
118,1613,1
106,1917,1
1465,1596,1
1465,1600,1
1465,1602,1
1451,1634,1
1451,1629,1
106,1896,1
1465,1604,1
1573,346,1
118,1614,1
1451,1608,1
1573,146,1
1451,1605,1
1573,422,1
1465,1611,1
1451,1598,1
1451,1582,1
1465,1612,1
1451,1581,1
1561,71,1
1573,425,1
1573,507,1
1465,1717,1
1451,1577,1
1451,1696,1
1451,1746,1
118,1605,1
1561,223,1
118,1606,1
1465,1518,1
107,21,1
1465,1532,1
1465,1542,1
1572,1657,1
118,1607,1
1452,338,1
1465,1548,1
1452,337,1
1452,0,1
1561,307,1
1465,1549,1
1561,77,1
118,1608,1
1451,1979,1
1451,1978,1
1572,1799,1
117,1706,1
1561,82,1
1573,106,1
106,1957,1
1451,1977,1
1451,1816,1
118,1610,1
118,1611,1
1572,1361,1
1465,620,1
1562,1045,1
1562,72,1
1464,1580,1
1562,245,1
1453,1607,1
1453,1601,1
1571,1776,1
1453,1592,1
108,1645,1
1453,1588,1
1562,73,1
1453,1581,1
1453,1577,1
1453,1570,1
1453,1569,1
1562,429,1
1562,66,1
1464,1583,1
1464,1588,1
1571,1813,1
1464,1591,1
1571,1999,1
118,1570,1
107,902,1
1453,1548,1
1453,1545,1
1453,1543,1
1453,1534,1
1571,1606,1
1464,1579,1
1572,495,1
1464,1538,1
1453,1973,1
1571,1585,1
108,1613,1
1453,1914,1
1464,1512,1
1453,1815,1
1464,1520,1
1453,1718,1
1562,1019,1
1453,1706,1
1571,1590,1
118,1555,1
1453,1655,1
1464,1567,1
118,1556,1
1571,1593,1
1571,1594,1
118,1560,1
1464,1543,1
1453,1642,1
1453,1639,1
1464,1546,1
107,1179,1
107,964,1
1562,688,1
107,963,1
1464,1593,1
1562,40,1
1465,619,1
1464,1717,1
1453,739,1
1561,1406,1
1561,1276,1
1464,1672,1
118,1578,1
1453,442,1
118,1579,1
1464,1706,1
107,349,1
1453,375,1
1453,129,1
1464,1707,1
1453,5,1
1572,939,1
1464,1723,1
1464,1750,1
1452,1914,1
118,1582,1
1465,2,1
1452,1730,1
1572,1050,1
1572,1159,1
1572,1264,1
1465,335,1
1452,1718,1
1465,616,1
1464,1669,1
1464,1654,1
1562,39,1
1561,1509,1
1453,1525,1
108,1653,1
1561,1808,1
1464,1598,1
1453,1519,1
1561,1636,1
1453,1514,1
1453,1513,1
1561,1596,1
1453,1502,1
107,568,1
1464,1603,1
1464,1609,1
1453,1142,1
1572,637,1
1561,1493,1
1453,1498,1
1453,1483,1
118,1576,1
1464,1613,1
1453,1298,1
1572,937,1
118,1577,1
1572,938,1
1453,1187,1
1453,1185,1
1570,1776,1
1570,309,1
107,1455,1
1565,1278,1
1458,1159,1
107,1733,1
1565,1315,1
1458,1157,1
118,1368,1
1461,1212,1
1458,393,1
1458,339,1
1567,1584,1
1451,1574,1
117,1855,1
1565,1283,1
1567,1588,1
117,1854,1
1565,1275,1
1567,1554,1
107,1732,1
107,1729,1
117,1833,1
1565,1272,1
117,1822,1
117,1812,1
1567,1604,1
107,1728,1
1458,338,1
1565,1264,1
107,1726,1
1567,1614,1
1461,1506,1
107,1804,1
1458,1181,1
117,1869,1
1565,1231,1
1461,739,1
1565,1532,1
1458,1599,1
1458,1596,1
1458,1594,1
1461,379,1
1458,1588,1
1458,1582,1
1565,1399,1
1458,1579,1
1458,1577,1
117,1895,1
1458,1573,1
1458,1571,1
1458,1565,1
1458,1533,1
1567,1402,1
118,1353,1
1458,1525,1
1461,896,1
1458,1522,1
1461,920,1
1461,1181,1
1458,1520,1
1458,1518,1
1458,1502,1
1458,1396,1
1458,1239,1
1567,1401,1
1565,1398,1
1458,1238,1
1461,1514,1
118,1376,1
1458,1601,1
1457,1536,1
1461,1851,1
1457,1583,1
1565,310,1
1457,1563,1
1457,1551,1
1457,1548,1
1461,1852,1
107,1708,1
1457,1546,1
1457,1538,1
107,1934,1
1565,76,1
117,1792,1
1565,75,1
1457,1524,1
1461,1718,1
117,1785,1
1457,1505,1
1457,1500,1
1457,1385,1
1457,1243,1
1461,1995,1
1461,1997,1
1462,13,1
1462,47,1
1568,1586,1
1457,1241,1
1457,1190,1
1457,1178,1
1457,1176,1
1457,1593,1
1457,1594,1
1458,167,1
107,1721,1
1461,1527,1
1458,97,1
1567,1646,1
1461,1542,1
1461,1548,1
1567,1795,1
1458,96,1
107,1725,1
1458,15,1
117,1802,1
1457,1997,1
1461,1590,1
1568,584,1
1457,1979,1
107,1717,1
1461,1717,1
1568,1169,1
107,1716,1
1457,1718,1
1457,1717,1
107,1852,1
107,1880,1
1568,1277,1
118,1417,1
1457,1630,1
107,1709,1
1457,1611,1
117,1796,1
1457,1607,1
1457,1595,1
1565,1588,1
1565,1592,1
1563,384,1
1460,1552,1
1459,1587,1
1459,1584,1
1459,1575,1
1460,1498,1
1566,1372,1
107,1746,1
107,1743,1
1460,1509,1
1566,1258,1
107,1741,1
1460,1519,1
1460,1532,1
1460,1548,1
1459,1569,1
1459,1562,1
1460,1462,1
1460,1555,1
1459,1559,1
1459,1548,1
1459,1541,1
1460,1568,1
1566,1232,1
118,1070,1
107,1749,1
1459,1529,1
1459,1525,1
1459,1516,1
1459,1514,1
107,1735,1
1460,1570,1
1459,1593,1
1459,1599,1
1460,1584,1
1459,1660,1
1459,1790,1
1566,1793,1
1459,1752,1
1459,1749,1
1566,1738,1
1460,325,1
1566,1794,1
1566,1532,1
1566,1494,1
1459,1732,1
1459,1718,1
1460,342,1
1459,1717,1
1460,534,1
118,773,1
1459,1604,1
118,834,1
1566,1996,1
1567,68,1
118,441,1
107,1745,1
118,865,1
118,963,1
1460,1191,1
118,439,1
1567,587,1
1566,1488,1
118,972,1
118,1069,1
117,1960,1
1460,1581,1
1460,1589,1
118,1342,1
1567,1378,1
1459,117,1
1460,1659,1
1458,1996,1
1460,1660,1
1460,1704,1
1460,1717,1
118,1074,1
118,1076,1
1460,1718,1
1458,1971,1
1567,1295,1
107,1802,1
1567,1296,1
1458,1730,1
1460,1747,1
1459,352,1
1567,1379,1
1458,1718,1
1567,1393,1
1567,1399,1
118,1150,1
1460,1780,1
118,1194,1
1567,1400,1
1461,269,1
1458,1674,1
118,1235,1
1461,339,1
118,1340,1
1458,1609,1
117,1904,1
117,1928,1
1566,951,1
1459,1181,1
1459,1512,1
1459,1508,1
1459,1503,1
118,1071,1
1460,1590,1
1460,1596,1
107,1754,1
1566,379,1
1460,1599,1
1566,230,1
1567,1270,1
1460,1602,1
1459,1397,1
1459,1238,1
1459,1180,1
117,1929,1
117,1953,1
1567,1274,1
1566,108,1
1566,77,1
1567,1281,1
1459,1178,1
1460,1611,1
107,1761,1
1460,1622,1
1459,1177,1
1565,1660,1
1567,1284,1
1459,456,1
1459,418,1
107,1705,1
1462,618,1
107,1703,1
1455,1597,1
1455,1785,1
1455,1783,1
1463,1518,1
1455,1753,1
1459,1999,1
1570,425,1
1463,1524,1
118,1473,1
1563,1466,1
118,1478,1
118,1479,1
1455,1609,1
1463,1530,1
1463,1548,1
1455,1586,1
1563,1682,1
107,1469,1
118,1480,1
1455,1582,1
1570,637,1
1455,1581,1
1563,1379,1
1570,645,1
107,1466,1
1570,1053,1
1563,1319,1
1455,1574,1
1463,1554,1
1463,1572,1
1563,1273,1
1463,1516,1
1455,1949,1
1455,1569,1
1463,1258,1
118,1459,1
1463,616,1
1463,618,1
1456,1246,1
1463,621,1
1569,1987,1
1463,893,1
1463,911,1
1463,918,1
1456,1184,1
1463,988,1
1456,1178,1
1463,1184,1
1463,1251,1
1463,1439,1
1570,108,1
117,1733,1
1570,28,1
1456,429,1
117,1731,1
118,1471,1
1456,405,1
117,1730,1
1456,390,1
1456,363,1
1456,341,1
1463,1515,1
1455,1990,1
1455,1978,1
1570,33,1
1570,1162,1
1463,1577,1
1462,621,1
1455,369,1
1455,1178,1
1455,1177,1
118,1499,1
1455,1073,1
1463,1637,1
1570,1375,1
1455,868,1
1455,519,1
1463,1704,1
1570,1379,1
118,1504,1
1570,1585,1
1455,373,1
1463,1717,1
1455,327,1
117,1726,1
1455,320,1
1563,787,1
1455,315,1
1455,30,1
1454,1994,1
1463,1718,1
1463,1719,1
1454,1975,1
118,1513,1
1570,1593,1
1454,1949,1
118,1515,1
1454,1718,1
1454,1713,1
1455,1179,1
118,1494,1
118,1482,1
1463,1600,1
1455,1548,1
1463,1580,1
107,1464,1
1563,1270,1
1455,1540,1
1455,1535,1
1563,1266,1
1563,1263,1
1455,1534,1
1563,1075,1
1563,911,1
1463,1581,1
1463,1597,1
118,1485,1
1455,1530,1
108,1396,1
1570,1278,1
1463,1612,1
1570,1335,1
1455,1528,1
1455,1525,1
108,1069,1
1455,1514,1
1455,1508,1
1455,1499,1
118,1487,1
118,1490,1
118,1493,1
117,1727,1
1455,1300,1
1569,1986,1
107,1528,1
1456,1507,1
1569,540,1
1456,1979,1
1564,1283,1
1564,1229,1
1462,1504,1
1456,1972,1
1462,1516,1
1456,1718,1
117,1768,1
1456,1717,1
1569,94,1
1569,125,1
118,1437,1
1462,1526,1
1456,1654,1
107,1639,1
1456,1996,1
107,1638,1
1462,1533,1
1569,936,1
1564,1171,1
1462,1534,1
107,1635,1
1569,1271,1
1456,1631,1
1462,1536,1
1462,1540,1
1569,1335,1
107,1628,1
117,1757,1
1456,1604,1
1462,1500,1
1457,29,1
107,1556,1
1564,1374,1
1457,1146,1
1568,1589,1
1564,1996,1
107,1696,1
1457,963,1
1564,1496,1
1457,636,1
1568,1618,1
1568,1619,1
117,1782,1
118,1428,1
1457,428,1
118,1429,1
1568,1795,1
107,1677,1
1462,1498,1
1462,895,1
118,1430,1
1462,922,1
1462,923,1
1462,948,1
1457,190,1
1462,1181,1
1462,1182,1
117,1778,1
1457,97,1
1568,1852,1
1564,1285,1
117,1775,1
118,1431,1
1564,1027,1
108,250,1
1462,1547,1
1462,1971,1
117,1746,1
1456,1543,1
108,923,1
117,1745,1
1569,1678,1
1462,1655,1
108,959,1
1569,1733,1
1462,1678,1
1462,1717,1
1456,1531,1
1569,1735,1
1462,1851,1
108,981,1
1463,241,1
1462,1548,1
1564,310,1
1569,1776,1
1564,74,1
1456,1526,1
1463,254,1
1456,1524,1
1563,1998,1
1456,1518,1
117,1740,1
1456,1515,1
1563,1971,1
1569,1792,1
1456,1511,1
1456,1510,1
1456,1548,1
108,428,1
1462,1612,1
1462,1606,1
1569,1379,1
1569,1546,1
1456,1596,1
1462,1549,1
107,1621,1
1462,1561,1
107,1597,1
1456,1590,1
1462,1562,1
1462,1565,1
117,1749,1
1456,1588,1
1456,1579,1
1462,1572,1
1462,1577,1
1456,1569,1
1462,1585,1
1569,1584,1
107,1573,1
1569,1591,1
1462,1594,1
1569,1594,1
117,1748,1
1456,1561,1
1456,1558,1
1569,1610,1
1456,1551,1
1456,1549,1
1569,1672,1
1567,1586,1
1520,99,1
1451,1562,1
1436,1524,1
1436,1293,1
1436,1334,1
1436,1499,1
1436,1502,1
1436,1504,1
1436,1506,1
1436,1514,1
1436,1519,1
1436,1534,1
1436,1095,1
105,1798,1
1436,1537,1
105,1814,1
105,1818,1
1436,1554,1
1436,1559,1
1584,36,1
1436,1565,1
1436,1199,1
1584,523,1
119,1710,1
1435,1660,1
1584,1360,1
1435,1593,1
1435,1602,1
1435,1603,1
1435,1608,1
1435,1612,1
1584,1353,1
119,1723,1
1435,1667,1
105,1795,1
1435,1772,1
1584,1269,1
1435,1985,1
1584,1265,1
1436,8,1
1436,268,1
1436,365,1
1584,1162,1
1583,1964,1
1436,1573,1
1435,1577,1
1437,1235,1
1437,133,1
119,1699,1
1583,1601,1
1437,1077,1
105,1824,1
1583,1599,1
1437,1143,1
1437,1166,1
1437,1249,1
1437,9,1
1583,1598,1
1437,1402,1
1437,1419,1
1437,1499,1
1437,1502,1
1583,1597,1
1437,1508,1
1437,1511,1
1437,132,1
1436,1754,1
1436,1583,1
1583,1612,1
1436,1585,1
1436,1588,1
1583,1933,1
1436,1589,1
1436,1597,1
1436,1601,1
1436,1604,1
1583,1668,1
105,1822,1
1583,1602,1
119,1708,1
1436,1629,1
1583,1603,1
1436,1660,1
1436,1701,1
1436,1705,1
1436,1709,1
1436,1752,1
119,1737,1
1584,1568,1
106,1386,1
119,1775,1
1434,1548,1
1434,1551,1
1434,1556,1
119,1778,1
1434,1568,1
1584,1964,1
105,1759,1
1584,1933,1
1434,1585,1
1434,1542,1
119,1774,1
1434,1589,1
105,1761,1
1434,1595,1
105,1773,1
1434,1600,1
119,1770,1
1434,1625,1
1434,1547,1
1585,145,1
1434,1662,1
1434,1199,1
1585,606,1
1434,911,1
1585,575,1
1434,944,1
1434,1103,1
1434,1104,1
1434,1106,1
1434,1170,1
1434,1498,1
1585,199,1
105,1758,1
1434,1512,1
119,1787,1
1434,1519,1
119,1786,1
1434,1530,1
1434,1536,1
1434,1538,1
1434,1660,1
1434,1671,1
1435,1574,1
105,1776,1
1435,1512,1
1435,1513,1
1435,1514,1
1435,1516,1
1435,1517,1
1435,1524,1
1435,1526,1
1435,1541,1
1435,1549,1
1435,1510,1
119,1744,1
105,1780,1
1435,1561,1
1584,1597,1
1584,1596,1
1584,1595,1
1435,1571,1
105,1790,1
1435,1511,1
1435,1506,1
1434,1979,1
1435,644,1
119,1767,1
1584,1671,1
119,1762,1
119,1750,1
1584,1605,1
1584,1604,1
1435,338,1
119,1749,1
1435,1100,1
1435,1503,1
1435,1101,1
1584,1603,1
1435,1169,1
105,1774,1
1435,1293,1
1435,1362,1
1435,1385,1
1435,1502,1
105,1832,1
1437,1512,1
1437,1517,1
1439,1506,1
1582,1031,1
119,1592,1
1439,1377,1
119,1591,1
119,1589,1
1439,1382,1
119,1584,1
1439,1499,1
1582,965,1
1439,1358,1
1439,1507,1
1439,1512,1
1439,1520,1
1439,1523,1
1439,1528,1
1582,962,1
1582,826,1
1582,785,1
119,1594,1
1439,1254,1
1439,1540,1
1439,476,1
1439,119,1
1582,1279,1
119,1604,1
119,1603,1
1582,1278,1
1439,354,1
1439,356,1
1582,1277,1
119,1601,1
1439,1197,1
119,1600,1
1582,1274,1
1582,1164,1
119,1596,1
1439,946,1
1439,1024,1
1439,1100,1
1439,1195,1
1582,784,1
1439,1543,1
1583,1595,1
1440,275,1
1439,1721,1
1439,1782,1
1581,1652,1
1581,1607,1
1439,1993,1
1440,31,1
119,1523,1
119,1516,1
1581,1606,1
1581,1709,1
106,1075,1
1440,281,1
119,1512,1
119,1498,1
1581,1604,1
106,1213,1
1581,1593,1
106,1234,1
1439,1698,1
1439,1697,1
1439,1545,1
1439,1597,1
106,862,1
1439,1548,1
106,1073,1
1582,39,1
119,1563,1
119,1556,1
119,1549,1
119,1542,1
1439,1600,1
1439,1696,1
1439,1609,1
1439,1611,1
1439,1655,1
1581,1959,1
1439,1660,1
119,1531,1
106,1074,1
1581,1800,1
1438,1981,1
1582,1582,1
1438,1980,1
1438,948,1
1437,1660,1
119,1659,1
105,1884,1
1438,132,1
119,1657,1
1438,779,1
1438,930,1
1438,947,1
119,1656,1
1583,480,1
1438,1159,1
1438,1166,1
1582,1987,1
1438,1223,1
1438,1291,1
1438,1292,1
1438,1293,1
119,1651,1
105,1858,1
119,1665,1
119,1612,1
1437,1560,1
1437,1518,1
1437,1521,1
1437,1529,1
1437,1533,1
119,1678,1
119,1673,1
105,1848,1
1583,1283,1
1583,661,1
1437,1601,1
1583,643,1
105,1853,1
1437,1566,1
1437,1575,1
1437,1578,1
119,1672,1
1437,1586,1
1437,1590,1
1582,1766,1
119,1645,1
1438,1505,1
119,1636,1
1438,1575,1
1438,1577,1
1438,1580,1
1582,1601,1
119,1640,1
1438,1587,1
1438,1592,1
1438,1595,1
1582,1598,1
1438,1510,1
119,1627,1
1582,1597,1
1438,1662,1
1438,1689,1
1438,1705,1
1438,1808,1
106,496,1
119,1615,1
1438,1573,1
1438,1572,1
1438,1571,1
1438,1567,1
1582,1759,1
1438,1515,1
1582,1716,1
105,1916,1
1582,1606,1
119,1642,1
1438,1524,1
1582,1605,1
1582,1604,1
1438,1527,1
1438,1535,1
1438,1547,1
1438,1548,1
1438,1549,1
1438,1562,1
1582,1603,1
1438,1566,1
105,1757,1
1585,1209,1
1434,372,1
1587,1595,1
1587,1686,1
1587,1654,1
120,1454,1
1587,1603,1
105,1700,1
1429,1555,1
105,1704,1
1587,1596,1
1429,1558,1
1429,1539,1
105,1709,1
1429,1559,1
1429,1564,1
1429,1569,1
1429,1570,1
120,1437,1
1429,1578,1
1587,1351,1
1429,1549,1
1587,1764,1
1587,1312,1
105,1650,1
1429,1187,1
1588,343,1
1429,1234,1
1429,1285,1
1429,1361,1
1429,1502,1
1429,1511,1
1588,307,1
1429,1516,1
105,1681,1
1429,1520,1
1587,1964,1
1429,1523,1
1429,1530,1
1429,1532,1
1587,1927,1
1429,1536,1
1587,1792,1
1587,1344,1
1429,1584,1
1430,1576,1
120,1075,1
120,1205,1
1430,1500,1
1430,1501,1
1430,1504,1
1430,1506,1
1430,1509,1
120,1083,1
1586,1626,1
1430,1522,1
1586,1928,1
1430,1527,1
1586,1605,1
120,795,1
1430,1544,1
1430,1548,1
1430,1549,1
1430,1550,1
1430,1567,1
105,1711,1
1430,1289,1
1429,1585,1
1586,1964,1
1587,535,1
1429,1590,1
1429,1591,1
1586,1969,1
1429,1602,1
120,1407,1
120,1406,1
1429,1668,1
105,1710,1
1430,1234,1
1429,1707,1
1429,1711,1
1430,356,1
1430,455,1
120,1405,1
1430,966,1
1430,1056,1
1430,1064,1
1588,577,1
1429,1149,1
1429,1129,1
1428,1237,1
1428,1007,1
1428,1018,1
120,1587,1
120,1577,1
120,1572,1
1428,1171,1
120,1566,1
1428,1197,1
1428,1238,1
1428,635,1
1428,1498,1
1428,1500,1
1588,1598,1
1428,1504,1
1428,1507,1
105,1642,1
1428,1509,1
105,1644,1
1428,647,1
120,1596,1
120,1458,1
120,1607,1
1427,1587,1
1427,1592,1
1427,1600,1
1588,1797,1
1427,1603,1
1588,1685,1
1427,1620,1
1588,1612,1
105,1614,1
1428,451,1
120,1600,1
1427,1701,1
1427,1778,1
1427,1976,1
1427,1977,1
1428,59,1
105,1636,1
1588,1601,1
1428,1512,1
1428,1513,1
1428,1520,1
1428,1701,1
1588,749,1
1428,1596,1
1428,1601,1
1428,1615,1
1588,649,1
120,1544,1
120,1540,1
1428,1698,1
1429,56,1
1588,1555,1
1429,210,1
120,1525,1
120,1523,1
120,1504,1
120,1496,1
120,1469,1
1429,692,1
1588,648,1
1428,1589,1
1428,1574,1
1428,1571,1
1428,1562,1
1588,1543,1
1588,1541,1
1428,1529,1
120,1561,1
120,1557,1
1428,1540,1
120,1555,1
1428,1543,1
1588,1499,1
120,1551,1
1588,1339,1
1428,1547,1
1588,1159,1
1428,1549,1
120,1545,1
1588,940,1
1428,1558,1
1430,1572,1
1586,1603,1
1434,358,1
1432,1650,1
1432,1587,1
1585,1596,1
1432,1588,1
1432,1592,1
1432,1596,1
1432,1600,1
1432,1602,1
1432,1633,1
105,1745,1
1432,1583,1
1432,1654,1
1432,1688,1
1432,1774,1
1432,1802,1
1432,1868,1
119,1860,1
105,1748,1
1433,492,1
1585,1597,1
105,1740,1
1585,1572,1
1432,1549,1
1432,1511,1
1432,1517,1
1432,1519,1
1432,1520,1
1432,1531,1
1432,1541,1
1432,1547,1
119,1870,1
1432,1559,1
105,1739,1
119,1868,1
105,1734,1
1432,1567,1
1432,1571,1
1432,1577,1
1432,1580,1
1432,1582,1
1585,1600,1
105,1753,1
119,1859,1
1430,1581,1
119,1822,1
1433,1548,1
1433,1549,1
1433,1562,1
1585,1313,1
119,1823,1
1433,1572,1
1433,1575,1
1585,1290,1
1433,1592,1
119,1833,1
1433,1600,1
119,1799,1
1433,1802,1
1433,1819,1
1434,6,1
1434,7,1
119,1798,1
1434,324,1
1433,1542,1
1433,1532,1
119,1850,1
1433,1504,1
119,1841,1
1433,1046,1
1433,1170,1
1433,1323,1
119,1835,1
1433,1501,1
1585,1367,1
1585,1353,1
1433,1507,1
1433,1526,1
1433,1508,1
119,1834,1
1433,1514,1
1433,1517,1
1585,1346,1
1433,1521,1
1433,1524,1
1585,1328,1
1432,1505,1
1432,1503,1
1585,1604,1
1586,1311,1
1431,1508,1
1586,1586,1
1431,1510,1
1431,1513,1
1431,1514,1
105,1721,1
120,74,1
1586,1530,1
1431,1520,1
105,1720,1
1431,1524,1
1431,1536,1
119,1986,1
1431,1549,1
1586,626,1
1586,613,1
1431,1553,1
119,1929,1
1431,1394,1
1431,1378,1
1585,1605,1
120,769,1
1430,1598,1
1586,1600,1
105,1717,1
120,779,1
1430,1610,1
120,778,1
1586,1597,1
120,771,1
120,383,1
1431,1269,1
1430,1662,1
1430,1701,1
1430,1718,1
1430,1757,1
1430,1776,1
1431,337,1
1586,1595,1
1586,1594,1
1431,1564,1
1586,612,1
1431,1574,1
1432,1006,1
119,1874,1
119,1872,1
1432,810,1
1432,966,1
1432,979,1
1586,197,1
1585,1964,1
105,1732,1
1585,1872,1
119,1900,1
1432,1164,1
1432,1250,1
1585,1797,1
1585,1795,1
1432,1395,1
1432,1498,1
119,1871,1
1585,1652,1
1586,201,1
1586,302,1
1432,373,1
105,1725,1
1586,576,1
1431,1577,1
1431,1587,1
1431,1593,1
1431,1602,1
1586,538,1
1431,1606,1
1431,1614,1
119,1894,1
105,1724,1
1431,1674,1
1431,1687,1
1432,263,1
1432,266,1
1432,267,1
1586,382,1
1432,281,1
119,1497,1
1440,967,1
1451,1558,1
1448,376,1
118,1720,1
1448,107,1
1576,1603,1
1448,338,1
1448,343,1
106,1743,1
1448,374,1
106,1744,1
1576,1586,1
1576,1779,1
1576,1487,1
1448,378,1
1576,1381,1
118,1711,1
1448,480,1
1576,1265,1
1448,697,1
1448,733,1
106,1741,1
1576,1791,1
1576,1264,1
1447,1593,1
1447,1573,1
1447,1575,1
1447,1578,1
1465,1805,1
1447,1584,1
1447,1585,1
106,1740,1
1447,1589,1
1447,1600,1
1447,1710,1
1447,1605,1
118,1734,1
1577,118,1
118,1728,1
1577,32,1
118,1727,1
1447,1683,1
1447,1704,1
1448,1065,1
1576,1169,1
106,1734,1
106,1762,1
1448,1596,1
1575,1785,1
1448,1601,1
1448,1608,1
1575,1604,1
1575,1600,1
118,1704,1
1575,1598,1
1575,1588,1
118,1707,1
118,1700,1
118,1699,1
118,1698,1
1448,1633,1
1448,1635,1
118,1691,1
1575,1586,1
118,1688,1
1575,1794,1
1448,1593,1
1576,745,1
1576,538,1
1576,540,1
1448,1088,1
106,1754,1
1448,1417,1
1448,1498,1
1448,1506,1
1448,1511,1
1448,1512,1
1448,1518,1
1448,1586,1
1448,1522,1
1576,37,1
1575,1805,1
1575,1804,1
1448,1528,1
1448,1536,1
1448,1548,1
1448,1582,1
1447,1552,1
1447,1548,1
1440,1095,1
1446,1599,1
1446,1573,1
1446,1576,1
1446,1577,1
1577,1762,1
1446,1581,1
1446,1584,1
1446,1594,1
1446,1596,1
1446,1602,1
1446,1565,1
1446,1608,1
1577,1737,1
118,1794,1
1577,1699,1
1577,1612,1
1577,1604,1
1577,1598,1
1446,1680,1
1446,1569,1
118,1805,1
1577,1586,1
1446,1508,1
1446,946,1
1577,1999,1
1446,1198,1
1446,1277,1
118,1807,1
1446,1500,1
1446,1501,1
1446,1503,1
1446,1513,1
1446,1549,1
1577,1968,1
1446,1517,1
1577,1852,1
1446,1521,1
1446,1525,1
1446,1542,1
1446,1547,1
1446,1548,1
106,1728,1
1446,1682,1
1447,1543,1
1577,630,1
106,1733,1
1577,688,1
1447,1092,1
118,1740,1
1447,1388,1
1447,1389,1
1447,1418,1
1577,683,1
1447,1468,1
1577,955,1
1447,1509,1
1447,1510,1
1447,1517,1
1447,1521,1
1447,1530,1
1577,629,1
118,1737,1
1577,572,1
118,1749,1
1577,1222,1
1446,1723,1
1447,8,1
1446,1729,1
1446,1730,1
1446,1752,1
118,1778,1
118,1764,1
1446,1992,1
1447,7,1
1577,1585,1
1447,9,1
1577,1238,1
1577,1448,1
106,1732,1
1447,31,1
1447,275,1
1577,1278,1
1447,334,1
1447,374,1
118,1756,1
1448,1753,1
1575,1584,1
1448,1754,1
118,1628,1
1450,1578,1
1450,1609,1
118,1631,1
106,1832,1
1450,1616,1
118,1629,1
1573,1764,1
1573,1634,1
1450,1652,1
118,1633,1
1450,1699,1
1573,1604,1
1450,1752,1
1450,1770,1
118,1626,1
1450,1876,1
1450,1915,1
1573,1602,1
1450,1568,1
1574,38,1
1451,374,1
1450,1504,1
1574,832,1
1574,538,1
1450,1389,1
1450,1392,1
1450,1502,1
106,1815,1
1574,454,1
1450,1503,1
1450,1510,1
1450,1548,1
1450,1514,1
1574,414,1
1450,1519,1
1450,1525,1
1450,1527,1
1450,1540,1
1450,1547,1
106,1831,1
118,1624,1
1451,375,1
1575,1380,1
1451,1547,1
1451,1512,1
1573,1273,1
106,1848,1
1451,1513,1
1451,1519,1
1451,1522,1
1451,1529,1
1451,1537,1
1573,1249,1
1573,1534,1
1573,1158,1
1573,878,1
1451,1551,1
1451,1552,1
106,1856,1
1451,1556,1
1451,1557,1
106,1860,1
1451,1506,1
1451,1504,1
1451,378,1
1573,1600,1
1451,607,1
1451,1001,1
1451,1180,1
1451,1181,1
118,1623,1
1451,1185,1
1451,1186,1
1451,1297,1
1451,1368,1
1573,1578,1
1573,1598,1
1573,1594,1
1573,1593,1
1451,1388,1
1451,1501,1
1451,1502,1
1573,1592,1
1451,1503,1
1574,864,1
1574,1028,1
118,1634,1
1449,1514,1
1449,1385,1
118,1661,1
118,1660,1
1449,1500,1
1449,1501,1
1449,1506,1
106,1772,1
1449,1507,1
118,1657,1
118,1662,1
1575,161,1
1449,1520,1
106,1785,1
1449,1521,1
1449,1532,1
1449,1533,1
1449,1545,1
1449,1548,1
1449,1290,1
1449,1237,1
118,1635,1
1449,378,1
118,1677,1
1575,1232,1
118,1671,1
1449,120,1
1449,373,1
106,1763,1
1575,890,1
1575,676,1
1449,391,1
1575,538,1
1575,540,1
1449,513,1
118,1666,1
1449,967,1
1449,1085,1
1449,1088,1
1449,1175,1
1449,1185,1
1449,1550,1
1449,1554,1
1449,1565,1
118,1639,1
1449,1785,1
118,1643,1
1449,1797,1
1574,1458,1
1449,1979,1
1450,375,1
1450,376,1
1450,378,1
1450,601,1
1575,31,1
118,1636,1
1450,604,1
1450,608,1
1574,1272,1
1574,1263,1
1450,611,1
1450,612,1
1450,1184,1
1449,1748,1
1449,1731,1
1574,1586,1
1574,1594,1
1449,1571,1
1449,1579,1
1449,1588,1
1449,1589,1
1449,1590,1
1574,1999,1
1449,1593,1
1449,1598,1
1449,1599,1
1449,1603,1
106,1786,1
1574,1696,1
106,1794,1
1574,1599,1
1449,1658,1
1449,1697,1
1574,1595,1
1446,584,1
1446,319,1
118,1814,1
1580,1316,1
1441,1599,1
1441,1605,1
119,1466,1
1441,1660,1
1580,1526,1
1580,1447,1
1580,1444,1
1441,1665,1
1580,1298,1
1580,1543,1
1580,1272,1
1580,1158,1
1442,339,1
119,1445,1
1442,372,1
106,1599,1
106,1645,1
106,1647,1
1580,1541,1
119,1467,1
1580,78,1
1441,1542,1
106,1554,1
1441,1510,1
1441,1514,1
1441,1519,1
1441,1520,1
1441,1523,1
1580,1584,1
1441,1529,1
119,1472,1
1441,1581,1
1441,1548,1
1441,1549,1
1441,1550,1
1441,1561,1
1441,1563,1
1580,1583,1
1441,1575,1
106,1597,1
1580,87,1
1442,863,1
1443,186,1
1442,1605,1
1580,26,1
1442,1577,1
106,1680,1
1442,1584,1
1579,1710,1
1442,1595,1
106,1696,1
1442,1599,1
119,1407,1
1442,1573,1
1442,1660,1
1442,1661,1
1442,1668,1
1442,1743,1
1579,1604,1
1442,1994,1
1442,1995,1
1443,179,1
1442,1575,1
1442,1572,1
1442,962,1
1442,1513,1
1442,1066,1
1442,1139,1
1442,1171,1
119,1424,1
1442,1246,1
1442,1388,1
1442,1510,1
1442,1512,1
1442,1515,1
1442,1564,1
1442,1520,1
1442,1521,1
1580,60,1
1580,27,1
119,1415,1
1442,1525,1
1442,1532,1
1442,1548,1
1580,1602,1
1441,1508,1
1580,1606,1
119,1492,1
106,1407,1
1581,1323,1
1440,1536,1
1440,1538,1
1581,1313,1
1581,1298,1
1440,1545,1
1440,1546,1
1581,1279,1
1440,1531,1
106,1408,1
1440,1554,1
1581,785,1
119,1483,1
1440,1568,1
1581,784,1
1440,1578,1
1440,1582,1
1440,1533,1
1440,1524,1
1580,1710,1
1440,1389,1
1440,1101,1
1581,1589,1
1440,1198,1
1440,1224,1
1440,1247,1
106,1387,1
1440,1383,1
1440,1386,1
1440,1401,1
1440,1519,1
1440,1458,1
1440,1498,1
1440,1500,1
1440,1503,1
1581,1583,1
1440,1510,1
1440,1517,1
1581,1523,1
1440,1586,1
106,1462,1
1440,1587,1
1581,26,1
1441,1323,1
1441,1360,1
1441,1370,1
1441,1379,1
1441,1384,1
1581,78,1
1441,1389,1
1441,1401,1
119,1474,1
1440,1589,1
1441,1500,1
1580,1800,1
1580,1799,1
1580,1798,1
1441,1502,1
1441,1503,1
1580,1797,1
1441,1505,1
1441,1246,1
1441,902,1
1441,824,1
1441,375,1
1581,615,1
1440,1590,1
1440,1593,1
1440,1614,1
119,1480,1
1440,1655,1
1440,1656,1
1440,1660,1
1440,1667,1
1581,571,1
1440,1714,1
119,1476,1
106,1519,1
106,1543,1
1441,357,1
1581,230,1
1441,359,1
106,1698,1
106,1701,1
1578,60,1
1444,1979,1
1444,1666,1
1444,1669,1
1444,1812,1
118,1870,1
1444,1972,1
1444,1976,1
1578,1288,1
1578,1274,1
1445,11,1
118,1931,1
1445,14,1
106,1722,1
106,1723,1
118,1865,1
118,1861,1
118,1855,1
1578,1243,1
118,1842,1
118,1874,1
1444,1608,1
1578,1242,1
1444,1567,1
1444,1538,1
1578,1402,1
1444,1540,1
1444,1547,1
1444,1550,1
118,1954,1
1444,1564,1
1444,1566,1
1444,1570,1
1444,1605,1
1444,1572,1
1444,1578,1
1444,1580,1
1444,1581,1
1444,1590,1
106,1719,1
1444,1591,1
1444,1600,1
1445,310,1
1445,320,1
1579,1590,1
118,1829,1
118,1830,1
1578,660,1
1445,1718,1
1445,1728,1
1578,659,1
1445,1730,1
1445,1798,1
1445,1979,1
1445,1993,1
1445,1613,1
1445,1999,1
1446,44,1
1446,66,1
1446,73,1
1578,480,1
1446,80,1
1578,208,1
118,1828,1
1445,1634,1
1445,1593,1
1578,1241,1
1578,810,1
1445,1088,1
1445,1144,1
1578,1237,1
1578,1223,1
106,1727,1
1445,1170,1
1445,1381,1
1445,1386,1
1578,784,1
1445,1586,1
1445,1500,1
1445,1506,1
1445,1511,1
1445,1527,1
1445,1534,1
1445,1548,1
118,1837,1
1445,1575,1
1444,1531,1
106,1718,1
1444,1530,1
1579,660,1
1443,1556,1
119,1071,1
1579,1149,1
1443,1574,1
1579,805,1
1443,1588,1
1443,1590,1
119,1070,1
1443,1600,1
119,1074,1
1443,1603,1
119,1067,1
1443,1626,1
1443,1678,1
1443,1722,1
1443,1742,1
1443,1746,1
1443,1747,1
1579,1240,1
1443,1536,1
118,1956,1
1443,1386,1
1443,187,1
119,1339,1
1443,1170,1
119,1257,1
1579,1538,1
1443,1221,1
1443,1286,1
1443,1350,1
1443,1387,1
1443,1533,1
119,1237,1
1443,1503,1
1579,1336,1
1443,1507,1
119,1132,1
1579,1288,1
1443,1523,1
1579,1244,1
1443,1752,1
1443,1753,1
1443,1784,1
1444,1501,1
1444,1257,1
1444,1258,1
1444,1289,1
1444,1329,1
1444,1385,1
1578,1605,1
106,1707,1
119,79,1
1444,1509,1
1443,1935,1
106,1711,1
1444,1511,1
1444,1515,1
106,1717,1
1578,1594,1
1444,1517,1
1444,1519,1
1444,1526,1
1444,1236,1
1444,1186,1
1444,1155,1
1444,920,1
119,778,1
1579,613,1
1579,514,1
1579,481,1
1579,480,1
1579,197,1
1443,1994,1
119,770,1
119,640,1
119,599,1
119,440,1
1444,310,1
1444,311,1
119,363,1
1579,40,1
119,357,1
1444,370,1
1465,1723,1
1471,1643,1
117,1705,1
111,284,1
1498,1922,1
1532,516,1
114,1731,1
1499,98,1
114,1727,1
1499,104,1
1532,335,1
114,1726,1
114,1724,1
1498,1920,1
114,1721,1
1531,1912,1
1499,452,1
1499,457,1
1531,1896,1
1531,1608,1
1499,458,1
1531,1591,1
111,222,1
1498,1919,1
1499,472,1
1532,1304,1
1498,1249,1
1498,1285,1
1498,1313,1
1498,1483,1
1498,1500,1
1498,1503,1
1498,1510,1
1532,1316,1
111,129,1
1532,657,1
1498,1528,1
1498,1538,1
114,1737,1
114,1735,1
1498,1740,1
1498,1787,1
1498,1918,1
1532,813,1
1531,1384,1
1499,634,1
111,9,1
1531,1175,1
114,1682,1
111,780,1
111,958,1
111,974,1
1531,1186,1
1499,1530,1
114,1681,1
114,1678,1
114,1677,1
114,1685,1
114,1664,1
114,1663,1
1531,920,1
1531,219,1
1499,1547,1
1531,101,1
114,1657,1
111,1069,1
114,1684,1
114,1690,1
1499,907,1
1499,1272,1
1499,914,1
111,675,1
1499,1171,1
114,1712,1
1531,1334,1
1531,1283,1
114,1711,1
1499,1249,1
1499,1344,1
1499,1520,1
1531,1199,1
1531,1193,1
1499,1501,1
111,676,1
1499,1514,1
114,1702,1
111,708,1
114,1698,1
1498,1184,1
1532,1356,1
114,1647,1
1533,1191,1
114,1832,1
114,1831,1
110,1851,1
110,1852,1
114,1817,1
1533,1353,1
114,1803,1
110,1854,1
110,1858,1
1497,1562,1
110,1861,1
1497,1590,1
1533,817,1
1497,1596,1
1497,1603,1
114,1794,1
110,1862,1
1497,1663,1
110,1833,1
1533,1359,1
1497,1669,1
1533,1369,1
1497,1277,1
1497,1278,1
1497,1329,1
1497,1500,1
1497,1501,1
1497,1503,1
1497,1505,1
114,1836,1
1533,1368,1
1497,1560,1
1497,1534,1
1497,1540,1
1497,1551,1
1497,1553,1
1533,1366,1
1497,1554,1
1533,1361,1
1533,1360,1
1497,1665,1
1533,580,1
110,1952,1
1498,902,1
114,1756,1
114,1741,1
1532,1419,1
1498,752,1
1532,1380,1
1498,814,1
1532,1369,1
1498,901,1
1532,1364,1
1532,1512,1
1532,1363,1
1498,955,1
1532,1359,1
1498,964,1
1498,1069,1
1498,1147,1
1498,1172,1
1498,1179,1
114,1776,1
1532,1704,1
1497,1915,1
110,1864,1
1497,1918,1
1533,579,1
114,1783,1
1497,1989,1
114,1781,1
1533,577,1
1533,527,1
1498,103,1
1533,423,1
1498,472,1
1498,107,1
114,1779,1
1498,109,1
1498,269,1
1533,326,1
1498,470,1
1532,1993,1
110,1891,1
1530,1686,1
114,1641,1
1533,1379,1
1501,690,1
114,906,1
1501,465,1
1529,1178,1
1501,469,1
1529,1173,1
1501,472,1
1501,689,1
1529,1158,1
1501,691,1
111,1664,1
1501,831,1
1501,963,1
1501,1171,1
1529,984,1
1529,780,1
1529,682,1
111,1671,1
1501,1272,1
111,1665,1
111,1662,1
1529,352,1
1501,56,1
1500,1914,1
114,1075,1
1500,1972,1
111,1644,1
111,1645,1
1500,1979,1
114,988,1
1529,1200,1
1529,1198,1
114,963,1
1501,278,1
1501,298,1
1501,316,1
114,967,1
111,1648,1
114,964,1
1501,448,1
1501,449,1
1501,1343,1
1501,1500,1
1529,1322,1
1501,1750,1
1501,1685,1
111,1677,1
1501,1744,1
1501,1745,1
1501,1746,1
1501,1747,1
1501,1748,1
1528,1373,1
1501,1755,1
1528,1704,1
1501,1762,1
1501,1816,1
1501,1914,1
1501,1920,1
1528,1359,1
1528,1347,1
1502,63,1
1528,1328,1
1528,1686,1
1501,1683,1
1501,1514,1
1529,47,1
114,438,1
1529,194,1
1501,1536,1
114,92,1
1501,1542,1
1501,1554,1
113,1933,1
111,1674,1
1501,1570,1
113,1847,1
1529,36,1
1528,1898,1
1501,1584,1
111,1675,1
113,1897,1
1528,1710,1
113,1878,1
1501,1606,1
1529,1284,1
1500,1759,1
1499,1554,1
114,1541,1
114,1606,1
114,1587,1
111,1524,1
114,1579,1
114,1578,1
114,1575,1
1499,1588,1
114,1572,1
111,1568,1
111,1450,1
114,1492,1
1499,1610,1
114,1482,1
111,1577,1
114,1474,1
1499,1681,1
1530,626,1
111,1596,1
114,1613,1
1530,1194,1
1530,463,1
1530,1383,1
114,1636,1
114,1634,1
1530,1669,1
1499,1559,1
114,1633,1
114,1632,1
111,1073,1
1530,1388,1
111,1350,1
1530,1195,1
114,1631,1
114,1629,1
114,1627,1
1530,1276,1
111,1407,1
1499,1570,1
1530,1196,1
114,1615,1
1499,1742,1
1499,1787,1
1500,1742,1
1500,1498,1
1500,947,1
1500,948,1
1529,1386,1
1500,1181,1
114,1094,1
1500,1272,1
1500,1281,1
1500,1497,1
114,1081,1
114,1242,1
1529,1324,1
1500,1500,1
1500,1507,1
1500,1549,1
1500,1550,1
1500,1609,1
114,1077,1
1500,1632,1
114,1224,1
111,1639,1
1499,1817,1
111,1626,1
1499,1921,1
1499,1922,1
114,1468,1
114,1466,1
1500,447,1
111,1603,1
111,1615,1
1530,87,1
1529,1606,1
1529,1389,1
1529,1582,1
114,1464,1
1500,452,1
111,1631,1
114,1407,1
1529,1471,1
111,1633,1
1500,578,1
1497,1276,1
1497,1185,1
1502,89,1
115,1456,1
1493,119,1
1493,128,1
1493,364,1
1536,1695,1
1493,389,1
1493,390,1
1536,1694,1
1493,411,1
115,1411,1
115,1459,1
1493,473,1
1536,1693,1
115,1407,1
1493,720,1
1493,724,1
1493,728,1
1493,755,1
1493,921,1
1493,5,1
1536,1696,1
1493,1182,1
1492,1729,1
1492,1562,1
1492,1590,1
1537,1175,1
1492,1606,1
1537,1024,1
1492,1612,1
1492,1632,1
1492,1637,1
1492,1738,1
1536,1697,1
110,1727,1
1492,1739,1
110,1735,1
1492,1788,1
1537,580,1
1492,1792,1
115,1495,1
115,1465,1
1536,1669,1
110,1743,1
1492,1558,1
1494,98,1
1493,1817,1
115,1345,1
1493,1985,1
115,1261,1
1535,1933,1
1535,1913,1
115,1224,1
1535,1855,1
1494,103,1
1536,106,1
115,1091,1
1494,105,1
115,1079,1
115,1078,1
110,1745,1
1494,391,1
1494,415,1
1494,449,1
115,1406,1
1493,1771,1
1536,1380,1
110,1744,1
1493,1191,1
1493,1249,1
1493,1293,1
1493,1434,1
1493,1506,1
1493,1517,1
1493,1527,1
1493,1540,1
1493,1559,1
1536,579,1
1536,812,1
1493,1580,1
1493,1589,1
1493,1593,1
1493,1600,1
1493,1603,1
1493,1610,1
1493,1635,1
110,1712,1
1492,1555,1
1535,1701,1
1491,1575,1
1538,1364,1
110,1670,1
1538,1185,1
1491,1510,1
1538,817,1
115,1572,1
1538,782,1
110,1676,1
1491,1586,1
1491,1502,1
1491,1643,1
1491,1667,1
1538,304,1
1491,1810,1
1538,301,1
1538,265,1
1537,1704,1
115,1565,1
1491,1504,1
1491,1499,1
1537,1630,1
1491,1185,1
1491,1175,1
1491,1180,1
1491,1182,1
1491,1183,1
1538,1467,1
1538,1443,1
110,1657,1
1491,1184,1
1538,1426,1
1491,1496,1
1491,1186,1
1491,1187,1
110,1669,1
1491,1189,1
1491,1190,1
1491,1437,1
1491,1464,1
1491,1494,1
110,1699,1
1492,103,1
1492,1554,1
1537,1392,1
1492,1179,1
1492,1181,1
1492,1183,1
1537,1428,1
1492,1249,1
1537,1426,1
115,1502,1
115,1498,1
1492,1492,1
1492,930,1
1492,1500,1
110,1701,1
1492,1513,1
1492,1517,1
1492,1521,1
1492,1529,1
1492,1543,1
1492,1547,1
1492,1178,1
115,1533,1
1492,104,1
1492,434,1
1427,1584,1
1492,150,1
115,1556,1
1492,362,1
115,1544,1
1492,388,1
1492,391,1
1537,1499,1
1492,436,1
1537,1429,1
1492,450,1
1492,452,1
1492,453,1
1492,454,1
1492,463,1
115,1540,1
1492,513,1
1492,531,1
1494,452,1
1494,453,1
110,1817,1
1496,452,1
1496,366,1
1496,371,1
1534,820,1
1496,394,1
1534,812,1
1496,447,1
1496,449,1
1534,277,1
1496,456,1
1496,318,1
1496,529,1
1496,721,1
1496,726,1
1496,744,1
1534,62,1
1496,1138,1
1496,1171,1
1496,1277,1
1496,364,1
1496,105,1
1533,1916,1
110,1752,1
1495,1637,1
110,1747,1
1495,1653,1
1495,1740,1
1534,1504,1
1534,1502,1
1534,1428,1
1534,1366,1
110,1765,1
1496,104,1
1495,1915,1
1495,1919,1
1496,63,1
1496,101,1
1534,1277,1
1496,103,1
1534,1197,1
1534,1006,1
110,1802,1
1496,1323,1
1495,1601,1
1497,452,1
1496,1915,1
1496,1985,1
1497,103,1
1497,105,1
1497,278,1
1497,366,1
1533,1655,1
1497,393,1
1497,568,1
1496,1687,1
1497,690,1
1533,1471,1
1497,904,1
1497,1012,1
1533,1470,1
110,1816,1
1533,1435,1
1533,1408,1
1496,1805,1
1496,1652,1
1533,1915,1
1496,1502,1
1496,1473,1
115,65,1
1496,1490,1
1496,1492,1
1496,1498,1
110,1814,1
1533,1703,1
1533,1702,1
1496,1507,1
1496,1648,1
115,36,1
1496,1512,1
1496,1540,1
1496,1554,1
1496,1556,1
114,1931,1
1496,1603,1
1496,1606,1
1495,1633,1
1495,1590,1
1494,471,1
1535,1357,1
1535,1546,1
1535,1422,1
1535,1363,1
1494,1561,1
1535,1362,1
1494,1585,1
1494,1588,1
1494,1599,1
1494,1613,1
1535,1613,1
1535,1249,1
1535,1235,1
1494,1647,1
1494,1665,1
1494,1717,1
1535,1190,1
1494,1798,1
1535,1160,1
1494,1514,1
1494,1505,1
1494,1918,1
1535,1648,1
1494,656,1
1494,719,1
1494,887,1
1494,915,1
1494,939,1
1535,1675,1
1535,1674,1
1535,1664,1
1535,1642,1
115,915,1
1494,940,1
1494,941,1
1494,1048,1
1494,1319,1
1494,1498,1
1494,1501,1
1494,1502,1
1494,1503,1
1494,1916,1
110,1746,1
1495,1583,1
1495,1507,1
1534,1702,1
1495,1275,1
1534,1675,1
1495,1377,1
1495,1489,1
1495,1497,1
115,353,1
1495,1500,1
1495,1509,1
1534,1704,1
1495,1525,1
1495,1546,1
1495,1549,1
1495,1559,1
1534,1674,1
1534,1655,1
1495,1564,1
115,310,1
1495,1232,1
115,437,1
1495,107,1
1535,571,1
1535,812,1
115,500,1
115,441,1
1535,774,1
1495,455,1
1495,459,1
115,439,1
1535,580,1
1495,755,1
1534,1705,1
1535,470,1
1535,463,1
1495,920,1
1535,140,1
1495,959,1
1534,1979,1
1534,1916,1
1495,1197,1
113,1837,1
1502,102,1
117,1704,1
1522,284,1
112,1848,1
112,1821,1
1522,303,1
1514,451,1
112,1818,1
112,1809,1
1514,961,1
1514,1131,1
1522,104,1
1514,362,1
1514,1184,1
1514,1227,1
1514,1277,1
1522,95,1
112,1132,1
1522,69,1
1514,1428,1
1522,68,1
1514,411,1
1522,356,1
1514,1707,1
1522,958,1
113,31,1
1513,1834,1
1522,1126,1
1522,1122,1
1522,1120,1
1514,70,1
1514,88,1
1522,960,1
112,1118,1
1522,540,1
1522,662,1
1514,98,1
112,1886,1
112,1862,1
1514,102,1
1514,110,1
1514,291,1
1514,292,1
1514,1691,1
1514,1714,1
1513,1738,1
1515,1273,1
1515,472,1
1515,691,1
1521,1244,1
112,1776,1
1515,1184,1
112,1442,1
1515,1185,1
112,1500,1
1515,1301,1
1515,460,1
112,1775,1
1515,1575,1
1515,1608,1
1515,1612,1
1515,1673,1
1515,1674,1
1515,1707,1
1515,1708,1
1515,461,1
1515,360,1
1514,1743,1
1515,101,1
1515,13,1
1521,1945,1
1521,1926,1
1515,70,1
1521,1925,1
112,1791,1
1521,1924,1
112,1787,1
1521,1919,1
1521,1351,1
1521,1759,1
112,1133,1
1521,1494,1
112,1134,1
112,1243,1
1515,104,1
1515,280,1
1521,1355,1
1513,1739,1
1513,1714,1
112,1527,1
1522,1353,1
1522,1656,1
113,674,1
112,166,1
1511,1054,1
113,651,1
1511,1582,1
1511,1632,1
1511,1705,1
1511,1714,1
1522,1710,1
1511,1772,1
1522,1350,1
112,597,1
113,302,1
1522,1302,1
1511,1970,1
1522,1301,1
1511,1972,1
1511,711,1
1522,1714,1
112,674,1
1522,1753,1
1523,1032,1
1510,1265,1
1523,302,1
113,968,1
1523,63,1
113,964,1
1522,1793,1
1510,1715,1
1510,1975,1
1511,450,1
1510,1985,1
1511,3,1
1522,1730,1
1511,94,1
1522,1729,1
1511,102,1
1511,105,1
113,752,1
1522,1189,1
1511,1988,1
1513,1676,1
1513,411,1
112,913,1
1513,102,1
1513,103,1
1513,104,1
1513,106,1
1513,229,1
1513,230,1
113,34,1
1513,431,1
113,48,1
1522,1171,1
113,32,1
1513,608,1
1513,886,1
1513,1159,1
1513,1231,1
1522,1170,1
1513,1340,1
1513,101,1
1513,71,1
112,675,1
113,81,1
113,167,1
1512,98,1
1512,126,1
1512,347,1
1512,451,1
112,855,1
1512,466,1
1512,467,1
1512,911,1
1513,3,1
1512,961,1
1512,1119,1
1512,1193,1
1512,1230,1
1512,1231,1
1512,1365,1
1512,1419,1
1512,1714,1
1515,1711,1
1515,1715,1
1523,1144,1
1518,1347,1
112,1645,1
1518,1184,1
1518,1280,1
112,1647,1
1520,1179,1
1520,1121,1
1518,1343,1
1520,961,1
1518,1348,1
1518,1181,1
1518,1351,1
112,1687,1
1520,540,1
112,1686,1
1520,539,1
1518,1654,1
112,1682,1
1518,1705,1
112,1644,1
112,1621,1
1518,1857,1
112,1692,1
1520,1361,1
1520,1356,1
112,1696,1
1520,1354,1
1518,451,1
1518,469,1
1518,539,1
1518,540,1
112,1603,1
112,1691,1
1520,1244,1
1518,874,1
1518,957,1
1518,961,1
1520,1198,1
1518,1005,1
1518,1137,1
1518,1179,1
1520,499,1
1518,1922,1
112,1700,1
1519,1730,1
1519,1497,1
1520,286,1
1519,1515,1
1520,278,1
1520,108,1
1519,1669,1
1519,1710,1
1519,1712,1
1519,1741,1
1519,1365,1
1520,102,1
1519,1742,1
1520,100,1
1519,1744,1
1519,1778,1
112,1657,1
1519,1986,1
1519,1999,1
112,1654,1
112,1653,1
1518,1981,1
1519,1039,1
112,1680,1
1519,97,1
1519,99,1
1519,292,1
112,1679,1
1519,539,1
1519,540,1
1519,1005,1
112,1677,1
1519,1354,1
112,1676,1
1519,1181,1
1519,1182,1
1520,454,1
1519,1243,1
1519,1244,1
1519,1269,1
1519,1351,1
112,1697,1
1518,100,1
112,1766,1
112,1739,1
1521,540,1
1516,687,1
1516,690,1
1516,740,1
112,1743,1
1516,961,1
1516,980,1
1516,1049,1
1521,539,1
1516,608,1
1516,1275,1
1516,1276,1
1516,1425,1
1516,1494,1
1516,1674,1
1516,1714,1
1516,1729,1
1516,1739,1
112,1744,1
1516,472,1
112,1735,1
1521,962,1
112,1563,1
1515,1739,1
1515,1777,1
1515,1923,1
1515,1987,1
1521,1178,1
1521,1121,1
1521,1120,1
1516,15,1
1516,450,1
112,1757,1
1516,93,1
1516,98,1
1516,101,1
1516,102,1
1521,920,1
1516,349,1
112,1747,1
1516,1975,1
1517,69,1
1520,1514,1
112,1718,1
1520,1743,1
1520,1731,1
1517,1273,1
1517,1294,1
1517,1354,1
1517,1362,1
1517,1426,1
1520,1729,1
1520,1716,1
1520,1778,1
1517,1494,1
1520,1694,1
112,1713,1
1517,1695,1
1517,1714,1
112,1710,1
1520,1600,1
112,1709,1
1517,1180,1
1517,1143,1
1521,472,1
1521,2,1
1521,100,1
1517,70,1
1517,93,1
112,1593,1
1517,98,1
1517,99,1
112,1594,1
1517,183,1
1517,231,1
1517,1050,1
1521,1,1
1521,0,1
1520,1998,1
112,1734,1
112,1733,1
112,1731,1
1520,1966,1
1517,961,1
1523,1120,1
1523,1180,1
1502,104,1
113,1718,1
1526,1724,1
1504,451,1
1526,1710,1
1504,529,1
1526,1669,1
1504,531,1
113,1720,1
111,1746,1
1504,539,1
1504,316,1
1504,540,1
1504,663,1
1504,946,1
1504,967,1
1504,1173,1
111,1747,1
1504,1331,1
1526,1386,1
113,1723,1
1504,109,1
1504,1594,1
113,1727,1
1527,70,1
1503,1766,1
1503,1769,1
1503,1916,1
111,1737,1
1503,1918,1
1503,1978,1
1504,5,1
1504,22,1
1504,108,1
111,1738,1
113,1725,1
113,1724,1
1504,105,1
111,1741,1
1526,1744,1
1504,107,1
1526,1739,1
1526,1385,1
1526,1377,1
1527,94,1
111,1785,1
1525,1995,1
1505,447,1
111,1763,1
111,1767,1
111,1774,1
1525,1720,1
1525,1608,1
111,1778,1
1525,1495,1
113,1709,1
1525,1350,1
113,1707,1
1505,451,1
1525,1345,1
113,1704,1
113,1700,1
1505,946,1
111,1795,1
1505,430,1
1505,376,1
1526,1355,1
1526,1200,1
1526,1352,1
1504,1617,1
1504,1621,1
1526,1212,1
1504,1753,1
1504,1765,1
1504,1775,1
1505,10,1
1505,98,1
1526,50,1
1505,109,1
111,1749,1
1505,296,1
111,1750,1
1526,677,1
1505,312,1
111,1755,1
111,1762,1
111,1732,1
1527,166,1
1505,995,1
1502,1595,1
1502,469,1
1502,690,1
1528,1069,1
1528,472,1
1502,1115,1
1502,1183,1
113,1784,1
1502,1359,1
1528,123,1
1528,1198,1
1528,66,1
111,1713,1
1502,1684,1
1502,1685,1
1502,1715,1
1502,1716,1
1527,1512,1
1502,1751,1
1502,454,1
1502,452,1
1502,1847,1
1502,343,1
113,1819,1
1502,107,1
113,1813,1
1528,1320,1
1502,151,1
1502,317,1
1502,339,1
1502,340,1
111,1690,1
113,1800,1
1502,344,1
111,1691,1
111,1695,1
1502,347,1
113,1811,1
1502,447,1
111,1704,1
1528,1200,1
1502,1756,1
1527,1472,1
1503,1758,1
111,1721,1
1503,532,1
1503,831,1
113,1730,1
1503,963,1
1527,656,1
1503,964,1
1503,1115,1
1503,1260,1
1503,1321,1
113,1739,1
1503,1600,1
1503,1617,1
1503,1625,1
1527,472,1
1503,1655,1
1503,1710,1
1503,1740,1
1503,1745,1
1527,685,1
1503,450,1
1527,1389,1
113,1775,1
1527,1322,1
111,1715,1
1502,1915,1
1502,1918,1
1502,1919,1
1502,1975,1
1527,1284,1
1503,43,1
113,1765,1
1503,449,1
1527,1173,1
1503,101,1
1503,105,1
1503,109,1
113,1752,1
1503,331,1
113,1750,1
1503,366,1
111,1797,1
1505,1365,1
112,76,1
1524,1062,1
111,1915,1
1524,1180,1
113,1150,1
113,1134,1
1524,1156,1
1524,1155,1
1509,104,1
1509,105,1
1509,308,1
111,1889,1
113,1094,1
1509,324,1
1509,540,1
1509,684,1
1524,1061,1
1509,779,1
1524,280,1
1524,104,1
1509,94,1
113,1341,1
113,1081,1
1508,1299,1
113,1525,1
1508,778,1
1508,779,1
113,1521,1
113,1495,1
1508,887,1
113,1477,1
1508,1225,1
1508,1323,1
111,1888,1
1524,1234,1
111,1856,1
1508,1367,1
1508,1509,1
1508,1714,1
113,1466,1
1524,1190,1
113,1409,1
1509,780,1
1524,19,1
1508,472,1
1510,454,1
1509,1769,1
1509,1770,1
1510,0,1
1510,12,1
112,60,1
1510,109,1
1510,347,1
1510,450,1
1523,1183,1
1523,1358,1
1510,776,1
1510,946,1
1523,1182,1
1510,947,1
1510,948,1
1510,961,1
1510,1229,1
1510,1240,1
1523,1353,1
1523,1360,1
1509,956,1
1509,1200,1
1509,966,1
113,1077,1
1523,1917,1
1523,1731,1
1509,976,1
1509,1137,1
1523,1709,1
1509,1199,1
1523,1685,1
1509,1714,1
1509,1225,1
1509,1227,1
113,1076,1
1523,1361,1
1509,1242,1
1509,1244,1
1509,1258,1
113,1069,1
1508,537,1
1508,142,1
1505,1370,1
1506,674,1
1506,447,1
1525,1140,1
1525,1100,1
1506,471,1
1506,536,1
1525,1062,1
113,1677,1
113,1667,1
113,1666,1
1525,1234,1
1506,946,1
1506,956,1
1506,1171,1
113,1659,1
1506,1665,1
1506,1711,1
111,1820,1
1506,1714,1
1506,431,1
1506,366,1
1506,1745,1
111,1801,1
113,1698,1
113,1696,1
113,1695,1
1525,1269,1
1505,1612,1
1505,1615,1
1505,1708,1
1505,1766,1
1505,1972,1
111,1817,1
1505,1981,1
113,1685,1
1506,98,1
1506,103,1
113,1684,1
113,1682,1
1506,347,1
1506,359,1
1506,1738,1
1506,1932,1
113,1561,1
1524,1709,1
113,1609,1
1507,932,1
1507,966,1
1507,1133,1
113,1608,1
113,1607,1
113,1606,1
1524,1724,1
113,1605,1
113,1622,1
113,1603,1
1524,1708,1
1524,1492,1
1524,1364,1
1508,104,1
113,1582,1
113,1564,1
1508,138,1
1525,90,1
111,1854,1
1507,93,1
1507,143,1
1507,98,1
1507,105,1
113,1653,1
1507,107,1
1525,618,1
1507,139,1
1525,497,1
1507,141,1
1507,223,1
113,1643,1
1507,229,1
1525,472,1
1507,326,1
1507,347,1
1525,171,1
1507,363,1
1507,430,1
113,1644,1
1491,1174,1
1538,1655,1
1538,1674,1
117,439,1
1474,1561,1
1474,1576,1
1555,34,1
1474,1581,1
1474,1585,1
1474,1609,1
1474,1612,1
1474,1616,1
1474,1717,1
1474,1530,1
1474,1718,1
1474,1719,1
1554,1506,1
1474,1752,1
1475,72,1
1475,73,1
1554,1269,1
1554,1058,1
1474,1544,1
1474,1521,1
117,437,1
117,698,1
1474,72,1
1555,987,1
1474,73,1
1555,881,1
1474,1155,1
1474,1167,1
1474,1168,1
117,699,1
1555,317,1
1474,1510,1
117,588,1
1474,1389,1
1474,1404,1
1474,1416,1
1474,1431,1
1474,1435,1
1555,299,1
117,441,1
1554,981,1
1475,273,1
117,776,1
1553,1392,1
1475,1571,1
1475,1585,1
1475,1590,1
1475,1593,1
1553,1460,1
1475,1609,1
1475,1611,1
1553,1402,1
108,1945,1
1475,1547,1
108,1949,1
1553,1051,1
1553,1027,1
1553,946,1
1553,788,1
1553,728,1
117,245,1
1475,1613,1
1475,1551,1
1475,1534,1
1554,597,1
1475,1128,1
1475,277,1
1475,525,1
1554,563,1
1554,471,1
1475,716,1
1554,345,1
1554,2,1
1475,1102,1
108,1938,1
1475,1526,1
117,311,1
1475,1499,1
1553,1621,1
1475,1502,1
1475,1505,1
1553,1596,1
1553,1584,1
1475,1508,1
108,1894,1
1555,1191,1
1553,693,1
1556,313,1
1472,1720,1
1472,1721,1
1472,1816,1
117,1195,1
1473,72,1
1473,74,1
1473,95,1
1473,99,1
1473,211,1
1472,1611,1
1473,284,1
1556,311,1
1473,916,1
1473,952,1
1473,1125,1
1473,1163,1
1473,1167,1
1556,310,1
1472,1717,1
1472,1609,1
117,1088,1
1472,1554,1
1556,1261,1
108,1773,1
1472,1508,1
1472,1532,1
1472,1534,1
1472,1544,1
1556,1251,1
1472,1553,1
117,1217,1
1472,1601,1
1472,1563,1
108,1776,1
1556,942,1
1556,833,1
1472,1566,1
1556,653,1
1556,519,1
1472,1573,1
1473,1168,1
1555,1998,1
108,1864,1
1473,1610,1
1555,1265,1
117,1071,1
1473,1525,1
1473,1548,1
1473,1558,1
1473,1582,1
1473,1585,1
1473,1594,1
1473,1613,1
108,1853,1
117,1070,1
1473,1648,1
1473,1652,1
1473,1660,1
1473,1717,1
1473,1719,1
1473,1720,1
1473,1920,1
1473,1512,1
1473,1506,1
1473,1242,1
117,1075,1
1555,1995,1
108,1847,1
1473,1280,1
1473,1323,1
1555,1602,1
1555,1568,1
1555,1560,1
1555,1552,1
1555,1283,1
1473,1502,1
117,1074,1
1555,1274,1
1473,1389,1
1555,1273,1
1473,1398,1
1473,1415,1
117,1072,1
1473,1498,1
1475,1748,1
1475,1753,1
1472,1500,1
1550,1937,1
1478,1293,1
1478,1387,1
1478,1498,1
109,1372,1
1550,1938,1
1478,1500,1
1478,1503,1
1478,1513,1
1550,1929,1
1478,1180,1
1478,1517,1
1478,1541,1
1550,1580,1
1478,1563,1
1478,1567,1
1478,1572,1
1550,1550,1
1478,1581,1
1478,1292,1
116,1722,1
1478,1588,1
1551,1259,1
1477,1611,1
109,1144,1
116,1745,1
116,1737,1
1477,1683,1
1477,1687,1
1477,1717,1
1477,1728,1
109,1184,1
1551,321,1
1477,1795,1
1477,1916,1
116,1730,1
1478,384,1
1478,389,1
1551,458,1
1551,445,1
116,1724,1
1550,1274,1
1478,1597,1
1477,1573,1
109,1479,1
1479,917,1
1479,1064,1
1550,796,1
1479,1065,1
1479,1095,1
1550,751,1
1550,311,1
1479,1150,1
1479,1180,1
1479,626,1
1479,1194,1
1479,1449,1
1479,1498,1
1479,1505,1
1479,1511,1
1479,1514,1
1479,1519,1
1549,1819,1
1550,1024,1
1479,519,1
1478,1610,1
1479,92,1
1478,1611,1
1550,1252,1
116,1719,1
1478,1630,1
1478,1717,1
1550,1232,1
1478,1726,1
1478,1794,1
1479,313,1
1479,518,1
1550,1203,1
1479,503,1
116,1715,1
109,1431,1
1479,516,1
109,1455,1
1550,1171,1
1550,1087,1
1477,1609,1
1551,1270,1
1553,513,1
1476,1548,1
1476,1507,1
108,1966,1
108,1978,1
1476,1520,1
1476,1521,1
1476,1529,1
1552,1697,1
116,1943,1
1476,1557,1
1476,1384,1
1476,1563,1
116,1931,1
109,106,1
1476,1577,1
1552,1506,1
1476,1587,1
1552,1481,1
1552,1268,1
1476,1504,1
1476,1248,1
1552,1266,1
1476,131,1
1553,465,1
117,149,1
1475,1916,1
1475,1971,1
1476,7,1
1476,73,1
1553,321,1
1476,100,1
1553,315,1
1553,61,1
1476,355,1
117,81,1
108,1957,1
1476,1026,1
1476,1027,1
1476,1136,1
1553,124,1
116,1948,1
1476,1591,1
109,138,1
1477,1572,1
1477,1513,1
1551,1819,1
1551,1766,1
1477,1193,1
116,1773,1
1477,1507,1
116,1759,1
109,1066,1
1477,1510,1
1551,1684,1
116,1789,1
1551,1652,1
1551,1494,1
1551,1302,1
1551,1277,1
1477,1530,1
116,1758,1
1551,1275,1
1477,1565,1
1477,1129,1
1477,665,1
1476,1602,1
1476,1754,1
109,166,1
1552,1156,1
1552,959,1
1476,1608,1
1552,887,1
1552,712,1
1476,1613,1
1476,1729,1
1552,562,1
109,675,1
1552,399,1
1476,1916,1
116,1849,1
116,1811,1
1477,133,1
116,1809,1
1477,213,1
1477,314,1
1556,1265,1
1556,1454,1
1538,1706,1
1559,837,1
1467,1659,1
1559,895,1
108,1720,1
1467,1719,1
117,1610,1
117,1609,1
117,1608,1
117,1603,1
1559,730,1
1559,1018,1
1468,795,1
1468,964,1
1468,1066,1
117,1595,1
1559,338,1
1468,1188,1
1468,1223,1
117,1589,1
1467,1654,1
1467,1649,1
1468,1268,1
1467,1551,1
1467,1502,1
1467,1506,1
117,1625,1
1467,1513,1
1467,1517,1
1467,1521,1
1467,1548,1
1467,1550,1
108,1714,1
1467,1613,1
1467,1563,1
1467,1574,1
1467,1593,1
1467,1599,1
1467,1611,1
108,1719,1
1559,1075,1
1559,1028,1
1559,320,1
117,1585,1
117,1626,1
1468,1731,1
1559,56,1
1558,1990,1
1468,1717,1
1558,1986,1
1558,1678,1
1558,1677,1
1558,1613,1
1558,1507,1
1468,1736,1
1559,57,1
1558,1489,1
1468,1737,1
117,1560,1
117,1558,1
1468,1985,1
1468,1990,1
1469,27,1
117,1557,1
1468,1660,1
117,1563,1
117,1584,1
1468,1536,1
1559,309,1
117,1582,1
1468,1389,1
1559,114,1
1468,1434,1
117,1569,1
1468,1514,1
1468,1527,1
1468,1539,1
117,1568,1
1468,1545,1
1468,1547,1
1559,58,1
1468,1559,1
1468,1586,1
1468,1606,1
1468,1609,1
1468,1612,1
108,1712,1
117,1627,1
1558,1404,1
1466,1500,1
1466,1068,1
108,1700,1
1466,1197,1
117,1688,1
1466,1232,1
1466,1236,1
117,1681,1
1466,1499,1
1466,1509,1
108,1695,1
1466,1522,1
1466,1528,1
1466,1548,1
1466,1549,1
108,1704,1
1560,1282,1
1560,1273,1
117,1676,1
1466,927,1
108,1694,1
1466,1570,1
1560,1810,1
1560,1949,1
108,1673,1
1466,207,1
1466,618,1
1466,619,1
117,1702,1
1466,652,1
117,1701,1
1466,746,1
1466,918,1
1466,747,1
1466,776,1
108,1675,1
108,1689,1
117,1690,1
1466,917,1
1560,1522,1
1560,1405,1
117,1673,1
1466,1571,1
1467,1386,1
1467,1165,1
1467,615,1
1559,1408,1
1467,618,1
1467,619,1
1467,621,1
1467,745,1
1467,793,1
1559,1312,1
1467,1166,1
1559,1495,1
117,1645,1
1467,1236,1
1467,1247,1
1559,1270,1
1467,1268,1
1559,1258,1
117,1644,1
1467,1291,1
1559,1486,1
1467,479,1
1466,1574,1
1466,1717,1
1466,1589,1
1466,1605,1
1466,1613,1
1560,1269,1
108,1707,1
117,1666,1
1466,1626,1
1466,1635,1
1466,1718,1
1467,379,1
1560,3,1
1466,1740,1
1559,1999,1
1559,1736,1
117,1660,1
1559,1681,1
117,1655,1
1467,317,1
1558,1412,1
1558,1403,1
1472,1294,1
1471,1237,1
1557,465,1
1471,1195,1
1471,1206,1
1557,321,1
1557,312,1
117,1444,1
117,1438,1
1557,311,1
1557,310,1
1471,1168,1
1471,1258,1
1471,1260,1
117,1409,1
117,1407,1
1471,1502,1
1557,309,1
1471,1505,1
1471,1513,1
1471,1169,1
1471,1144,1
1471,1528,1
1470,1991,1
1470,1663,1
1470,1682,1
1470,1717,1
1470,1752,1
1470,1754,1
1470,1989,1
108,1769,1
1557,832,1
1557,831,1
1557,466,1
117,1469,1
1557,502,1
117,1468,1
117,1466,1
1471,916,1
1471,945,1
1471,1124,1
1471,1126,1
1471,1519,1
1471,1544,1
1470,1657,1
1472,615,1
1556,1992,1
1471,1799,1
1471,1988,1
117,1401,1
117,1370,1
1472,161,1
1472,162,1
1556,1714,1
1556,1684,1
1471,1723,1
117,1369,1
1472,916,1
1472,1144,1
1472,1151,1
1556,1564,1
1556,1516,1
1472,1167,1
1472,1190,1
1471,1732,1
1471,1722,1
1471,1548,1
1471,1610,1
1471,1588,1
1471,1589,1
1557,288,1
1471,1590,1
1471,1598,1
1471,1608,1
1557,108,1
1557,84,1
1471,1612,1
1471,1717,1
1471,1613,1
117,1405,1
1556,1997,1
1556,1995,1
1520,98,1
1471,1657,1
1471,1660,1
1471,1682,1
1470,1660,1
1470,1612,1
1558,1377,1
1558,494,1
1469,1555,1
117,1521,1
1469,1582,1
1469,1591,1
1469,1595,1
108,1752,1
1558,833,1
117,1520,1
1469,1607,1
1469,1533,1
1558,466,1
1469,1609,1
1469,1610,1
1469,1613,1
117,1512,1
117,1499,1
1469,1659,1
1469,1683,1
1469,1548,1
1469,1530,1
1469,1749,1
108,1734,1
117,1554,1
1469,654,1
117,1552,1
1558,1305,1
1558,1272,1
1469,1119,1
1469,1126,1
1558,1258,1
117,1542,1
1558,1003,1
108,1737,1
117,1533,1
1469,1500,1
1469,1503,1
1469,1512,1
1469,1518,1
1469,1525,1
117,1525,1
1469,1717,1
1469,1801,1
1470,1602,1
108,1763,1
1470,1195,1
1470,1238,1
1470,1498,1
108,1757,1
108,1761,1
1470,1505,1
1470,1516,1
1470,1523,1
1470,1536,1
1557,1203,1
1470,1547,1
1470,1562,1
1470,1566,1
1470,1571,1
1557,1168,1
1470,1580,1
1470,1587,1
1470,1597,1
1470,916,1
1557,1251,1
1469,1934,1
1557,1996,1
1469,1985,1
1558,338,1
1469,1993,1
1470,272,1
1470,334,1
117,1490,1
117,1484,1
1558,312,1
1557,1515,1
108,1756,1
108,1753,1
1470,513,1
1470,524,1
1557,1271,1
1470,617,1
1557,1270,1
117,1479,1
1470,887,1
1479,1523,1
1479,1529,1
1479,1535,1
1542,516,1
1542,1460,1
1488,73,1
109,1826,1
1542,1443,1
1542,1401,1
115,1765,1
1488,142,1
1542,1160,1
1541,1784,1
115,1830,1
1488,154,1
1488,196,1
1488,337,1
115,1748,1
1488,366,1
1541,1739,1
1488,387,1
109,1840,1
1542,1468,1
1542,1579,1
115,1747,1
1487,1531,1
1487,1189,1
1487,1191,1
1487,1313,1
1487,1316,1
115,1853,1
115,1835,1
1487,1516,1
1543,22,1
115,1833,1
109,1783,1
1487,1565,1
1487,1583,1
1487,1609,1
1487,1658,1
1487,1659,1
1487,1661,1
109,1762,1
1487,1721,1
1541,1603,1
115,1741,1
1487,1183,1
1488,1183,1
1541,569,1
1488,917,1
115,1736,1
115,1733,1
115,1732,1
1488,1179,1
1488,1180,1
115,1730,1
1488,1184,1
1541,1300,1
115,1726,1
1488,1314,1
1488,1315,1
1541,564,1
1488,1416,1
1541,428,1
115,1723,1
1488,1498,1
1488,839,1
1488,838,1
1488,395,1
109,1853,1
1488,400,1
1488,401,1
1488,402,1
1541,1599,1
1541,1591,1
115,1738,1
1488,449,1
1488,459,1
1541,1582,1
1488,598,1
1488,460,1
1541,1461,1
1488,465,1
1488,472,1
1541,1426,1
115,1737,1
1488,508,1
1488,521,1
1543,35,1
1487,1042,1
1488,1506,1
1486,1313,1
116,439,1
1486,1189,1
109,1724,1
1544,348,1
1544,159,1
116,437,1
1544,35,1
1486,1297,1
116,404,1
116,441,1
1486,1385,1
1486,1500,1
109,1729,1
1486,1505,1
1486,1507,1
1486,1509,1
1486,1521,1
1486,1524,1
1544,432,1
1486,1164,1
1486,1548,1
1486,506,1
1544,1075,1
1485,1916,1
116,976,1
116,698,1
1544,1045,1
1486,345,1
1486,372,1
1486,505,1
1486,510,1
1544,517,1
1486,511,1
1486,516,1
1486,540,1
109,1719,1
1486,541,1
116,593,1
1486,1150,1
1486,1158,1
109,1737,1
1486,1549,1
1543,159,1
115,1930,1
1487,152,1
1487,196,1
116,75,1
1487,387,1
1543,1181,1
115,1932,1
1487,448,1
1487,452,1
1487,461,1
1487,141,1
1543,1157,1
1543,1053,1
1487,514,1
115,1891,1
1543,286,1
115,1885,1
1487,793,1
1487,917,1
1543,1267,1
1487,101,1
1486,1577,1
1543,1600,1
109,1738,1
1543,1737,1
1486,1586,1
1486,1596,1
1486,1608,1
1543,1736,1
1486,1662,1
1486,1719,1
1486,1720,1
1486,1990,1
116,164,1
1486,1772,1
1543,1598,1
116,138,1
1543,1552,1
1486,1916,1
1543,1536,1
1486,1921,1
1488,1502,1
1488,1521,1
1479,1586,1
1539,1380,1
1539,1425,1
1490,1178,1
1490,1180,1
1490,1182,1
115,1647,1
1490,1188,1
1490,1189,1
1490,1190,1
110,1613,1
1539,1427,1
1490,1370,1
1539,767,1
1490,1473,1
1490,1491,1
1490,1495,1
110,1616,1
110,1633,1
1490,1497,1
1490,1173,1
115,1656,1
115,1646,1
1490,512,1
115,1677,1
1490,456,1
1490,457,1
115,1673,1
115,1663,1
1490,511,1
1539,1462,1
1539,1444,1
1490,515,1
1490,1077,1
110,1534,1
110,1572,1
1490,521,1
1490,648,1
1490,660,1
1490,689,1
110,1605,1
1490,720,1
1490,1498,1
1490,1507,1
1490,395,1
1491,472,1
115,1632,1
1491,392,1
115,1620,1
115,1616,1
110,1648,1
1491,437,1
1491,453,1
1491,461,1
1491,473,1
1539,268,1
1491,512,1
1538,1843,1
115,1601,1
115,1598,1
115,1596,1
115,1586,1
1538,1730,1
1491,1102,1
1491,364,1
1491,342,1
1539,582,1
1539,304,1
1539,571,1
1490,1531,1
1490,1558,1
1490,1572,1
1490,1578,1
110,1647,1
1490,1596,1
1490,1600,1
1490,1606,1
1491,341,1
1490,1790,1
1490,1810,1
115,1635,1
1491,55,1
1491,102,1
115,1634,1
115,1633,1
1491,154,1
110,1096,1
1539,1645,1
1488,1525,1
1489,453,1
1489,134,1
1489,172,1
1489,197,1
1489,345,1
110,667,1
1540,1434,1
1489,450,1
115,1710,1
110,675,1
109,1907,1
1489,506,1
1489,507,1
115,1708,1
1489,1058,1
1489,1142,1
1489,1175,1
115,1707,1
1489,1178,1
109,1940,1
1489,98,1
1489,1180,1
1540,1887,1
1488,1533,1
1488,1537,1
1488,1562,1
1488,1592,1
1541,304,1
1488,1612,1
1541,56,1
109,1855,1
1488,1657,1
109,1899,1
1540,1885,1
109,1856,1
1488,1915,1
1488,1918,1
1540,1738,1
109,1859,1
1488,1920,1
1488,1986,1
1540,1422,1
110,678,1
1490,366,1
110,1029,1
1489,1915,1
1489,1918,1
1489,1919,1
1490,62,1
1490,99,1
1490,101,1
115,1702,1
110,983,1
110,1069,1
1489,1790,1
115,1697,1
115,1691,1
110,1074,1
115,1689,1
1490,172,1
1539,1649,1
1539,1648,1
115,1680,1
1489,1796,1
1489,1663,1
1489,1181,1
1489,1514,1
110,679,1
1489,1183,1
1489,1184,1
1489,1185,1
1489,1495,1
1489,1496,1
1540,587,1
1489,1507,1
1489,1567,1
1539,1994,1
1489,1568,1
115,1703,1
1489,1633,1
1540,509,1
1540,304,1
1540,303,1
1540,33,1
1489,1637,1
1544,1082,1
116,985,1
1485,1754,1
1548,317,1
1482,372,1
109,1605,1
1482,373,1
1482,386,1
1548,640,1
1482,387,1
1548,529,1
1482,437,1
1482,505,1
1548,717,1
1482,511,1
116,1659,1
116,1648,1
109,1615,1
1482,626,1
1547,1768,1
1547,1630,1
116,1639,1
1482,369,1
1482,368,1
1482,682,1
1481,1612,1
1481,1563,1
1548,1694,1
1481,1579,1
1548,1606,1
1481,1580,1
1481,1590,1
1548,1592,1
1481,1610,1
1481,1632,1
109,1593,1
1548,1332,1
1548,1305,1
1481,1710,1
1548,1283,1
1481,1733,1
1548,1259,1
116,1670,1
1481,1967,1
1482,650,1
116,1603,1
1481,1547,1
1482,1643,1
1547,888,1
1482,1559,1
109,1650,1
1482,1576,1
1482,1582,1
1482,1585,1
1482,1612,1
1547,641,1
116,1574,1
1547,1183,1
1482,1730,1
109,1664,1
1547,453,1
1482,1888,1
1547,450,1
1547,319,1
109,1672,1
1482,1992,1
1482,1547,1
1547,1263,1
1482,833,1
1482,1507,1
1482,914,1
1482,921,1
1482,1056,1
116,1596,1
1482,1196,1
1482,1197,1
1482,1199,1
1482,1215,1
1482,1513,1
1482,1535,1
1482,1520,1
1547,1620,1
1547,1596,1
1547,1506,1
109,1626,1
1547,1275,1
1482,1521,1
1482,1526,1
1481,1548,1
109,1568,1
1485,1732,1
1480,1199,1
1549,1274,1
1549,1258,1
1480,1098,1
109,1486,1
1549,1253,1
1549,1252,1
1480,1144,1
1480,1180,1
1480,1291,1
1480,921,1
1480,1296,1
1480,1498,1
1480,1508,1
1549,1251,1
1480,1547,1
1480,1564,1
109,1491,1
1480,1577,1
1480,1061,1
116,1703,1
1549,1173,1
1549,1282,1
1549,1694,1
1549,1600,1
1479,1611,1
1479,1613,1
1549,1522,1
1479,1726,1
1479,1733,1
1479,1985,1
1480,0,1
1549,1275,1
1480,155,1
1480,180,1
1480,502,1
1480,504,1
1549,1280,1
1480,519,1
1549,1276,1
1480,639,1
1480,1593,1
1480,1614,1
1549,2,1
1481,1196,1
1481,1107,1
1481,1133,1
1549,109,1
109,1520,1
1481,1137,1
1481,1150,1
1481,1151,1
1481,1152,1
1481,1198,1
1481,1023,1
1481,1199,1
116,1681,1
1481,1498,1
1481,1510,1
1481,1514,1
1481,1519,1
116,1680,1
1481,1540,1
1481,1105,1
1481,1005,1
1549,1171,1
116,1696,1
1480,1657,1
1549,987,1
1480,1796,1
116,1698,1
1481,504,1
1481,521,1
116,1697,1
1549,921,1
116,1691,1
109,1515,1
116,1689,1
1549,919,1
109,1501,1
1481,737,1
116,1683,1
1481,913,1
1481,915,1
1481,921,1
1482,1993,1
1546,1955,1
1483,105,1
116,1368,1
1545,454,1
1545,349,1
1545,159,1
1484,1613,1
1484,1623,1
1484,1625,1
1484,1672,1
109,1715,1
1484,1707,1
1484,1590,1
1484,1718,1
1484,1751,1
109,1716,1
1544,1820,1
1484,1752,1
116,1330,1
1544,1719,1
1484,1879,1
1484,1592,1
109,1712,1
1484,1916,1
1484,1509,1
1484,921,1
1545,1590,1
1545,1506,1
1484,1158,1
1484,1169,1
1484,1334,1
1484,1389,1
1484,1506,1
1484,1513,1
1484,1581,1
1484,1517,1
1545,1459,1
1484,1529,1
1545,1415,1
1484,1547,1
1484,1551,1
1484,1566,1
1484,1573,1
1484,1915,1
1484,1990,1
116,1573,1
1485,1509,1
1485,1298,1
1485,1304,1
1485,1317,1
116,1083,1
1485,1434,1
116,1076,1
1485,1498,1
1485,1502,1
1485,1511,1
1485,1232,1
1544,1160,1
1485,1589,1
1485,1599,1
1485,1613,1
116,1070,1
1485,1711,1
1485,1718,1
1485,1719,1
1544,1181,1
1485,1189,1
1544,1663,1
1544,1268,1
1544,1662,1
1485,60,1
1544,1645,1
1485,74,1
1485,301,1
1544,1272,1
1485,392,1
116,1217,1
1544,1266,1
1485,1175,1
1485,521,1
1485,540,1
1485,541,1
1485,618,1
116,1118,1
1485,1064,1
1485,1158,1
116,1093,1
1545,1729,1
1484,729,1
1484,652,1
1483,1199,1
1546,900,1
1546,652,1
1483,920,1
1483,1036,1
1483,1039,1
116,1540,1
116,1527,1
1483,1194,1
1483,1216,1
1483,915,1
116,1524,1
1483,1304,1
116,1515,1
1483,1323,1
1483,1324,1
109,1682,1
1483,1333,1
1483,1334,1
1546,1049,1
1483,653,1
1545,1736,1
1546,1299,1
1546,1695,1
1546,1645,1
1546,1630,1
109,1681,1
1546,1316,1
1483,185,1
1483,201,1
1483,368,1
1483,372,1
116,1541,1
1483,386,1
1546,1265,1
1483,387,1
1483,388,1
116,1555,1
116,1544,1
1546,1075,1
1483,572,1
1483,1335,1
1483,1336,1
1483,1337,1
116,1399,1
1483,1991,1
1546,453,1
1484,98,1
1484,369,1
1484,372,1
116,1407,1
116,1405,1
1546,432,1
109,1688,1
116,1460,1
1484,515,1
1484,540,1
1484,541,1
1484,621,1
116,1370,1
1546,111,1
1546,82,1
1545,1996,1
1483,1990,1
1546,467,1
1483,1989,1
116,1427,1
109,1685,1
1483,1394,1
1483,1501,1
1483,1505,1
1483,1515,1
1483,1522,1
1483,1531,1
116,1437,1
1483,1550,1
1483,1562,1
1483,1568,1
1546,597,1
1483,1571,1
1483,1603,1
1483,1718,1
1483,1754,1
1483,1916,1
115,1563,1
122,1701,1
120,1621,1
1360,1773,1
1360,1723,1
1360,1724,1
1360,1728,1
1360,1732,1
1360,1740,1
1360,1742,1
138,1846,1
138,1833,1
1360,1749,1
1360,1750,1
1360,1753,1
138,1801,1
1360,1516,1
1360,1907,1
1360,1981,1
1360,1995,1
1360,1997,1
1361,22,1
1361,424,1
1361,435,1
1361,441,1
1361,442,1
1361,444,1
1361,446,1
1360,1708,1
1360,1660,1
1360,1622,1
1360,1621,1
1360,1524,1
1360,1525,1
1360,1529,1
1360,1532,1
1360,1533,1
139,107,1
1360,1547,1
138,1949,1
1360,1551,1
1360,1553,1
1360,1555,1
1360,1558,1
138,1861,1
1360,1572,1
1360,1574,1
1360,1575,1
1360,1577,1
1360,1582,1
1360,1589,1
1360,1591,1
1360,1592,1
1360,1597,1
1360,1612,1
138,1777,1
1361,1162,1
1361,1204,1
1361,1565,1
1361,1569,1
1361,1570,1
1361,1581,1
1361,1587,1
138,1717,1
1361,1719,1
1361,1722,1
138,1714,1
1361,1730,1
1361,1732,1
1361,1733,1
1361,1741,1
1361,1743,1
1361,1745,1
138,1707,1
138,1693,1
138,1690,1
138,1689,1
138,1683,1
1361,1751,1
1361,1762,1
1361,1890,1
1361,1896,1
1361,1567,1
1361,1563,1
1361,1205,1
1361,1550,1
1361,1206,1
1361,1234,1
1361,1238,1
1361,1239,1
1361,1252,1
1361,1254,1
1361,1324,1
1361,1474,1
1361,1499,1
1361,1501,1
138,1763,1
1361,1507,1
1361,1510,1
1361,1514,1
1361,1515,1
1361,1522,1
138,1761,1
1361,1535,1
1361,1536,1
1361,1543,1
1361,1544,1
138,1757,1
138,1748,1
1360,1518,1
1360,1515,1
1358,1586,1
1359,1516,1
1359,1251,1
1359,1257,1
139,1072,1
139,983,1
139,925,1
1359,1468,1
1359,1498,1
1359,1500,1
1359,1502,1
1359,1507,1
1359,1508,1
1359,1520,1
1360,1512,1
1359,1521,1
1359,1525,1
1359,1528,1
1359,1529,1
1359,1541,1
1359,1547,1
139,828,1
1359,1550,1
139,716,1
1359,1554,1
1359,1560,1
1359,1144,1
1359,976,1
1359,446,1
1359,438,1
1358,1601,1
1358,1705,1
1358,1709,1
1358,1712,1
1358,1721,1
139,1201,1
1358,1736,1
1358,1740,1
1358,1742,1
1358,1744,1
1358,1746,1
1358,1747,1
139,1104,1
139,1077,1
1358,1797,1
1358,1948,1
1359,25,1
1359,45,1
139,1074,1
1359,89,1
1359,283,1
1359,416,1
1359,434,1
1359,1561,1
1359,1566,1
1359,1567,1
139,128,1
1360,424,1
1360,430,1
1360,432,1
1360,433,1
1360,440,1
1360,446,1
1360,466,1
1360,660,1
1360,1122,1
1360,1256,1
139,111,1
1360,1290,1
1360,1325,1
139,108,1
1360,1498,1
1360,1501,1
1360,1503,1
1360,1504,1
1360,1505,1
1360,1506,1
1360,1508,1
1360,1510,1
1360,1511,1
139,125,1
1359,1981,1
1359,1569,1
139,133,1
1359,1579,1
1359,1581,1
1359,1583,1
139,680,1
1359,1585,1
1359,1595,1
1359,1605,1
1359,1610,1
1359,1615,1
1359,1620,1
1359,1630,1
1359,1717,1
1359,1718,1
1359,1725,1
1359,1738,1
139,376,1
139,314,1
1359,1745,1
1359,1746,1
1359,1747,1
1359,1748,1
139,223,1
139,139,1
138,1636,1
138,1632,1
1361,1996,1
1363,1753,1
1363,1740,1
137,1865,1
1363,1742,1
1363,1744,1
137,1852,1
137,1841,1
137,1833,1
137,1795,1
137,1783,1
137,1782,1
137,1781,1
137,1758,1
1362,164,1
137,1757,1
137,1756,1
1363,1771,1
1363,1841,1
1363,1914,1
137,1750,1
137,1748,1
137,1737,1
1363,1956,1
1363,1961,1
137,1721,1
1363,1738,1
1363,1736,1
1363,1734,1
1363,1733,1
1363,1547,1
1363,1548,1
1363,1550,1
1363,1551,1
1363,1560,1
1363,1561,1
1363,1576,1
1363,1580,1
1363,1584,1
137,1964,1
1363,1590,1
1363,1591,1
1363,1598,1
1363,1606,1
1363,1609,1
1363,1612,1
1363,1621,1
1363,1622,1
137,1891,1
1363,1705,1
1363,1710,1
1363,1713,1
1363,1729,1
1364,88,1
137,1664,1
137,1656,1
1364,1499,1
1364,1502,1
1364,1503,1
1364,1506,1
1364,1509,1
1364,1511,1
1364,1512,1
1364,1514,1
1364,1517,1
1364,1520,1
137,1487,1
1364,1526,1
1364,1529,1
1364,1533,1
1364,1537,1
1364,1542,1
1364,1544,1
1364,1548,1
137,1478,1
1364,1550,1
1364,1553,1
1364,1554,1
1364,1555,1
1364,1558,1
1364,1501,1
1364,1498,1
1364,410,1
137,1488,1
1364,424,1
1364,432,1
1364,433,1
1364,441,1
1364,445,1
1364,446,1
137,1619,1
1364,660,1
137,1600,1
1364,662,1
137,1598,1
137,1582,1
1364,797,1
1364,805,1
1364,810,1
1364,964,1
1364,1144,1
1364,1163,1
1364,1174,1
137,1504,1
1364,1245,1
1364,1247,1
1364,1248,1
1363,1539,1
1363,1535,1
1363,1531,1
1362,1528,1
1362,1546,1
138,1547,1
1362,1548,1
138,1464,1
138,1441,1
1362,1551,1
138,1421,1
1362,1555,1
138,1410,1
1362,1562,1
1362,1564,1
1362,1567,1
1362,1572,1
1362,1575,1
1362,1579,1
1362,1591,1
1362,1596,1
1362,1600,1
138,1407,1
1362,1603,1
1362,1605,1
138,1332,1
1362,1621,1
1362,1539,1
1362,1525,1
1362,1703,1
1362,1521,1
1362,303,1
1362,442,1
1362,446,1
1362,458,1
1362,459,1
138,1607,1
138,1592,1
1362,831,1
1362,1256,1
1362,1322,1
1362,1474,1
1362,1500,1
1362,1501,1
1362,1502,1
1362,1503,1
1362,1506,1
1362,1508,1
1362,1510,1
1362,1512,1
1362,1516,1
1362,1517,1
1362,1519,1
1362,1520,1
138,1331,1
1362,1706,1
1363,1530,1
1363,446,1
1363,459,1
1363,661,1
1363,662,1
1363,1135,1
1363,1175,1
138,314,1
1363,1247,1
1363,1394,1
1363,1499,1
1363,1503,1
1363,1504,1
1363,1505,1
138,133,1
1363,1507,1
1363,1508,1
1363,1509,1
1363,1511,1
1363,1513,1
1363,1515,1
1363,1520,1
1363,1523,1
1363,1524,1
1363,1526,1
1363,458,1
1363,441,1
1362,1710,1
1363,433,1
1362,1722,1
1362,1730,1
1362,1733,1
1362,1739,1
138,1328,1
1362,1744,1
1362,1745,1
138,1327,1
138,1145,1
138,1015,1
138,988,1
1362,1753,1
138,925,1
138,918,1
138,611,1
1362,1921,1
138,590,1
1362,1999,1
1363,87,1
1363,88,1
138,378,1
1363,425,1
1363,430,1
1358,1598,1
1358,1576,1
1352,135,1
1354,1258,1
140,1753,1
1353,1796,1
140,1750,1
140,1697,1
1354,135,1
1354,419,1
1354,439,1
1354,440,1
140,1590,1
1354,1170,1
140,1501,1
1354,1264,1
1353,1551,1
1354,1265,1
1354,1267,1
1354,1361,1
140,1495,1
1354,1456,1
1354,1459,1
1354,1498,1
1354,1499,1
1354,1502,1
1354,1504,1
1354,1505,1
1353,1746,1
1353,1745,1
1353,1740,1
1353,1734,1
1353,1554,1
1353,1557,1
1353,1561,1
1353,1564,1
1353,1567,1
1353,1572,1
1353,1575,1
1353,1581,1
1353,1586,1
1353,1588,1
1353,1591,1
1353,1592,1
140,1758,1
1353,1601,1
1353,1604,1
140,1754,1
1353,1622,1
1353,1710,1
1353,1712,1
1353,1720,1
1353,1722,1
1353,1724,1
1353,1728,1
140,1492,1
1354,1508,1
1354,1509,1
1354,1594,1
1354,1707,1
140,1239,1
1354,1720,1
140,1230,1
1354,1724,1
140,1210,1
1354,1735,1
1354,1747,1
1354,1949,1
140,1208,1
140,1198,1
1354,1983,1
1355,43,1
140,1103,1
1355,435,1
140,1101,1
1355,441,1
1355,443,1
1355,1146,1
1355,1187,1
1355,1254,1
140,1093,1
1355,1259,1
1354,1704,1
1354,1593,1
1354,1517,1
1354,1585,1
1354,1522,1
1354,1524,1
1354,1525,1
1354,1526,1
1354,1527,1
1354,1529,1
140,1490,1
1354,1533,1
1354,1535,1
1354,1541,1
1354,1547,1
140,1477,1
140,1470,1
140,1453,1
1354,1551,1
1354,1552,1
1354,1554,1
1354,1558,1
1354,1559,1
1354,1563,1
1354,1569,1
140,1314,1
1354,1580,1
1353,1552,1
1353,1550,1
1358,1574,1
141,481,1
1352,1501,1
1352,1505,1
1352,1511,1
1352,1512,1
1352,1513,1
1352,1516,1
141,981,1
1352,1530,1
1352,1533,1
1352,1538,1
1352,1540,1
1352,1548,1
1353,1549,1
141,227,1
1352,1550,1
1352,1551,1
1352,1556,1
1352,1558,1
1352,1562,1
1352,1565,1
1352,1571,1
1352,1579,1
1352,1583,1
1352,1587,1
1352,1499,1
1352,1491,1
1352,1272,1
1352,1265,1
1352,436,1
141,1331,1
1352,450,1
1352,507,1
1352,626,1
141,1151,1
141,1150,1
1352,718,1
141,1103,1
141,1101,1
1352,830,1
1352,1130,1
1352,1147,1
1352,1168,1
1352,1169,1
1352,1170,1
141,1079,1
1352,1252,1
1352,1255,1
1352,1258,1
1352,1260,1
1352,1263,1
1352,1264,1
1352,1592,1
1352,1597,1
1352,1606,1
1353,1170,1
1353,1267,1
1353,1335,1
1353,1406,1
140,1834,1
1353,1499,1
1353,1500,1
140,1832,1
1353,1504,1
1353,1507,1
1353,1508,1
140,1804,1
1353,1510,1
1353,1511,1
1353,1513,1
1353,1515,1
1353,1520,1
1353,1521,1
140,1784,1
1353,1528,1
1353,1531,1
1353,1533,1
1353,1547,1
140,1766,1
1353,1255,1
1353,1033,1
1352,1613,1
1353,732,1
1352,1623,1
1352,1708,1
1352,1709,1
1352,1710,1
1352,1727,1
1352,1731,1
1352,1739,1
1352,1748,1
1352,1798,1
1352,1937,1
1352,1940,1
141,133,1
141,103,1
140,1963,1
140,1914,1
140,1901,1
140,1881,1
1353,135,1
1353,427,1
1353,436,1
1353,437,1
140,1844,1
1353,446,1
1355,1260,1
1355,1261,1
1355,1264,1
1357,1547,1
1357,1518,1
1357,1522,1
1357,1523,1
1357,1530,1
1357,1531,1
1357,1534,1
1357,1535,1
1357,1537,1
1357,1539,1
1357,1543,1
1357,1544,1
1357,1549,1
1355,1265,1
1357,1552,1
1357,1557,1
1357,1560,1
1357,1562,1
1357,1563,1
1357,1568,1
139,1538,1
1357,1570,1
1357,1575,1
1357,1579,1
1357,1581,1
1357,1510,1
1357,1508,1
1357,1507,1
139,1602,1
1356,1730,1
1356,1737,1
1356,1741,1
139,1724,1
1356,1744,1
1356,1752,1
1356,1912,1
139,1715,1
1356,1996,1
1357,250,1
1357,436,1
139,1693,1
1357,440,1
1357,976,1
1357,1006,1
1357,1134,1
1357,1256,1
139,1692,1
139,1672,1
139,1640,1
139,1623,1
1357,1501,1
1357,1503,1
139,1521,1
1357,1590,1
139,1509,1
1358,1156,1
1358,1500,1
1358,1503,1
1358,1504,1
1358,1506,1
1358,1508,1
1358,1510,1
1358,1512,1
1358,1514,1
1358,1517,1
1358,1527,1
1358,1528,1
1358,1536,1
1358,1539,1
1358,1546,1
1358,1547,1
1358,1548,1
139,1330,1
139,1329,1
1358,1551,1
1358,1552,1
1358,1557,1
1358,1564,1
1358,1573,1
139,1331,1
139,1400,1
1357,1601,1
1358,750,1
1357,1613,1
1357,1674,1
1357,1704,1
139,1482,1
1357,1734,1
1357,1736,1
1357,1737,1
1357,1739,1
139,1446,1
1357,1743,1
1357,1745,1
1357,1748,1
1357,1749,1
139,1408,1
1357,1789,1
1357,1977,1
1357,1983,1
1358,367,1
1358,428,1
1358,437,1
1358,466,1
1358,658,1
139,1407,1
1356,1729,1
1356,1712,1
1356,1596,1
1355,1530,1
1355,1538,1
1355,1543,1
1355,1546,1
1355,1547,1
1355,1548,1
140,769,1
1355,1551,1
1355,1552,1
1355,1553,1
1355,1555,1
1355,1561,1
1355,1565,1
1355,1567,1
140,759,1
1355,1575,1
140,488,1
1355,1585,1
140,307,1
1355,1590,1
1355,1593,1
1355,1601,1
1355,1604,1
1355,1606,1
1355,1535,1
1355,1526,1
1355,1610,1
1355,1520,1
1355,1267,1
1355,1268,1
1355,1270,1
1355,1272,1
1355,1278,1
1355,1313,1
1355,1353,1
1355,1381,1
1355,1423,1
1355,1498,1
1355,1500,1
1355,1501,1
1355,1502,1
1355,1503,1
1355,1505,1
1355,1506,1
1355,1510,1
1355,1511,1
1355,1513,1
1355,1514,1
1355,1516,1
140,1054,1
1355,1519,1
1355,1607,1
1355,1713,1
139,1725,1
139,1821,1
1356,1509,1
139,1788,1
1356,1516,1
139,1770,1
1356,1520,1
1356,1526,1
1356,1528,1
1356,1533,1
1356,1540,1
1356,1547,1
1356,1548,1
139,1746,1
1356,1551,1
1356,1554,1
1356,1557,1
1356,1559,1
1356,1571,1
1356,1574,1
1356,1576,1
1356,1579,1
1356,1581,1
1356,1583,1
1356,1586,1
139,1805,1
1356,1500,1
1355,1728,1
1356,1499,1
1355,1731,1
1355,1785,1
1355,1935,1
1355,1949,1
1356,26,1
1356,416,1
140,169,1
1356,431,1
1356,432,1
140,109,1
1356,442,1
1356,446,1
139,1969,1
1356,660,1
139,1937,1
139,1892,1
1356,1255,1
1356,1256,1
1356,1353,1
139,1847,1
139,1840,1
139,1831,1
1356,1459,1
1364,1559,1
1364,1569,1
1364,1571,1
1371,1464,1
1371,1126,1
1371,1157,1
1371,1158,1
1371,1164,1
133,1712,1
133,1709,1
133,1703,1
133,1698,1
1371,1330,1
1371,1390,1
133,1695,1
1371,1498,1
134,402,1
1371,1505,1
1371,1507,1
1371,1510,1
1371,1511,1
1371,1513,1
1371,1514,1
1371,1516,1
1371,1524,1
1371,1527,1
1371,1541,1
1371,1545,1
133,1722,1
133,1724,1
1371,792,1
1371,790,1
134,272,1
133,1984,1
1370,1901,1
1370,1902,1
1370,1904,1
1370,1905,1
133,1948,1
1370,1913,1
1370,1942,1
133,1879,1
1371,212,1
1371,393,1
133,1852,1
1371,436,1
1371,485,1
1371,630,1
133,1811,1
133,1746,1
133,1742,1
133,1738,1
133,1733,1
133,1726,1
1371,787,1
133,1682,1
133,1681,1
1371,1550,1
133,1648,1
1371,1752,1
133,1559,1
133,1552,1
1371,1797,1
1371,1899,1
1371,1901,1
133,1541,1
133,1521,1
1371,1913,1
133,1493,1
133,1469,1
1372,425,1
1372,427,1
133,1462,1
1372,434,1
133,1390,1
1372,667,1
133,1345,1
1372,783,1
1372,792,1
1372,812,1
1372,829,1
1372,964,1
1371,1743,1
133,1650,1
133,1678,1
133,1662,1
1371,1552,1
1371,1554,1
1371,1558,1
1371,1563,1
1371,1570,1
1371,1580,1
133,1673,1
1371,1590,1
1371,1591,1
1371,1595,1
1371,1600,1
1371,1601,1
1371,1699,1
1371,1706,1
1371,1713,1
1371,1722,1
1371,1731,1
1371,1732,1
133,1666,1
1371,1735,1
1371,1736,1
133,1664,1
1371,1738,1
134,290,1
1370,1753,1
1364,1572,1
1370,43,1
134,1586,1
1369,1741,1
134,1568,1
1369,1744,1
1369,1745,1
1369,1746,1
1369,1749,1
1369,1750,1
134,1554,1
1369,1910,1
134,1524,1
1370,150,1
1370,1751,1
1370,182,1
1370,329,1
1370,427,1
134,1505,1
134,1499,1
1370,788,1
134,1498,1
1370,795,1
134,1497,1
1370,1249,1
134,1469,1
1369,1738,1
1369,1735,1
134,1686,1
1369,1733,1
1369,1559,1
1369,1561,1
1369,1562,1
1369,1567,1
1369,1568,1
1369,1572,1
1369,1574,1
1369,1576,1
1369,1579,1
1369,1580,1
1369,1583,1
1369,1585,1
1369,1591,1
1369,1596,1
1369,1598,1
1369,1704,1
1369,1709,1
134,1697,1
1369,1715,1
1369,1722,1
1369,1723,1
1369,1726,1
1369,1727,1
134,1444,1
134,1435,1
1370,1503,1
1370,1570,1
1370,1574,1
1370,1576,1
1370,1581,1
1370,1588,1
1370,1604,1
1370,1607,1
1370,1659,1
1370,1670,1
1370,1689,1
134,1168,1
1370,1705,1
1370,1712,1
1370,1713,1
1370,1727,1
134,1107,1
134,1096,1
1370,1737,1
134,496,1
134,489,1
1370,1741,1
1370,1744,1
1370,1747,1
1370,1749,1
1370,1572,1
1370,1565,1
1370,1506,1
1370,1562,1
1370,1509,1
1370,1510,1
1370,1511,1
1370,1515,1
1370,1516,1
1370,1517,1
1370,1518,1
1370,1520,1
1370,1522,1
134,1407,1
1370,1525,1
1370,1529,1
1370,1534,1
1370,1537,1
1370,1541,1
1370,1547,1
134,1378,1
1370,1549,1
1370,1550,1
1370,1551,1
1370,1553,1
1370,1554,1
134,1242,1
1372,1057,1
133,1326,1
133,1168,1
132,1718,1
1373,1715,1
1373,1719,1
1373,1722,1
1373,1725,1
1373,1727,1
1373,1730,1
1373,1733,1
132,1744,1
132,1741,1
1373,1736,1
132,1736,1
132,1714,1
1372,1093,1
1373,1743,1
1373,1744,1
1373,1747,1
1373,1748,1
1373,1785,1
1373,1902,1
1373,1903,1
1373,1904,1
1373,1905,1
1373,1907,1
1373,1911,1
1373,1714,1
1373,1706,1
132,1748,1
1373,1692,1
1373,1548,1
132,1761,1
1373,1550,1
1373,1556,1
1373,1559,1
1373,1563,1
1373,1564,1
132,1759,1
132,1758,1
1373,1571,1
1373,1584,1
1373,1587,1
1373,1589,1
1373,1594,1
1373,1599,1
1373,1601,1
1373,1602,1
1373,1605,1
1373,1608,1
1373,1610,1
132,1750,1
1373,1622,1
1373,1690,1
132,1707,1
1373,1916,1
1373,1978,1
132,1692,1
132,1626,1
1374,1237,1
1374,1462,1
1374,1471,1
1374,1504,1
1374,1507,1
1374,1509,1
1374,1510,1
1374,1512,1
1374,1515,1
1374,1516,1
1374,1517,1
1374,1521,1
1374,1523,1
1374,1524,1
1374,1526,1
1374,1531,1
132,1597,1
1374,1536,1
1374,1540,1
132,1596,1
1374,1548,1
1374,1549,1
132,1670,1
1374,1170,1
1373,1979,1
1374,1130,1
1373,1981,1
1373,1987,1
1374,4,1
1374,7,1
1374,330,1
1374,392,1
1374,417,1
1374,422,1
1374,428,1
1374,456,1
1374,509,1
1374,751,1
1374,781,1
132,1701,1
132,1697,1
1374,798,1
1374,804,1
132,1696,1
1374,814,1
1374,815,1
1374,1004,1
1374,1072,1
1374,1129,1
1373,1547,1
1373,1543,1
1373,1539,1
1372,1549,1
1372,1551,1
1372,1556,1
133,890,1
1372,1565,1
1372,1566,1
1372,1568,1
1372,1575,1
1372,1577,1
1372,1578,1
1372,1583,1
1372,1590,1
1372,1598,1
1372,1602,1
1372,1606,1
1372,1626,1
133,842,1
1372,1703,1
1372,1706,1
1372,1709,1
1372,1713,1
1372,1714,1
1372,1725,1
1372,1728,1
133,893,1
1372,1537,1
1372,1731,1
1372,1535,1
1372,1169,1
1372,1170,1
1372,1256,1
1372,1389,1
133,1147,1
1372,1463,1
1372,1465,1
1372,1470,1
1372,1489,1
1372,1498,1
1372,1499,1
1372,1501,1
1372,1502,1
1372,1504,1
1372,1505,1
1372,1507,1
1372,1508,1
1372,1516,1
1372,1519,1
1372,1521,1
1372,1523,1
1372,1525,1
1372,1533,1
1372,1730,1
133,465,1
1373,1534,1
1373,640,1
132,1877,1
1373,791,1
132,1859,1
132,1834,1
1373,818,1
1373,820,1
1373,829,1
1373,1150,1
1373,1218,1
1373,1253,1
132,1831,1
132,1787,1
132,1778,1
132,1772,1
1373,1507,1
1373,1509,1
1373,1511,1
1373,1513,1
1373,1518,1
1373,1526,1
1373,1527,1
1373,1531,1
1373,1533,1
1373,670,1
1373,474,1
133,144,1
1373,425,1
133,143,1
1372,1735,1
1372,1736,1
133,142,1
1372,1738,1
133,111,1
1372,1741,1
1372,1742,1
1372,1745,1
1372,1749,1
1372,1750,1
1372,1753,1
1372,1837,1
1372,1901,1
1372,1911,1
1372,1912,1
1372,1913,1
1372,1914,1
1372,1926,1
132,1888,1
132,1887,1
1372,1985,1
1373,330,1
134,1709,1
1369,1550,1
134,1710,1
136,165,1
1366,441,1
1366,442,1
1366,443,1
1366,445,1
136,876,1
1366,544,1
136,613,1
1366,660,1
1366,661,1
136,204,1
1366,663,1
1366,795,1
135,1797,1
1366,805,1
136,164,1
136,144,1
136,104,1
1366,918,1
1366,1232,1
136,6,1
135,1984,1
1366,1382,1
1366,1393,1
135,1948,1
1366,439,1
1366,436,1
1366,431,1
1366,423,1
1365,1736,1
1365,1739,1
1365,1740,1
136,1524,1
1365,1743,1
1365,1744,1
1365,1745,1
136,1516,1
136,1511,1
136,1508,1
136,1503,1
136,1472,1
1365,1766,1
136,1439,1
136,1429,1
136,1419,1
1365,1935,1
136,1393,1
1365,1938,1
136,1225,1
1366,367,1
1366,388,1
136,1079,1
1366,1441,1
1366,1461,1
1366,1498,1
135,1879,1
1366,1600,1
1366,1602,1
1366,1618,1
1366,1703,1
1366,1705,1
1366,1711,1
1366,1718,1
1366,1719,1
1366,1722,1
1366,1723,1
1366,1724,1
1366,1727,1
1366,1728,1
135,1852,1
135,1831,1
1366,1735,1
1366,1737,1
1366,1738,1
135,1830,1
1366,1741,1
135,1822,1
1366,1744,1
1366,1746,1
1366,1598,1
1366,1583,1
1366,1501,1
1366,1581,1
1366,1503,1
1366,1504,1
1366,1506,1
1366,1507,1
1366,1508,1
1366,1510,1
135,1939,1
1366,1516,1
1366,1518,1
1366,1520,1
1366,1529,1
1366,1531,1
1366,1535,1
1366,1542,1
135,1889,1
1366,1549,1
1366,1550,1
1366,1555,1
1366,1558,1
1366,1559,1
1366,1566,1
1366,1575,1
1366,1577,1
136,1528,1
1365,1734,1
1365,1732,1
1364,1816,1
1364,1914,1
136,1896,1
1364,1922,1
136,1843,1
1364,1988,1
1365,182,1
136,1834,1
136,1771,1
1365,389,1
1365,431,1
1365,432,1
136,1765,1
1365,440,1
1365,444,1
136,1752,1
136,1746,1
1365,661,1
1365,662,1
136,1742,1
136,1740,1
136,1716,1
136,1715,1
1365,801,1
1364,1835,1
136,1898,1
1365,803,1
1364,1768,1
1364,1578,1
1364,1581,1
1364,1596,1
1364,1601,1
1364,1605,1
137,1440,1
137,1407,1
1364,1703,1
1364,1712,1
1364,1716,1
137,1330,1
1364,1726,1
137,1200,1
137,1146,1
1364,1737,1
1364,1739,1
1364,1743,1
137,573,1
137,133,1
137,107,1
137,87,1
1364,1766,1
1364,1767,1
1365,802,1
136,1706,1
1365,1722,1
1365,1548,1
1365,1550,1
1365,1551,1
1365,1557,1
1365,1559,1
136,1597,1
1365,1562,1
1365,1566,1
1365,1569,1
1365,1573,1
1365,1575,1
1365,1578,1
1365,1583,1
1365,1587,1
1365,1590,1
1365,1592,1
1365,1593,1
1365,1605,1
1365,1621,1
1365,1631,1
1365,1709,1
1365,1711,1
1365,1718,1
1365,1719,1
136,1602,1
1365,1545,1
1365,859,1
1365,1540,1
1365,917,1
136,1689,1
136,1683,1
1365,1123,1
1365,1124,1
1365,1136,1
136,1677,1
1365,1179,1
1365,1274,1
136,1613,1
1365,1446,1
1365,1459,1
1365,1499,1
1365,1500,1
1365,1506,1
1365,1507,1
1365,1509,1
1365,1516,1
1365,1519,1
1365,1521,1
1365,1522,1
1365,1528,1
1365,1529,1
1366,1747,1
1366,1750,1
134,1711,1
1368,1602,1
1368,1549,1
1368,1552,1
1368,1553,1
1368,1556,1
1368,1559,1
1368,1565,1
1368,1569,1
1368,1570,1
1368,1577,1
1368,1579,1
1368,1588,1
134,1891,1
1366,1762,1
134,1872,1
1368,1612,1
134,1869,1
134,1863,1
134,1845,1
1368,1703,1
1368,1705,1
1368,1713,1
1368,1726,1
1368,1733,1
1368,1734,1
1368,1545,1
1368,1539,1
1368,1537,1
1368,1534,1
1368,1122,1
1368,1123,1
1368,1125,1
1368,1151,1
134,1946,1
1368,1240,1
1368,1241,1
1368,1243,1
1368,1253,1
1368,1273,1
1368,1312,1
1368,1502,1
1368,1503,1
1368,1505,1
1368,1509,1
1368,1511,1
1368,1513,1
1368,1515,1
1368,1517,1
1368,1518,1
1368,1521,1
1368,1526,1
1368,1528,1
134,1833,1
1368,1740,1
134,1831,1
1369,791,1
134,1715,1
1369,819,1
1369,822,1
134,1714,1
1369,1234,1
1369,1257,1
1369,1340,1
1369,1499,1
1369,1503,1
1369,1510,1
1369,1512,1
1369,1514,1
1369,1516,1
1369,1518,1
1369,1519,1
1369,1524,1
1369,1526,1
1369,1529,1
1369,1532,1
1369,1542,1
1369,1544,1
1369,1546,1
1369,1547,1
134,1720,1
1369,781,1
134,1821,1
1369,666,1
1368,1746,1
1368,1749,1
134,1804,1
134,1766,1
134,1762,1
1368,1775,1
1368,1913,1
1368,1915,1
1368,1940,1
1369,43,1
1369,80,1
1369,163,1
134,1755,1
1369,375,1
134,1746,1
1369,428,1
1369,429,1
1369,430,1
134,1738,1
134,1737,1
1369,434,1
134,1727,1
1369,664,1
1368,1057,1
134,1948,1
1368,666,1
1367,1126,1
1367,1244,1
1367,1257,1
135,1648,1
1367,1498,1
1367,1508,1
1367,1509,1
1367,1510,1
1367,1511,1
1367,1514,1
1367,1517,1
1367,1522,1
1367,1523,1
135,1618,1
1367,1536,1
1367,1546,1
135,1590,1
1367,1549,1
1367,1551,1
135,1572,1
1367,1559,1
1367,1560,1
1367,1561,1
1367,1564,1
1367,1219,1
135,1670,1
1367,1575,1
135,1683,1
1366,1766,1
135,1782,1
135,1758,1
1366,1815,1
135,1752,1
1367,374,1
1367,422,1
135,1747,1
1367,430,1
1367,431,1
1367,433,1
135,1743,1
1367,440,1
1367,442,1
1367,481,1
135,1738,1
135,1710,1
1367,663,1
135,1699,1
135,1686,1
1367,804,1
1367,810,1
1367,823,1
135,1561,1
1367,1579,1
1368,663,1
135,1245,1
135,464,1
1367,1787,1
1367,1789,1
1367,1819,1
1367,1907,1
1367,1916,1
135,461,1
135,338,1
1368,374,1
1368,427,1
1368,428,1
1368,429,1
1368,431,1
1368,433,1
1368,434,1
1368,435,1
1368,437,1
1368,512,1
135,37,1
1368,657,1
134,1984,1
1368,661,1
1368,662,1
135,487,1
1367,1752,1
1367,1581,1
1367,1750,1
1367,1583,1
1367,1586,1
1367,1594,1
1367,1612,1
1367,1622,1
1367,1689,1
135,1507,1
1367,1700,1
135,1501,1
135,1496,1
1367,1732,1
135,1494,1
135,1469,1
1367,1736,1
1367,1737,1
135,1465,1
135,1432,1
135,1406,1
1367,1742,1
1367,1743,1
1367,1744,1
135,1311,1
1367,1747,1
1352,413,1
1351,1964,1
1374,1557,1
1331,1549,1
1331,1208,1
1331,1210,1
1331,1222,1
1331,1293,1
1331,1412,1
1331,1444,1
146,1420,1
1331,1543,1
1331,1545,1
1331,1546,1
146,1406,1
1331,1550,1
1330,1536,1
146,793,1
1331,1555,1
146,781,1
146,580,1
1331,1577,1
1331,1583,1
1331,1586,1
1331,1589,1
146,437,1
1331,1597,1
1331,1602,1
146,1468,1
1331,1079,1
146,1473,1
146,1476,1
1330,1545,1
1330,1548,1
1330,1552,1
1330,1561,1
1330,1568,1
1330,1573,1
1330,1578,1
1330,1590,1
1330,1594,1
1330,1613,1
1330,1665,1
1330,1677,1
1330,1687,1
1330,1783,1
1330,1837,1
146,1566,1
1330,1850,1
1330,1915,1
1330,1934,1
1330,1936,1
1330,1998,1
1331,115,1
146,1493,1
1331,1664,1
1331,1665,1
1331,1666,1
1332,1537,1
1332,1541,1
1332,1543,1
1332,1544,1
1332,1545,1
1332,1546,1
1332,1547,1
145,1853,1
145,1794,1
145,1785,1
145,1781,1
1332,1552,1
1332,1555,1
145,1749,1
1332,1557,1
1332,1558,1
1332,1561,1
1332,1562,1
1332,1573,1
1332,1576,1
1332,1580,1
1332,1584,1
1332,1585,1
1332,1593,1
1332,1540,1
1332,1534,1
1331,1783,1
145,1859,1
1331,1801,1
146,429,1
1331,1833,1
1331,1915,1
1332,11,1
1332,329,1
1332,341,1
1332,570,1
1332,765,1
1332,786,1
1332,1111,1
1332,1353,1
146,132,1
1332,1500,1
1332,1503,1
1332,1505,1
1332,1506,1
1332,1509,1
1332,1511,1
146,41,1
1332,1522,1
1332,1524,1
145,1953,1
146,1668,1
1330,1231,1
1324,138,1
146,1936,1
1325,1998,1
1326,134,1
1326,254,1
1326,426,1
1326,446,1
1326,462,1
1326,636,1
147,128,1
1326,895,1
146,1955,1
1326,1387,1
146,1925,1
1330,1136,1
1326,1754,1
1326,1755,1
1326,1780,1
1326,1978,1
1327,139,1
1327,254,1
146,1894,1
1327,643,1
146,1883,1
146,1853,1
146,1839,1
1325,1919,1
1325,1910,1
1325,1909,1
1325,1604,1
1324,442,1
1324,591,1
1324,637,1
1324,645,1
1324,732,1
1324,1044,1
1324,1089,1
1324,1124,1
1324,1174,1
1324,1473,1
1324,1631,1
1324,1670,1
1324,1702,1
1324,1837,1
1324,1943,1
1324,1978,1
1325,236,1
1325,249,1
1325,454,1
1325,461,1
1325,903,1
1325,1174,1
1325,1222,1
1327,1107,1
146,1787,1
1327,1133,1
1329,575,1
146,1741,1
1329,775,1
1329,776,1
1329,794,1
1329,994,1
1329,1176,1
146,1736,1
1329,1555,1
1329,1556,1
1329,1613,1
1329,1761,1
1329,1762,1
1329,1763,1
1329,1775,1
1329,1789,1
1329,1868,1
146,1716,1
146,1699,1
1329,1975,1
1330,11,1
1330,296,1
1330,484,1
146,1673,1
1329,577,1
1329,514,1
1327,1166,1
1329,369,1
1327,1169,1
1327,1668,1
1327,1669,1
1327,1746,1
1327,1747,1
1327,1768,1
1327,1801,1
1327,1977,1
1327,1992,1
1328,254,1
146,1781,1
1328,426,1
1328,454,1
1328,465,1
1328,476,1
1328,512,1
1328,643,1
1328,998,1
1328,1660,1
1328,1662,1
1328,1775,1
1328,1785,1
1328,1992,1
1332,1595,1
1332,1603,1
145,1725,1
1335,1544,1
144,1854,1
1335,1502,1
1335,1504,1
1335,1505,1
1335,1507,1
1335,1508,1
1335,1510,1
1335,1512,1
1335,1524,1
144,1852,1
1335,1543,1
1335,1546,1
145,1719,1
1335,1548,1
1335,1549,1
1335,1550,1
144,1830,1
1335,1552,1
1335,1558,1
1335,1563,1
1335,1567,1
144,1829,1
1335,1585,1
144,1799,1
144,1874,1
1335,1498,1
1335,1465,1
144,1876,1
1334,1554,1
1334,1556,1
1334,1579,1
1334,1588,1
1334,1594,1
1334,1596,1
1334,1612,1
145,204,1
1334,1656,1
1334,1829,1
1334,1832,1
1334,1838,1
1334,1975,1
1334,1983,1
1334,1987,1
1334,1994,1
1335,77,1
144,1999,1
1335,754,1
144,1893,1
1335,1128,1
1335,1346,1
1335,1347,1
1335,1595,1
1335,1611,1
1335,1612,1
144,1773,1
1336,1502,1
1336,1503,1
1336,1504,1
1336,1508,1
1336,1511,1
1336,1516,1
1336,1517,1
1336,1518,1
1336,1520,1
1336,1522,1
1336,1530,1
1336,1532,1
1336,1536,1
1336,1541,1
1336,1543,1
1336,1545,1
1336,1546,1
144,1770,1
144,1765,1
1336,1550,1
144,1763,1
1336,1554,1
1336,1555,1
1336,1501,1
144,1779,1
1335,1613,1
144,1789,1
1335,1655,1
1335,1720,1
1335,1736,1
1335,1800,1
1335,1837,1
1335,1840,1
1335,1850,1
1335,1865,1
1335,1979,1
1335,1993,1
144,1794,1
1336,111,1
1336,152,1
1336,337,1
1336,338,1
1336,477,1
144,1791,1
1336,570,1
1336,670,1
1336,907,1
1336,1149,1
1336,1274,1
1336,1401,1
1334,1552,1
1334,1551,1
1334,1550,1
1333,1502,1
1333,1504,1
1333,1505,1
1333,1508,1
1333,1511,1
1333,1513,1
1333,1516,1
1333,1521,1
1333,1523,1
1333,1532,1
1333,1533,1
1333,1538,1
1333,1539,1
145,1489,1
145,1468,1
1333,1550,1
145,1435,1
1333,1552,1
1333,1557,1
1333,1559,1
1333,1565,1
1333,1568,1
1333,1570,1
145,1343,1
1333,1503,1
145,1546,1
1333,1591,1
1333,1498,1
145,1713,1
1332,1658,1
1332,1787,1
1332,1829,1
1332,1832,1
145,1657,1
145,1615,1
1332,1975,1
1332,1979,1
1332,1983,1
1332,1994,1
1333,94,1
1333,335,1
1333,489,1
1333,490,1
1333,526,1
1333,661,1
1333,901,1
1333,1128,1
1333,1201,1
1333,1234,1
1333,1348,1
1333,1446,1
145,1340,1
145,1337,1
1334,1549,1
1334,735,1
1334,777,1
1334,1000,1
1334,1127,1
1334,1221,1
1334,1348,1
1334,1441,1
1334,1446,1
1334,1498,1
145,601,1
145,493,1
1334,1502,1
1334,1504,1
1334,1507,1
1334,1509,1
1334,1512,1
1334,1514,1
1334,1519,1
1334,1526,1
1334,1529,1
1334,1537,1
1334,1544,1
1334,1546,1
145,435,1
1334,738,1
145,607,1
1333,1609,1
145,813,1
1333,1612,1
145,1333,1
1333,1776,1
1333,1788,1
1333,1827,1
1333,1828,1
1333,1829,1
1333,1830,1
145,1331,1
145,1252,1
1333,1833,1
1333,1837,1
1333,1915,1
145,1240,1
1333,1957,1
1333,1961,1
1334,7,1
1334,458,1
1334,490,1
1334,504,1
145,1161,1
145,1093,1
145,815,1
1324,360,1
1323,1975,1
1351,1960,1
1308,1181,1
1308,721,1
148,1407,1
148,1339,1
148,1148,1
1308,877,1
1308,1083,1
1308,1084,1
1308,1085,1
1308,1101,1
1308,1130,1
1308,1131,1
1308,1183,1
1307,896,1
1308,1184,1
1308,1190,1
1308,1200,1
1308,1201,1
148,1146,1
1308,1259,1
1308,1263,1
148,1093,1
1308,1593,1
1308,1637,1
1308,1667,1
1308,720,1
1308,694,1
1308,692,1
148,1442,1
1307,1083,1
1307,1084,1
1307,1098,1
1307,1099,1
1307,1123,1
1307,1132,1
1307,1151,1
148,1538,1
1307,1182,1
1307,1183,1
1307,1221,1
1307,1258,1
1307,1319,1
1307,1490,1
148,1486,1
1307,1773,1
1307,1987,1
1307,1999,1
1308,9,1
1308,69,1
1308,572,1
1308,613,1
1308,626,1
1308,1757,1
1308,1761,1
1308,1835,1
1309,1972,1
1310,461,1
1310,571,1
1310,622,1
148,955,1
1310,740,1
1310,799,1
148,914,1
1310,1278,1
1310,1316,1
1310,1591,1
1310,1674,1
1310,1801,1
148,472,1
1311,268,1
148,434,1
1311,438,1
1311,596,1
1311,897,1
1311,1079,1
1311,1183,1
1311,1258,1
1311,1261,1
1311,1305,1
1309,1987,1
1309,1911,1
1308,1951,1
1309,1910,1
148,1066,1
1308,1976,1
1308,1987,1
1308,1994,1
1308,1995,1
1309,94,1
1309,438,1
148,1063,1
1309,572,1
1309,600,1
1309,613,1
1309,694,1
1309,874,1
1309,897,1
1309,1085,1
1309,1122,1
1309,1123,1
1309,1424,1
1309,1541,1
1309,1555,1
1309,1795,1
1309,1799,1
148,998,1
1307,1044,1
1307,875,1
147,541,1
1304,589,1
1303,1839,1
148,1838,1
148,1829,1
1303,1928,1
148,1820,1
1303,1996,1
148,1819,1
1304,339,1
148,1806,1
148,1804,1
1304,567,1
1304,692,1
1307,692,1
1304,693,1
1304,694,1
1304,695,1
1304,696,1
148,1757,1
1304,773,1
1304,778,1
1304,889,1
1304,934,1
1304,1084,1
1304,1221,1
1303,1826,1
1303,1794,1
1303,1785,1
1303,1747,1
1302,697,1
1302,778,1
1302,1117,1
1302,1118,1
148,1855,1
1302,1232,1
148,1848,1
1302,1750,1
1302,1782,1
1302,1794,1
1302,1798,1
1302,1974,1
1302,1995,1
1303,95,1
1303,567,1
1303,772,1
1303,778,1
1303,1291,1
1303,1508,1
1303,1626,1
1303,1709,1
1303,1710,1
1303,1712,1
1304,1291,1
1304,1318,1
1304,1321,1
1306,375,1
1306,581,1
1306,621,1
1306,694,1
1306,1041,1
1306,1181,1
1306,1296,1
1306,1414,1
1306,1436,1
1306,1599,1
1306,1687,1
1306,1760,1
1306,1784,1
1306,1805,1
1306,1806,1
1306,1987,1
1306,1999,1
1307,31,1
1307,162,1
148,1549,1
1307,373,1
1307,374,1
1307,435,1
148,1547,1
1306,444,1
1305,1995,1
1304,1414,1
1305,1974,1
1304,1419,1
1304,1624,1
1304,1759,1
148,1755,1
1304,1996,1
1305,145,1
1305,373,1
1305,536,1
1305,1083,1
1305,1084,1
1305,1104,1
1305,1130,1
148,1648,1
148,1590,1
1305,1182,1
1305,1493,1
1305,1595,1
1305,1599,1
1305,1786,1
1305,1805,1
1305,1809,1
1305,1845,1
1305,1959,1
1311,1316,1
1311,1747,1
148,163,1
1320,431,1
147,1465,1
1319,1688,1
1319,1764,1
147,1463,1
1319,1855,1
1319,1858,1
1319,1974,1
1319,1976,1
1320,103,1
1320,105,1
1320,411,1
1320,1147,1
1311,1983,1
1320,1195,1
1320,1453,1
1320,1498,1
147,1407,1
147,1341,1
1320,1860,1
1321,130,1
1321,400,1
1321,431,1
1321,474,1
1321,531,1
147,1481,1
1319,1198,1
1319,1197,1
1319,1196,1
1317,1953,1
1318,18,1
1318,453,1
1318,643,1
1318,772,1
1318,773,1
1318,973,1
1318,976,1
147,1641,1
1318,1145,1
1318,1191,1
1318,1206,1
1318,1633,1
1318,1661,1
147,1581,1
1318,1857,1
1318,1905,1
1318,1925,1
147,1560,1
1319,406,1
1319,1058,1
1319,1167,1
1319,1195,1
147,1337,1
1321,602,1
1321,631,1
147,1254,1
1322,1765,1
1322,1786,1
1322,1791,1
1322,1800,1
1322,1863,1
1323,339,1
1323,360,1
1323,432,1
1323,437,1
147,1068,1
1323,994,1
1323,1027,1
1323,1043,1
1323,1067,1
1323,1172,1
1323,1219,1
1323,1382,1
147,918,1
1323,1656,1
147,914,1
1323,1784,1
1323,1797,1
147,642,1
1322,1640,1
1322,1359,1
147,1333,1
1322,1358,1
1321,872,1
1321,1060,1
1321,1121,1
1321,1146,1
1321,1168,1
1321,1169,1
1321,1612,1
1321,1657,1
1321,1855,1
1321,1986,1
1321,1992,1
1322,85,1
1322,360,1
1322,374,1
1322,870,1
1322,1059,1
1322,1062,1
1322,1067,1
1322,1124,1
1322,1147,1
1322,1150,1
1322,1165,1
1322,1166,1
1317,1946,1
147,1666,1
147,1681,1
1313,1747,1
1313,1803,1
1313,1828,1
1313,1974,1
1313,1995,1
1314,295,1
1314,541,1
147,1966,1
1314,1185,1
1314,1265,1
1314,1266,1
1314,1307,1
1314,1316,1
1314,1625,1
1314,1642,1
1314,1647,1
1314,1685,1
1314,1737,1
1314,1747,1
1314,1758,1
1314,1759,1
1314,1904,1
1314,1939,1
1314,1994,1
1313,1788,1
1313,1646,1
1315,371,1
1313,1536,1
1312,437,1
1312,439,1
148,140,1
1312,617,1
1312,667,1
148,98,1
1312,1581,1
1312,1584,1
1312,1602,1
1312,1665,1
1312,1704,1
1312,1747,1
1312,1964,1
1313,429,1
148,92,1
1313,514,1
147,1985,1
1313,913,1
1313,1090,1
1313,1140,1
1313,1174,1
1313,1289,1
1313,1296,1
1315,119,1
1315,517,1
1317,1754,1
147,1787,1
1316,1100,1
1316,1151,1
147,1777,1
147,1733,1
1316,1782,1
1316,1784,1
147,1728,1
147,1714,1
147,1694,1
1317,189,1
1317,469,1
1317,528,1
1317,651,1
1317,983,1
1317,1129,1
1317,1174,1
1317,1188,1
1317,1259,1
1317,1264,1
1317,1337,1
147,1689,1
1317,1580,1
1317,1746,1
1316,1071,1
1316,889,1
147,1892,1
147,1808,1
147,1888,1
1315,653,1
1315,654,1
147,1872,1
1315,898,1
1315,1071,1
147,1865,1
147,1844,1
147,1841,1
1315,1265,1
1315,1295,1
1315,1612,1
1315,1623,1
1315,1673,1
1315,1687,1
1315,1858,1
147,1838,1
147,1835,1
147,1834,1
1316,518,1
1316,583,1
1316,651,1
147,1828,1
1336,1557,1
1336,1558,1
1336,1561,1
1347,1586,1
1347,1552,1
1347,1554,1
1347,1558,1
1347,1561,1
1347,1563,1
1347,1565,1
1347,1569,1
142,1251,1
1347,1573,1
142,1093,1
1347,1579,1
1347,1591,1
142,1407,1
1347,1596,1
1347,1599,1
1347,1601,1
1347,1603,1
1347,1665,1
1347,1700,1
1347,1705,1
1347,1710,1
1347,1719,1
1347,1736,1
1347,1748,1
1347,1551,1
142,1310,1
142,1337,1
142,1371,1
1347,1499,1
1347,1501,1
1347,1503,1
1347,1504,1
1347,1506,1
1347,1507,1
1347,1508,1
1347,1509,1
1347,1514,1
1347,1515,1
1347,1516,1
1347,1517,1
1347,1518,1
1347,1520,1
1347,1522,1
1347,1524,1
1347,1525,1
1347,1527,1
1347,1532,1
1347,1533,1
1347,1536,1
1347,1538,1
1347,1545,1
1347,1749,1
1347,1785,1
1347,1786,1
1348,1505,1
1348,1511,1
1348,1513,1
1348,1514,1
1348,1518,1
1348,1521,1
1348,1528,1
1348,1531,1
1348,1546,1
1348,1547,1
1348,1549,1
1348,1551,1
1348,1554,1
1348,1557,1
1348,1558,1
1348,1560,1
1348,1567,1
1348,1571,1
1348,1582,1
1348,1584,1
1348,1588,1
1348,1590,1
1348,1608,1
1348,1611,1
142,1043,1
1348,1500,1
1347,1811,1
1348,1498,1
1347,1840,1
1347,1841,1
1347,1850,1
1347,1938,1
1348,117,1
1348,181,1
1348,182,1
1348,183,1
1348,185,1
1348,186,1
1348,413,1
1348,419,1
1348,420,1
1348,421,1
1348,422,1
1348,426,1
1348,437,1
1348,443,1
1348,446,1
1348,830,1
1348,1027,1
1348,1253,1
1348,1267,1
1347,1498,1
1347,1338,1
1336,1563,1
1345,1855,1
1345,1584,1
1345,1587,1
1345,1592,1
1345,1594,1
1345,1598,1
1345,1602,1
1345,1604,1
1345,1610,1
1345,1611,1
1345,1615,1
1345,1783,1
1345,1917,1
1347,1328,1
1345,1924,1
1345,1934,1
142,1715,1
142,1714,1
1345,1944,1
142,1712,1
1346,267,1
1346,431,1
142,1709,1
142,1701,1
142,1649,1
1345,1580,1
1345,1578,1
1345,1574,1
1345,1573,1
1345,1501,1
1345,1503,1
1345,1505,1
142,1740,1
1345,1507,1
1345,1510,1
1345,1512,1
1345,1513,1
1345,1515,1
1345,1517,1
1345,1520,1
1345,1527,1
1345,1531,1
1345,1533,1
1345,1543,1
1345,1546,1
1345,1547,1
142,1735,1
142,1731,1
1345,1551,1
1345,1553,1
1345,1554,1
1345,1558,1
1346,1125,1
1346,1173,1
1346,1243,1
1346,1721,1
1346,1735,1
142,1579,1
1346,1742,1
1346,1753,1
1346,1754,1
1346,1785,1
1346,1796,1
1346,1812,1
1346,1813,1
142,1497,1
142,1477,1
142,1476,1
1347,152,1
1347,179,1
1347,426,1
1347,444,1
1347,921,1
1347,1165,1
1347,1187,1
142,1471,1
142,1409,1
1347,1238,1
1347,1248,1
1346,1729,1
1346,1709,1
1346,1342,1
142,1595,1
142,1621,1
1346,1499,1
1346,1500,1
1346,1502,1
1346,1504,1
1346,1506,1
1346,1508,1
1346,1509,1
1346,1510,1
1346,1511,1
1346,1513,1
1346,1516,1
1346,1522,1
1346,1529,1
1346,1534,1
1346,1547,1
142,1609,1
1346,1550,1
1346,1551,1
1346,1552,1
1346,1558,1
1346,1565,1
1346,1577,1
1348,1661,1
1348,1674,1
1348,1712,1
1351,96,1
1350,1744,1
1350,1747,1
1350,1750,1
1350,1791,1
1350,1850,1
141,1761,1
1350,1964,1
1351,3,1
1351,31,1
141,1754,1
141,1748,1
141,1735,1
1348,1725,1
141,1732,1
1351,413,1
1351,428,1
1351,432,1
1351,435,1
1351,440,1
1351,443,1
1351,446,1
141,1725,1
141,1701,1
1351,731,1
1350,1738,1
1350,1732,1
141,1767,1
1350,1728,1
1350,1532,1
1350,1536,1
1350,1544,1
141,1773,1
1350,1547,1
1350,1548,1
1350,1549,1
1350,1550,1
1350,1551,1
1350,1553,1
1350,1560,1
1350,1563,1
1350,1573,1
1350,1574,1
1350,1580,1
1350,1584,1
1350,1586,1
1350,1603,1
1350,1613,1
1350,1700,1
141,1771,1
1350,1723,1
1350,1726,1
141,1637,1
1351,830,1
1351,1145,1
1351,1573,1
1351,1576,1
1351,1578,1
1351,1589,1
1351,1592,1
141,1452,1
1351,1608,1
1351,1610,1
1351,1647,1
1351,1670,1
1351,1706,1
1351,1710,1
1351,1712,1
1351,1725,1
1351,1727,1
1351,1735,1
1351,1743,1
1351,1753,1
1351,1768,1
1351,1769,1
141,1450,1
141,1407,1
141,1338,1
141,1332,1
1351,1574,1
1351,1569,1
1351,1169,1
1351,1547,1
1351,1247,1
1351,1256,1
141,1620,1
1351,1381,1
141,1597,1
1351,1470,1
1351,1499,1
1351,1501,1
1351,1505,1
1351,1506,1
1351,1507,1
1351,1508,1
1351,1509,1
1351,1511,1
1351,1514,1
1351,1515,1
1351,1520,1
1351,1522,1
141,1565,1
1351,1527,1
1351,1535,1
1351,1541,1
1351,1545,1
141,1786,1
1350,1528,1
1350,1526,1
1349,1328,1
1349,1436,1
1349,1498,1
1349,1499,1
1349,1501,1
1349,1502,1
1349,1503,1
1349,1506,1
1349,1508,1
1349,1509,1
142,151,1
1349,1512,1
1349,1515,1
1349,1516,1
1349,1519,1
1349,1521,1
1349,1523,1
1349,1532,1
1349,1533,1
1349,1535,1
1349,1542,1
1349,1548,1
142,9,1
141,1984,1
1349,1435,1
1349,1256,1
1349,1558,1
142,236,1
1348,1727,1
1348,1738,1
1348,1740,1
1348,1743,1
142,1004,1
142,631,1
1348,1941,1
1348,1955,1
1349,34,1
1349,72,1
1349,83,1
1349,87,1
1349,426,1
1349,427,1
1349,432,1
1349,433,1
142,481,1
1349,444,1
1349,446,1
1349,657,1
1349,673,1
1349,830,1
1349,1129,1
141,1981,1
1349,1565,1
1350,1525,1
1350,368,1
1350,435,1
1350,718,1
1350,830,1
1350,1251,1
141,1822,1
1350,1269,1
1350,1270,1
141,1813,1
1350,1499,1
1350,1500,1
1350,1502,1
1350,1504,1
1350,1505,1
1350,1506,1
1350,1507,1
1350,1509,1
1350,1511,1
1350,1514,1
141,1812,1
1350,1518,1
1350,1519,1
1350,1521,1
1350,1524,1
1350,433,1
1350,342,1
1349,1566,1
141,1833,1
1349,1576,1
1349,1582,1
1349,1591,1
1349,1597,1
1349,1601,1
1349,1661,1
1349,1712,1
1349,1724,1
1349,1725,1
1349,1733,1
1349,1739,1
141,1965,1
141,1894,1
1349,1812,1
1349,1821,1
1349,1850,1
1349,1864,1
141,1868,1
141,1867,1
1349,1947,1
141,1860,1
1350,96,1
1350,138,1
1345,1500,1
1345,1498,1
1345,1473,1
1339,1553,1
1339,1517,1
1339,1520,1
1339,1521,1
1339,1530,1
1339,1533,1
1339,1538,1
1339,1547,1
1339,1548,1
1339,1549,1
144,540,1
144,442,1
1339,1554,1
1340,1591,1
1339,1559,1
1339,1561,1
1339,1566,1
1339,1569,1
1339,1572,1
1339,1578,1
1339,1582,1
1339,1597,1
1339,1602,1
1339,1611,1
1339,1613,1
1339,1514,1
1339,1510,1
1339,1507,1
144,781,1
1338,1952,1
1338,1956,1
1338,1976,1
1338,1994,1
1338,1997,1
1339,112,1
1339,428,1
1339,429,1
1339,446,1
1339,487,1
1339,667,1
144,1198,1
144,1163,1
1339,826,1
1339,935,1
1339,1118,1
1339,1121,1
144,1094,1
1339,1401,1
1339,1442,1
1339,1498,1
144,1093,1
144,1010,1
1339,1631,1
1339,1660,1
144,198,1
1340,1509,1
1340,1511,1
1340,1512,1
1340,1514,1
1340,1525,1
1340,1526,1
1340,1529,1
1340,1538,1
1340,1544,1
1340,1545,1
143,1754,1
1340,1547,1
143,1714,1
143,1688,1
1340,1550,1
1340,1551,1
1340,1555,1
1340,1563,1
1340,1566,1
1340,1567,1
1340,1569,1
1340,1573,1
1340,1578,1
143,1659,1
1340,1510,1
1340,1508,1
143,1990,1
1340,1506,1
1339,1983,1
1339,1999,1
1340,300,1
1340,423,1
1340,431,1
1340,665,1
1340,666,1
1340,667,1
143,1870,1
143,1843,1
1340,1094,1
1340,1117,1
1340,1144,1
143,1820,1
1340,1456,1
1340,1497,1
1340,1498,1
1340,1499,1
1340,1500,1
1340,1501,1
143,1790,1
1340,1503,1
143,1788,1
144,1406,1
144,1407,1
1338,1786,1
1337,1503,1
144,1653,1
1337,1508,1
144,1643,1
1337,1511,1
1337,1514,1
1337,1518,1
1337,1526,1
1337,1534,1
1337,1536,1
1337,1542,1
1337,1547,1
1337,1548,1
1337,1549,1
1337,1550,1
1337,1552,1
1337,1554,1
1337,1566,1
1337,1574,1
1337,1575,1
1337,1580,1
1337,1585,1
1337,1592,1
1337,1600,1
1337,1505,1
1337,1501,1
144,1640,1
1337,1500,1
1336,1570,1
1336,1575,1
1336,1588,1
144,1748,1
1336,1607,1
1336,1612,1
1336,1829,1
1336,1831,1
144,1745,1
1336,1866,1
1336,1998,1
1337,251,1
1337,252,1
1337,477,1
144,1688,1
144,1687,1
1337,668,1
1337,1122,1
1337,1123,1
1337,1125,1
144,1655,1
1337,1498,1
1337,1499,1
1337,1609,1
1337,1664,1
1338,1756,1
1338,1504,1
1338,1508,1
1338,1511,1
1338,1512,1
1338,1515,1
1338,1519,1
1338,1523,1
1338,1525,1
1338,1527,1
1338,1528,1
1338,1542,1
1338,1545,1
1338,1546,1
144,1429,1
1338,1554,1
1338,1557,1
1338,1558,1
1338,1559,1
1338,1569,1
1338,1572,1
1338,1607,1
1338,1610,1
1338,1612,1
1338,1655,1
1338,1506,1
1338,1503,1
1337,1756,1
1338,1502,1
1337,1865,1
1337,1866,1
144,1636,1
1338,93,1
1338,103,1
1338,113,1
1338,445,1
1338,525,1
1338,669,1
1338,1050,1
1338,1119,1
1338,1120,1
1338,1122,1
1338,1123,1
1338,1124,1
1338,1131,1
1338,1138,1
1338,1156,1
1338,1251,1
1338,1434,1
1338,1498,1
1338,1499,1
1338,1501,1
1340,1588,1
1340,1604,1
1345,1315,1
1343,1794,1
1343,1561,1
1343,1564,1
1343,1565,1
1343,1572,1
1343,1576,1
1343,1581,1
1343,1590,1
1343,1598,1
1343,1605,1
142,1823,1
1343,1642,1
1343,1804,1
1340,1610,1
1343,1949,1
1344,426,1
1344,434,1
1344,443,1
142,1796,1
1344,941,1
1344,965,1
1344,1165,1
1344,1191,1
142,1778,1
1344,1259,1
1343,1560,1
1343,1558,1
1343,1555,1
1343,1551,1
1343,1378,1
1343,1498,1
1343,1500,1
142,1835,1
1343,1504,1
1343,1505,1
1343,1506,1
1343,1509,1
1343,1510,1
1343,1512,1
1343,1515,1
1343,1517,1
1343,1518,1
1343,1519,1
1343,1521,1
1343,1525,1
1343,1530,1
1343,1532,1
1343,1546,1
1343,1547,1
142,1830,1
1343,1549,1
1343,1550,1
1344,1339,1
1344,1351,1
1344,1498,1
1344,1586,1
1344,1590,1
1344,1600,1
1344,1614,1
1344,1616,1
1344,1840,1
142,1754,1
142,1753,1
142,1750,1
1344,1959,1
1344,1990,1
1345,151,1
1345,363,1
1345,426,1
1345,471,1
1345,472,1
1345,732,1
1345,736,1
1345,743,1
142,1744,1
142,1741,1
1345,981,1
1345,1148,1
1345,1165,1
1344,1588,1
1344,1582,1
1344,1503,1
1344,1570,1
142,1765,1
1344,1511,1
1344,1512,1
142,1759,1
1344,1517,1
1344,1518,1
1344,1521,1
1344,1523,1
1344,1525,1
1344,1527,1
1344,1536,1
1344,1537,1
1344,1539,1
142,1755,1
1344,1542,1
1344,1544,1
1344,1547,1
1344,1548,1
1344,1549,1
1344,1550,1
1344,1552,1
1344,1554,1
1344,1565,1
1343,1351,1
1343,1239,1
142,1855,1
1341,1506,1
1341,1508,1
1341,1509,1
1341,1511,1
143,1491,1
1341,1517,1
1341,1519,1
1341,1521,1
1341,1523,1
1341,1533,1
1341,1538,1
1341,1541,1
1341,1543,1
1341,1546,1
1341,1547,1
143,1483,1
1341,1549,1
1341,1551,1
1341,1553,1
1341,1556,1
1341,1569,1
1341,1570,1
1341,1572,1
1341,1575,1
1341,1507,1
1341,1503,1
1341,1587,1
1341,1502,1
1340,1613,1
1340,1660,1
143,1650,1
1340,1788,1
1340,1947,1
1340,1948,1
143,1648,1
1340,1953,1
1340,1957,1
1340,1959,1
1340,1963,1
1341,669,1
1341,719,1
1341,728,1
1341,816,1
1341,829,1
1341,893,1
1341,952,1
1341,1116,1
1341,1145,1
1341,1461,1
1341,1499,1
1341,1501,1
1341,1584,1
1341,1594,1
142,1870,1
1342,1547,1
1342,1549,1
1342,1550,1
1342,1551,1
1342,1552,1
1342,1561,1
1342,1565,1
1342,1569,1
1342,1839,1
1342,1929,1
143,481,1
143,477,1
1343,244,1
1343,363,1
1343,425,1
1343,426,1
1343,431,1
1343,436,1
1343,440,1
1343,442,1
1343,474,1
1343,664,1
1343,668,1
1343,731,1
143,714,1
1342,1537,1
1341,1597,1
1342,1534,1
1341,1598,1
1341,1947,1
143,1428,1
1342,328,1
1342,429,1
1342,430,1
1342,442,1
143,1336,1
1342,717,1
1342,718,1
1342,758,1
143,1131,1
143,1093,1
1342,1277,1
1342,1498,1
1342,1499,1
1342,1500,1
1342,1503,1
1342,1507,1
1342,1513,1
1342,1524,1
1342,1526,1
1342,1527,1
1374,1553,1
1374,1559,1
1427,1576,1
1407,422,1
1406,1788,1
1406,1863,1
123,1203,1
1407,0,1
1407,17,1
1407,62,1
123,1119,1
1407,299,1
1407,323,1
1407,331,1
1407,374,1
1407,425,1
1406,1543,1
1407,535,1
123,1097,1
1407,1072,1
1407,1077,1
1407,1078,1
1407,1079,1
1407,1239,1
1407,1242,1
1407,1252,1
1407,1253,1
1407,1498,1
1406,1752,1
1406,1745,1
1406,1739,1
1406,1728,1
1406,1547,1
123,1462,1
1406,1550,1
1406,1554,1
1406,1557,1
1406,1558,1
1406,1561,1
1406,1564,1
1406,1566,1
1406,1567,1
123,1412,1
1406,1572,1
1406,1573,1
123,1237,1
1406,1582,1
1406,1585,1
1406,1590,1
1406,1591,1
1406,1593,1
1406,1600,1
1406,1606,1
123,1236,1
1406,1719,1
1407,1501,1
1407,1502,1
1407,1507,1
1407,1586,1
1407,1595,1
123,972,1
1407,1598,1
1407,1604,1
1407,1609,1
123,786,1
123,780,1
1407,1642,1
1407,1721,1
1407,1727,1
1407,1734,1
1407,1739,1
1407,1742,1
1407,1749,1
123,779,1
1407,1919,1
1408,190,1
1408,193,1
1408,368,1
1408,371,1
123,778,1
1408,425,1
123,773,1
1407,1587,1
1407,1585,1
1407,1508,1
1407,1584,1
1407,1510,1
1407,1513,1
1407,1517,1
1407,1521,1
1407,1522,1
1407,1534,1
1407,1535,1
123,1094,1
1407,1540,1
123,1072,1
1407,1548,1
1407,1549,1
1407,1557,1
123,1069,1
123,1063,1
1407,1560,1
1407,1561,1
1407,1565,1
1407,1569,1
1407,1570,1
1407,1575,1
1407,1578,1
1407,1579,1
1406,1546,1
1406,1540,1
1404,1563,1
123,1648,1
1405,431,1
1405,554,1
1405,684,1
1405,719,1
1405,777,1
123,1657,1
1405,1083,1
1405,1084,1
1405,1087,1
1405,1196,1
1405,1239,1
1405,1498,1
1406,1537,1
1405,1502,1
1405,1507,1
1405,1510,1
1405,1513,1
1405,1516,1
1405,1519,1
1405,1522,1
1405,1524,1
1405,1526,1
123,1644,1
1405,1536,1
1405,430,1
123,1662,1
1405,421,1
1405,375,1
1404,1571,1
1404,1573,1
1404,1575,1
1404,1578,1
1404,1582,1
1404,1584,1
123,1689,1
1404,1586,1
1404,1595,1
1404,1600,1
1404,1602,1
1404,1605,1
1404,1609,1
1404,1611,1
1404,1716,1
1404,1730,1
1404,1735,1
1404,1736,1
1404,1744,1
1404,1745,1
1404,1750,1
123,1683,1
1405,2,1
123,1643,1
1405,1548,1
123,1637,1
1406,1065,1
1406,1082,1
1406,1085,1
1406,1142,1
1406,1199,1
123,1488,1
1406,1280,1
1406,1281,1
123,1487,1
123,1466,1
1406,1500,1
1406,1503,1
1406,1505,1
1406,1508,1
1406,1509,1
1406,1512,1
1406,1514,1
1406,1516,1
1406,1519,1
1406,1523,1
1406,1524,1
123,1464,1
1406,1530,1
1406,1533,1
1406,1068,1
123,1497,1
1405,1550,1
123,1509,1
123,1630,1
1405,1567,1
1405,1574,1
1405,1575,1
123,1570,1
1405,1596,1
1405,1599,1
1405,1606,1
1405,1730,1
1405,1737,1
1405,1740,1
1405,1746,1
1405,1748,1
1405,1752,1
1406,34,1
123,1569,1
123,1542,1
1406,299,1
123,1536,1
123,1520,1
1406,582,1
1406,587,1
1406,684,1
1408,738,1
1408,1068,1
1408,1072,1
1410,1581,1
1410,1541,1
1410,1542,1
1410,1549,1
1410,1550,1
1410,1551,1
1410,1556,1
122,1736,1
1410,1566,1
1410,1575,1
1410,1577,1
122,1734,1
1410,1584,1
1408,1073,1
1410,1586,1
1410,1589,1
1410,1591,1
1410,1595,1
1410,1599,1
1410,1600,1
1410,1602,1
1410,1605,1
122,1727,1
1410,1720,1
1410,1730,1
1410,1532,1
1410,1530,1
1410,1524,1
1410,1522,1
1410,408,1
122,1780,1
1410,425,1
1410,605,1
122,1778,1
122,1767,1
122,1764,1
122,1758,1
1410,1013,1
1410,1070,1
122,1752,1
1410,1089,1
1410,1221,1
1410,1224,1
1410,1226,1
1410,1230,1
1410,1259,1
1410,1380,1
1410,1508,1
1410,1511,1
1410,1514,1
1410,1519,1
1410,1521,1
1410,1731,1
122,1718,1
122,1717,1
1411,1076,1
1411,1090,1
1411,1190,1
1411,1257,1
1411,1260,1
1411,1284,1
1411,1378,1
122,1641,1
1411,1426,1
1411,1500,1
1411,1502,1
1411,1503,1
1411,1506,1
1411,1509,1
1411,1512,1
1411,1514,1
1411,1518,1
1411,1525,1
122,1631,1
1411,1533,1
1411,1538,1
1411,1540,1
122,1629,1
122,1626,1
1411,1081,1
1411,1071,1
1410,1786,1
1411,1014,1
122,1710,1
122,1708,1
122,1706,1
1410,1923,1
1410,1978,1
1411,354,1
1411,358,1
1411,371,1
122,1705,1
1588,1964,1
122,1698,1
122,1693,1
122,1691,1
122,1688,1
122,1687,1
122,1672,1
122,1668,1
122,1665,1
122,1662,1
1411,646,1
122,1657,1
1411,848,1
122,1648,1
1410,374,1
1410,372,1
1410,358,1
1408,1569,1
1408,1578,1
1408,1580,1
1408,1582,1
1408,1586,1
1408,1588,1
1408,1597,1
1408,1601,1
1408,1603,1
1408,1605,1
1408,1647,1
1408,1702,1
1408,1723,1
1408,1729,1
1408,1731,1
1408,1735,1
1408,1743,1
122,1969,1
1409,0,1
1409,1,1
122,1911,1
122,1846,1
1409,357,1
1409,358,1
1408,1571,1
1408,1563,1
1409,370,1
123,113,1
1408,1089,1
1408,1251,1
1408,1257,1
1408,1258,1
1408,1504,1
1408,1506,1
1408,1510,1
1408,1511,1
1408,1515,1
1408,1520,1
1408,1521,1
1408,1522,1
1408,1524,1
1408,1525,1
1408,1528,1
1408,1532,1
123,456,1
1408,1540,1
123,365,1
1408,1548,1
123,157,1
1408,1550,1
1408,1552,1
1409,360,1
122,1839,1
1410,299,1
1409,1531,1
122,1811,1
1409,1555,1
1409,1559,1
1409,1562,1
1409,1573,1
1409,1579,1
1409,1580,1
122,1793,1
1409,1582,1
1409,1583,1
1409,1584,1
1409,1590,1
1409,1592,1
1409,1593,1
1409,1607,1
1409,1609,1
1409,1716,1
1409,1730,1
1409,1732,1
1409,1733,1
1409,1748,1
1409,1978,1
1410,202,1
1409,1537,1
1409,1528,1
122,1836,1
1409,1525,1
122,1821,1
1409,1015,1
1409,1065,1
1409,1067,1
1409,1070,1
122,1813,1
1409,1183,1
1409,1227,1
1409,1253,1
1409,1255,1
1409,1256,1
1409,1283,1
1409,1344,1
1409,1498,1
1409,1500,1
1409,1501,1
1409,1506,1
1409,1508,1
1409,1509,1
1409,1511,1
1409,1513,1
1409,1514,1
1409,1517,1
1404,1569,1
1404,1561,1
1398,1506,1
1400,1553,1
1400,1504,1
1400,1514,1
1400,1516,1
1400,1520,1
1400,1521,1
124,1797,1
1400,1528,1
1400,1530,1
124,1785,1
1400,1548,1
1400,1550,1
1400,1556,1
125,932,1
1400,1564,1
1400,1569,1
1400,1570,1
1400,1573,1
1400,1575,1
1400,1578,1
124,1780,1
124,1757,1
1400,1584,1
1400,1588,1
1400,1589,1
1400,1502,1
1400,1499,1
1400,1491,1
124,1832,1
125,311,1
1399,1750,1
125,21,1
124,1980,1
1399,1769,1
124,1929,1
1399,1785,1
1399,1793,1
1399,1801,1
124,1887,1
1400,82,1
1400,299,1
1400,973,1
1400,1070,1
1400,1085,1
1400,1114,1
1400,1226,1
1400,1284,1
124,1856,1
1400,1342,1
1400,1398,1
124,1848,1
1400,1440,1
1400,1590,1
124,1753,1
1400,1598,1
1401,422,1
1401,763,1
1401,1065,1
1401,1069,1
1401,1084,1
1401,1114,1
1401,1183,1
1401,1197,1
1401,1210,1
1401,1239,1
1401,1240,1
1401,1242,1
1401,1282,1
1401,1286,1
1401,1287,1
1401,1288,1
124,1722,1
124,1720,1
1401,1498,1
1401,1499,1
1401,1500,1
1401,1504,1
1401,1505,1
1401,1506,1
124,1723,1
1401,421,1
1400,1603,1
1401,299,1
1400,1607,1
1400,1611,1
124,1751,1
1400,1651,1
1400,1731,1
1400,1734,1
1400,1737,1
1400,1739,1
1400,1740,1
1400,1743,1
124,1745,1
1400,1746,1
124,1741,1
124,1740,1
1400,1750,1
124,1739,1
124,1738,1
1400,1756,1
1400,1771,1
124,1728,1
124,1727,1
124,1724,1
1401,78,1
1399,1746,1
125,977,1
123,1696,1
125,1562,1
1398,1677,1
1398,1721,1
125,1643,1
125,1611,1
1398,1733,1
1398,1734,1
1398,1736,1
125,1597,1
1398,1741,1
125,1567,1
1398,1745,1
125,1557,1
1399,1737,1
125,1545,1
125,1529,1
125,1504,1
1398,1767,1
1398,1769,1
1398,1775,1
1398,1788,1
1398,1798,1
1398,1800,1
125,1497,1
1399,299,1
1398,1666,1
1398,1596,1
1398,1591,1
1398,1588,1
1398,1512,1
1398,1518,1
1398,1520,1
1398,1524,1
1398,1526,1
1398,1529,1
1398,1540,1
1398,1543,1
1398,1547,1
1398,1548,1
1398,1549,1
1398,1559,1
1398,1560,1
1398,1561,1
1398,1564,1
1398,1566,1
1398,1572,1
1398,1574,1
1398,1576,1
1398,1577,1
1398,1578,1
1398,1579,1
1398,1582,1
125,1469,1
125,1467,1
1399,948,1
1399,1540,1
1399,1548,1
1399,1549,1
125,1465,1
125,1418,1
1399,1562,1
1399,1567,1
1399,1569,1
1399,1571,1
1399,1577,1
1399,1578,1
125,1254,1
1399,1583,1
1399,1591,1
1399,1593,1
1399,1596,1
125,1252,1
125,1069,1
1399,1661,1
1399,1702,1
1399,1730,1
1399,1732,1
1399,1733,1
125,1068,1
1399,1545,1
1399,1537,1
1399,960,1
1399,1534,1
1399,1086,1
1399,1104,1
1399,1122,1
1399,1134,1
1399,1156,1
1399,1242,1
1399,1255,1
1399,1316,1
1399,1330,1
1399,1400,1
1399,1462,1
1399,1500,1
1399,1502,1
1399,1507,1
1399,1508,1
1399,1512,1
1399,1514,1
1399,1516,1
1399,1518,1
1399,1522,1
1399,1524,1
1399,1527,1
1399,1532,1
124,1718,1
124,1714,1
1401,1513,1
1403,1551,1
124,449,1
124,435,1
1403,1520,1
1403,1521,1
1403,1522,1
1403,1523,1
1403,1526,1
1403,1532,1
1403,1548,1
1403,1549,1
1403,1550,1
1403,1557,1
1401,1515,1
1403,1560,1
123,1999,1
1403,1567,1
1403,1576,1
1403,1577,1
1403,1580,1
1403,1585,1
1403,1589,1
1403,1591,1
1403,1610,1
1403,1678,1
1403,1513,1
124,495,1
1403,1507,1
1403,1506,1
1402,1753,1
1402,1977,1
1403,5,1
1403,16,1
1403,91,1
1403,299,1
1403,549,1
124,1222,1
124,1142,1
124,1073,1
1403,1063,1
1403,1075,1
1403,1076,1
124,1072,1
1403,1087,1
1403,1240,1
1403,1241,1
1403,1289,1
1403,1344,1
124,1071,1
1403,1484,1
1403,1502,1
1403,1505,1
1403,1731,1
1403,1734,1
123,1890,1
1404,1283,1
1404,1377,1
1404,1426,1
123,1718,1
1404,1501,1
1404,1504,1
1404,1505,1
1404,1506,1
1404,1510,1
123,1713,1
1404,1514,1
1404,1515,1
123,1712,1
1404,1521,1
1404,1527,1
1404,1532,1
1404,1534,1
1404,1538,1
1404,1541,1
123,1705,1
123,1703,1
1404,1549,1
1404,1550,1
1404,1557,1
1404,1374,1
1404,1280,1
1403,1740,1
1404,1240,1
123,1822,1
1403,1746,1
1403,1753,1
1403,1760,1
123,1818,1
123,1790,1
123,1774,1
1404,261,1
1404,299,1
123,1766,1
1404,380,1
1404,403,1
123,1736,1
1404,436,1
123,1735,1
123,1734,1
1404,740,1
1404,847,1
123,1730,1
1404,1084,1
1404,1085,1
1404,1086,1
1404,1183,1
1402,1748,1
1402,1746,1
124,1228,1
1401,1586,1
1401,1603,1
1401,1606,1
1401,1721,1
124,1676,1
1401,1732,1
1401,1733,1
1401,1736,1
1401,1739,1
1401,1746,1
124,1666,1
1401,1748,1
1401,1750,1
1401,1754,1
1401,1761,1
1401,1765,1
1401,1772,1
1401,1816,1
124,1664,1
124,1661,1
124,1650,1
124,1649,1
1401,1978,1
1402,82,1
1401,1591,1
1401,1585,1
1402,299,1
1401,1582,1
1401,1516,1
124,1710,1
1401,1520,1
1401,1523,1
1401,1529,1
124,1696,1
1401,1533,1
1401,1535,1
1401,1537,1
124,1693,1
1401,1541,1
124,1692,1
124,1690,1
1401,1550,1
1401,1557,1
1401,1560,1
1401,1561,1
124,1687,1
1401,1573,1
1401,1574,1
1401,1578,1
1401,1579,1
124,1677,1
1402,99,1
124,1635,1
124,1253,1
1402,1541,1
1402,1547,1
124,1560,1
1402,1549,1
1402,1550,1
124,1482,1
1402,1557,1
1402,1563,1
1402,1564,1
1402,1569,1
1402,1571,1
1402,1574,1
124,1448,1
1402,1581,1
1402,1582,1
124,1417,1
1402,1586,1
1402,1593,1
124,1415,1
1402,1598,1
1402,1606,1
1402,1609,1
1402,1731,1
1402,1734,1
1402,1544,1
1402,1539,1
124,1620,1
1402,1531,1
124,1616,1
124,1608,1
124,1594,1
1402,1240,1
124,1593,1
1402,1287,1
1402,1370,1
124,1584,1
1402,1442,1
124,1583,1
1402,1500,1
1402,1504,1
124,1581,1
1402,1510,1
1402,1511,1
1402,1512,1
124,1573,1
1402,1519,1
1402,1521,1
1402,1524,1
124,1572,1
1402,1527,1
1402,1529,1
1411,1549,1
1411,1550,1
1411,1552,1
121,1228,1
1421,1530,1
121,1464,1
1421,1548,1
121,1462,1
1421,1550,1
121,1447,1
121,1406,1
121,1404,1
1421,1562,1
1421,1564,1
1421,1565,1
1421,1568,1
1420,1718,1
1421,1572,1
1421,1576,1
1421,1585,1
121,1067,1
1421,1595,1
1421,1598,1
121,1066,1
1421,1660,1
1421,1720,1
1421,1726,1
1421,1732,1
1421,1527,1
121,1469,1
1421,1520,1
1421,1519,1
1420,1756,1
1420,1757,1
1420,1839,1
121,1542,1
1420,1873,1
1420,1874,1
1421,8,1
1421,32,1
1421,149,1
1421,503,1
1421,552,1
1421,558,1
1421,580,1
121,1526,1
121,1504,1
1421,1297,1
1421,1498,1
1421,1501,1
1421,1505,1
1421,1507,1
1421,1510,1
121,1491,1
1421,1513,1
1421,1741,1
1421,1742,1
1421,1752,1
1422,1515,1
1422,1518,1
1422,1521,1
1422,1524,1
1422,1529,1
1422,1537,1
121,450,1
1422,1544,1
1422,1548,1
1422,1549,1
1422,1551,1
1422,1556,1
1422,1560,1
1422,1569,1
1422,1570,1
1422,1573,1
121,431,1
121,359,1
121,316,1
1422,1600,1
1422,1601,1
1422,1603,1
1422,1606,1
1422,1607,1
1422,1517,1
1422,1514,1
1421,1870,1
1422,1513,1
1421,1873,1
121,956,1
1422,9,1
1422,10,1
1422,400,1
1422,406,1
1422,421,1
1422,503,1
1422,574,1
121,886,1
121,772,1
1422,688,1
1422,930,1
1422,1129,1
121,756,1
1422,1208,1
1422,1241,1
121,566,1
1422,1503,1
1422,1504,1
1422,1506,1
121,451,1
1422,1512,1
1420,1730,1
1420,1660,1
122,1623,1
1419,1563,1
1419,1543,1
1419,1546,1
121,1664,1
1419,1548,1
121,1663,1
1419,1551,1
1419,1552,1
1419,1555,1
1419,1557,1
1419,1558,1
1419,1560,1
1419,1570,1
1420,1650,1
1419,1573,1
1419,1574,1
121,1646,1
1419,1591,1
1419,1592,1
1419,1600,1
1419,1604,1
121,1636,1
1419,1617,1
1419,1620,1
1419,1622,1
1419,1538,1
1419,1531,1
1419,1528,1
1419,1524,1
121,1694,1
121,1691,1
1419,1076,1
1419,1077,1
1419,1078,1
1419,1079,1
1419,1080,1
1419,1082,1
121,1687,1
121,1681,1
121,1680,1
121,1674,1
1419,1215,1
121,1673,1
1419,1502,1
1419,1505,1
1419,1506,1
1419,1508,1
1419,1510,1
1419,1512,1
1419,1515,1
1419,1517,1
1419,1518,1
121,1622,1
121,1621,1
1419,1660,1
1420,1507,1
1420,1511,1
1420,1514,1
121,1556,1
1420,1522,1
1420,1526,1
1420,1533,1
1420,1536,1
1420,1538,1
1420,1546,1
121,1549,1
1420,1550,1
1420,1560,1
1420,1570,1
1420,1575,1
1420,1576,1
1420,1579,1
1420,1580,1
121,1548,1
1420,1583,1
1420,1588,1
1420,1597,1
121,1545,1
1420,1621,1
1420,1508,1
1420,1504,1
1419,1783,1
1420,1221,1
1419,1978,1
1420,5,1
1420,62,1
121,1619,1
1420,291,1
1420,306,1
1420,375,1
121,1616,1
1420,428,1
1420,432,1
121,1614,1
121,1609,1
121,1588,1
1420,978,1
1420,1077,1
121,1584,1
1420,1080,1
1420,1082,1
1420,1085,1
1420,1090,1
1420,1206,1
1420,1207,1
121,1560,1
1422,1660,1
121,129,1
1422,1721,1
1426,1498,1
1426,132,1
1426,540,1
120,1698,1
1426,1009,1
120,1697,1
1426,1169,1
1426,1241,1
1426,1388,1
1426,1399,1
1426,1447,1
1426,1479,1
1426,1499,1
1422,1854,1
1426,1505,1
1426,1507,1
1426,1511,1
1426,1514,1
1426,1515,1
1426,1521,1
1426,1523,1
1426,1524,1
1426,1525,1
1426,1530,1
1426,1533,1
1426,59,1
1425,1979,1
1425,1714,1
1425,1707,1
1425,1513,1
1425,1514,1
1425,1520,1
1425,1523,1
1425,1525,1
1425,1527,1
1425,1535,1
1425,1548,1
120,1730,1
1425,1551,1
1425,1565,1
1425,1571,1
1425,1575,1
1425,1585,1
1425,1594,1
1425,1603,1
1425,1606,1
1425,1609,1
1425,1614,1
120,1704,1
120,1703,1
120,1702,1
1425,1660,1
1426,1538,1
1426,1540,1
1426,1542,1
1427,439,1
1427,470,1
1427,574,1
1427,807,1
1427,833,1
120,1641,1
1427,1024,1
1427,1155,1
1427,1397,1
1427,1502,1
1427,1517,1
1427,1520,1
1427,1525,1
120,1639,1
120,1637,1
120,1634,1
120,1627,1
1427,1549,1
120,1624,1
1427,1563,1
1427,1566,1
1427,1567,1
1427,1569,1
1427,1572,1
1427,451,1
1427,358,1
1426,1547,1
1427,296,1
120,1692,1
1426,1552,1
120,1689,1
1426,1557,1
1426,1559,1
120,1681,1
1426,1564,1
1426,1569,1
1426,1579,1
1426,1582,1
1426,1600,1
120,1667,1
120,1666,1
1426,1626,1
120,1661,1
120,1660,1
1426,1656,1
1426,1660,1
1426,1698,1
1426,1701,1
1426,1705,1
1426,1707,1
1427,295,1
1425,1512,1
1425,1510,1
1425,1504,1
1423,1564,1
1423,1569,1
1423,1572,1
1423,1575,1
1423,1579,1
1423,1581,1
1423,1583,1
1423,1586,1
1423,1587,1
120,1874,1
1423,1592,1
1423,1604,1
1423,1610,1
1423,1613,1
1423,1660,1
120,1872,1
1423,1720,1
1423,1747,1
1423,1753,1
120,1860,1
1423,1978,1
1424,8,1
1424,12,1
1424,169,1
1423,1565,1
1423,1561,1
1424,426,1
120,1875,1
120,1984,1
1422,1873,1
1422,1874,1
1422,1978,1
120,1955,1
1423,377,1
120,1913,1
1423,1109,1
1423,1128,1
1423,1206,1
1423,1248,1
1423,1498,1
1423,1500,1
1423,1502,1
1423,1504,1
1423,1505,1
1423,1508,1
1423,1509,1
1423,1515,1
1423,1530,1
1423,1533,1
1423,1536,1
120,1878,1
1424,374,1
1424,430,1
120,1739,1
1424,1596,1
1424,1601,1
1424,1627,1
1424,1660,1
1424,1683,1
1424,1721,1
1424,1725,1
1424,1726,1
1424,1731,1
1424,1885,1
1425,66,1
1425,212,1
1425,381,1
120,1777,1
1425,540,1
120,1764,1
120,1763,1
120,1755,1
1425,1067,1
120,1746,1
120,1744,1
120,1741,1
1425,1207,1
120,1740,1
1424,1598,1
1424,1582,1
1424,454,1
1424,1571,1
1424,459,1
120,1856,1
120,1800,1
1424,1130,1
1424,1155,1
1424,1156,1
120,1798,1
120,1795,1
1424,1208,1
1424,1303,1
1424,1502,1
1424,1507,1
1424,1509,1
1424,1511,1
1424,1512,1
1424,1516,1
1424,1518,1
1424,1521,1
120,1785,1
1424,1548,1
120,1784,1
1424,1562,1
1424,1567,1
121,1699,1
1419,507,1
1419,432,1
1414,115,1
1413,1610,1
1413,1747,1
1413,1752,1
1413,1786,1
1413,1814,1
1413,1823,1
1413,1826,1
1414,0,1
122,1119,1
1414,14,1
1414,53,1
1414,121,1
121,1871,1
1414,358,1
1414,407,1
122,1113,1
122,1063,1
1414,425,1
1414,1071,1
1414,1073,1
1414,1089,1
1414,1091,1
1414,1120,1
1414,1148,1
1413,1604,1
1413,1601,1
1413,1597,1
1413,1590,1
1413,1526,1
1413,1530,1
1413,1532,1
1413,1533,1
1413,1538,1
1413,1541,1
122,1409,1
1413,1545,1
122,1381,1
122,1343,1
1413,1549,1
122,1297,1
1413,1551,1
1413,1553,1
1413,1554,1
1413,1558,1
122,1136,1
1413,1567,1
1413,1571,1
1413,1578,1
1413,1579,1
1413,1582,1
1413,1584,1
1414,1195,1
1414,1196,1
1414,1197,1
1414,1573,1
122,355,1
1414,1581,1
1414,1584,1
1414,1588,1
1414,1599,1
1414,1609,1
122,296,1
1414,1724,1
1414,1728,1
1414,1753,1
1414,1785,1
1414,1806,1
1415,236,1
1415,303,1
1415,358,1
1415,392,1
122,156,1
122,53,1
121,1945,1
1415,1073,1
1415,1074,1
1415,1077,1
1415,1080,1
1414,1576,1
122,429,1
1414,1199,1
1414,1564,1
1414,1252,1
1414,1260,1
1414,1503,1
122,969,1
1414,1506,1
1414,1508,1
1414,1511,1
1414,1512,1
1414,1515,1
1414,1520,1
1414,1530,1
1414,1535,1
1414,1542,1
122,812,1
122,770,1
1414,1549,1
122,735,1
1414,1551,1
1414,1553,1
1414,1556,1
122,710,1
1414,1561,1
1414,1563,1
1413,1525,1
1413,1524,1
1413,1522,1
122,1600,1
1412,625,1
122,1582,1
1412,735,1
1412,873,1
1412,1073,1
1412,1074,1
1412,1076,1
1412,1090,1
1412,1251,1
1412,1252,1
1412,1253,1
1412,1255,1
1412,1256,1
1412,1258,1
1412,1375,1
122,1570,1
1412,1498,1
1412,1499,1
1412,1506,1
1412,1508,1
1412,1510,1
1412,1511,1
1412,1512,1
122,1584,1
1412,425,1
1412,1514,1
1412,371,1
1411,1563,1
1411,1564,1
1411,1569,1
1411,1573,1
1411,1580,1
1411,1582,1
1411,1584,1
1411,1585,1
1411,1586,1
1411,1590,1
122,1620,1
1411,1605,1
1411,1727,1
1411,1728,1
1411,1742,1
1411,1785,1
1411,1789,1
1411,1978,1
1412,5,1
1412,6,1
1412,102,1
1412,340,1
1412,358,1
122,1550,1
1412,1515,1
1413,1519,1
1412,1814,1
1413,6,1
1413,115,1
1413,358,1
122,1504,1
122,1492,1
122,1491,1
1413,1072,1
1413,1090,1
1413,1147,1
1413,1188,1
1413,1195,1
1413,1225,1
1413,1252,1
1413,1256,1
122,1489,1
122,1447,1
1413,1461,1
122,1436,1
1413,1501,1
1413,1504,1
1413,1505,1
1413,1514,1
1413,1517,1
1412,1823,1
122,1506,1
1412,1521,1
1412,1721,1
1412,1525,1
1412,1528,1
1412,1532,1
1412,1535,1
122,1547,1
1412,1549,1
122,1540,1
1412,1558,1
1412,1559,1
122,1539,1
1412,1567,1
1412,1575,1
1412,1576,1
122,1519,1
1412,1579,1
1412,1580,1
1412,1583,1
1412,1585,1
122,1508,1
1412,1592,1
1412,1594,1
1412,1596,1
1412,1607,1
1415,1088,1
1415,1148,1
1419,425,1
1417,1594,1
1417,1549,1
1417,1551,1
1417,1554,1
1417,1564,1
1417,1566,1
1417,1572,1
1417,1574,1
1417,1577,1
1417,1582,1
1417,1592,1
1417,1593,1
1417,1595,1
1415,1162,1
1417,1597,1
1417,1603,1
1417,1609,1
1417,1611,1
121,1723,1
1417,1686,1
1417,1719,1
1417,1724,1
1417,1735,1
1417,1752,1
121,1718,1
121,1726,1
1417,1538,1
121,1728,1
1417,1534,1
1416,1978,1
1417,294,1
121,1733,1
1417,393,1
1417,471,1
1417,1075,1
1417,1076,1
1417,1077,1
1417,1082,1
1417,1086,1
1417,1355,1
121,1730,1
1417,1502,1
1417,1503,1
1417,1506,1
1417,1508,1
1417,1512,1
1417,1513,1
1417,1518,1
1417,1519,1
1417,1525,1
1417,1527,1
1417,1532,1
1418,62,1
1418,118,1
1418,289,1
1418,1548,1
1418,1555,1
1418,1562,1
1418,1578,1
1418,1580,1
1418,1582,1
1418,1585,1
1418,1594,1
1418,1600,1
1418,1606,1
1418,1610,1
1418,1633,1
1418,1675,1
1418,1737,1
1418,1792,1
1418,1817,1
1418,1921,1
121,1708,1
121,1707,1
1419,62,1
1419,234,1
1419,302,1
121,1703,1
1419,313,1
1418,1549,1
1418,1547,1
1418,504,1
1418,1540,1
1418,831,1
1418,1077,1
1418,1078,1
1418,1079,1
1418,1080,1
1418,1082,1
1418,1083,1
1418,1084,1
1418,1086,1
1418,1133,1
1418,1134,1
121,1713,1
1418,1498,1
1418,1500,1
1418,1514,1
1418,1515,1
1418,1517,1
1418,1518,1
1418,1520,1
1418,1523,1
1418,1527,1
1418,1529,1
1418,1536,1
1416,1923,1
121,1736,1
1416,1735,1
1415,1546,1
1415,1550,1
1415,1560,1
1415,1563,1
1415,1566,1
1415,1570,1
121,1811,1
1415,1579,1
1415,1580,1
1415,1582,1
1415,1590,1
1415,1592,1
1415,1595,1
1415,1597,1
1415,1600,1
1415,1603,1
1415,1605,1
1415,1607,1
1415,1609,1
1415,1657,1
1415,1727,1
1415,1732,1
1415,1736,1
1416,115,1
1415,1548,1
121,1812,1
1416,391,1
121,1829,1
1415,1196,1
1415,1219,1
1415,1222,1
1415,1250,1
1415,1394,1
121,1868,1
1415,1498,1
121,1866,1
1415,1502,1
1415,1503,1
1415,1505,1
121,1835,1
1415,1508,1
1415,1509,1
1415,1512,1
1415,1513,1
1415,1514,1
1415,1518,1
1415,1519,1
1415,1523,1
1415,1528,1
1415,1537,1
121,1834,1
1416,355,1
1416,392,1
1416,1615,1
1416,1523,1
1416,1533,1
1416,1534,1
1416,1543,1
121,1763,1
1416,1549,1
121,1749,1
1416,1552,1
1416,1554,1
1416,1558,1
1416,1561,1
121,1748,1
121,1744,1
121,1738,1
1416,1569,1
1416,1573,1
1416,1576,1
1416,1579,1
1416,1583,1
1416,1586,1
1416,1588,1
1416,1595,1
121,1737,1
1416,1612,1
1416,1526,1
1416,1521,1
1416,393,1
121,1764,1
1416,421,1
121,1793,1
121,1771,1
1416,425,1
1416,470,1
1416,913,1
1416,1074,1
1416,1075,1
1416,1076,1
1416,1077,1
1416,1079,1
1416,1080,1
1416,1087,1
1416,1088,1
1416,1092,1
1416,1095,1
1416,1145,1
1416,1241,1
1416,1260,1
1416,1280,1
1416,1498,1
1416,1508,1
1416,1510,1
1398,1510,1
1398,1505,1
132,1594,1
1382,384,1
1381,1741,1
1381,1748,1
130,1599,1
130,1554,1
1381,1977,1
1381,1978,1
130,1537,1
130,1532,1
130,1510,1
1382,317,1
1382,383,1
1382,421,1
1381,1518,1
130,1483,1
130,1455,1
130,1413,1
1382,663,1
1382,664,1
1382,751,1
130,1204,1
1382,788,1
1382,794,1
130,1199,1
1382,820,1
1381,1727,1
1381,1724,1
1381,1721,1
1381,1714,1
1381,1536,1
1381,1539,1
1381,1542,1
1381,1544,1
1381,1547,1
1381,1548,1
130,1661,1
1381,1550,1
1381,1552,1
1381,1557,1
130,1629,1
130,1627,1
1381,1565,1
1381,1568,1
1381,1576,1
1381,1579,1
1381,1583,1
1381,1586,1
1381,1590,1
130,1609,1
1381,1698,1
1381,1708,1
1381,1710,1
1382,829,1
1382,934,1
1382,1085,1
1382,1574,1
1382,1583,1
1382,1585,1
1382,1588,1
1382,1590,1
1382,1598,1
1382,1602,1
1382,1603,1
1382,1608,1
1382,1609,1
1382,1692,1
1382,1693,1
1382,1699,1
1382,1709,1
1382,1716,1
1382,1718,1
130,52,1
1382,1721,1
129,1939,1
1382,1725,1
1382,1728,1
129,1867,1
1382,1732,1
1382,1737,1
1382,1581,1
1382,1572,1
1382,1127,1
130,147,1
1382,1128,1
130,1198,1
1382,1419,1
1382,1500,1
1382,1502,1
1382,1504,1
1382,1508,1
1382,1510,1
1382,1516,1
1382,1520,1
1382,1522,1
1382,1523,1
1382,1525,1
1382,1529,1
1382,1531,1
1382,1534,1
130,960,1
130,901,1
130,462,1
1382,1549,1
1382,1550,1
1382,1564,1
1382,1568,1
1381,1531,1
1381,1514,1
1379,1748,1
1380,1549,1
1380,1510,1
130,1731,1
1380,1520,1
1380,1522,1
1380,1524,1
1380,1525,1
1380,1527,1
1380,1529,1
1380,1531,1
1380,1544,1
130,1730,1
1380,1550,1
1381,1512,1
130,1728,1
1380,1562,1
1380,1566,1
1380,1569,1
1380,1573,1
1380,1574,1
1380,1581,1
1380,1585,1
1380,1589,1
1380,1593,1
1380,1596,1
130,1732,1
1380,1496,1
1380,1455,1
1380,1449,1
130,1750,1
1379,1775,1
130,1748,1
1380,381,1
1380,390,1
130,1747,1
1380,425,1
130,1746,1
1380,622,1
130,1745,1
1380,785,1
1380,796,1
1380,810,1
1380,820,1
130,1736,1
1380,868,1
1380,1085,1
1380,1247,1
1380,1256,1
1380,1313,1
1380,1315,1
1380,1378,1
130,1733,1
1380,1604,1
1380,1614,1
1380,1697,1
130,1687,1
1381,664,1
1381,665,1
1381,819,1
1381,820,1
130,1669,1
1381,1101,1
1381,1250,1
1381,1313,1
1381,1345,1
1381,1347,1
1381,1399,1
1381,1400,1
130,1664,1
1381,1462,1
1381,1498,1
1381,1499,1
1381,1500,1
1381,1501,1
1381,1502,1
1381,1505,1
1381,1508,1
1381,1510,1
1381,1511,1
1381,530,1
1381,421,1
130,1711,1
1381,382,1
1380,1707,1
1380,1718,1
1380,1719,1
1380,1721,1
1380,1723,1
1380,1725,1
1380,1726,1
1380,1727,1
1380,1729,1
1380,1731,1
1380,1732,1
1380,1736,1
130,1705,1
1380,1747,1
1380,1753,1
130,1696,1
1380,1775,1
1380,1914,1
1380,1916,1
1380,1983,1
1381,74,1
1381,78,1
130,1695,1
1382,1738,1
1382,1740,1
1382,1743,1
1384,1748,1
129,1277,1
1384,1726,1
129,1199,1
129,1139,1
1384,1730,1
1384,1731,1
129,1064,1
1384,1733,1
1384,1736,1
1384,1739,1
1384,1745,1
1384,1751,1
1382,1746,1
1384,1768,1
1384,1775,1
129,908,1
129,870,1
129,755,1
129,600,1
1385,266,1
1385,421,1
1385,519,1
1385,523,1
1385,534,1
1384,1722,1
1384,1718,1
1384,1715,1
129,1379,1
1384,1519,1
1384,1524,1
1384,1526,1
1384,1528,1
1384,1531,1
1384,1536,1
1384,1548,1
1384,1549,1
1384,1550,1
1384,1569,1
129,1401,1
1384,1576,1
1384,1579,1
1384,1584,1
1384,1587,1
129,1383,1
1384,1601,1
1384,1604,1
1384,1676,1
1384,1679,1
1384,1704,1
1384,1706,1
1384,1708,1
1385,784,1
1385,790,1
1385,800,1
1385,1522,1
1385,1527,1
1385,1528,1
1385,1529,1
1385,1534,1
1385,1536,1
1385,1542,1
1385,1543,1
1385,1548,1
1385,1549,1
1385,1550,1
1385,1554,1
1385,1560,1
128,1876,1
128,1866,1
128,1865,1
1385,1578,1
1385,1581,1
1385,1583,1
1385,1585,1
1385,1587,1
1385,1599,1
1385,1606,1
1385,1703,1
1385,1524,1
1385,1520,1
1385,811,1
1385,1517,1
1385,817,1
1385,829,1
1385,858,1
1385,973,1
128,1955,1
1385,1060,1
1385,1074,1
1385,1084,1
1385,1151,1
1385,1246,1
1385,1472,1
1385,1473,1
1385,1485,1
1385,1498,1
1385,1499,1
1385,1500,1
1385,1503,1
1385,1505,1
1385,1507,1
1385,1509,1
1385,1510,1
1385,1511,1
1385,1513,1
1384,1515,1
129,1462,1
1384,1508,1
1383,1513,1
1383,1517,1
1383,1519,1
1383,1521,1
129,1774,1
1383,1528,1
1383,1535,1
1383,1539,1
1383,1540,1
1383,1548,1
129,1763,1
1383,1551,1
1383,1552,1
129,1753,1
1383,1558,1
1383,1560,1
1383,1572,1
129,1746,1
1383,1578,1
129,1732,1
1383,1588,1
1383,1591,1
1383,1592,1
1383,1593,1
1383,1516,1
1383,1512,1
1383,1595,1
1383,1511,1
1382,1748,1
1382,1749,1
1382,1751,1
129,1858,1
129,1855,1
1382,1775,1
1383,91,1
1383,427,1
1383,432,1
1383,485,1
1383,512,1
129,1845,1
1383,785,1
129,1830,1
1383,1160,1
1383,1315,1
129,1821,1
1383,1317,1
129,1811,1
1383,1499,1
1383,1501,1
129,1786,1
1383,1507,1
1383,1594,1
1383,1597,1
1384,1506,1
1384,91,1
129,1670,1
129,1656,1
129,1597,1
1384,785,1
1384,787,1
1384,802,1
129,1554,1
1384,815,1
1384,820,1
1384,829,1
1384,906,1
1384,1136,1
1384,1137,1
129,1552,1
129,1500,1
129,1495,1
1384,1253,1
1384,1315,1
1384,1317,1
129,1474,1
129,1470,1
1384,1501,1
1384,1502,1
1384,327,1
129,1703,1
1383,1606,1
1383,1993,1
1383,1700,1
1383,1703,1
1383,1707,1
1383,1708,1
1383,1710,1
1383,1713,1
1383,1714,1
129,1724,1
129,1722,1
129,1714,1
1383,1721,1
129,1713,1
1383,1725,1
1383,1726,1
1383,1728,1
1383,1731,1
1383,1736,1
1383,1738,1
1383,1742,1
129,1706,1
1383,1775,1
1383,1794,1
1383,1983,1
1379,1749,1
1379,1746,1
1398,1504,1
1376,1138,1
131,1748,1
131,1747,1
131,1743,1
1376,799,1
1376,805,1
131,1741,1
1376,809,1
131,1739,1
1376,817,1
1376,819,1
1376,829,1
1376,1252,1
1375,1708,1
131,1733,1
1376,1332,1
131,1729,1
1376,1480,1
1376,1498,1
1376,1503,1
1376,1506,1
1376,1507,1
1376,1509,1
1376,1511,1
1376,1513,1
131,1760,1
1376,612,1
1376,424,1
131,1777,1
1375,1716,1
1375,1719,1
1375,1727,1
1375,1730,1
1375,1732,1
1375,1737,1
1375,1739,1
1375,1741,1
1375,1742,1
1375,1750,1
131,1833,1
131,1831,1
131,1830,1
1375,1903,1
131,1828,1
131,1809,1
1375,1910,1
131,1798,1
131,1782,1
131,1779,1
1376,237,1
1376,355,1
1376,419,1
1376,1515,1
1376,1517,1
1376,1518,1
1376,1732,1
1376,1734,1
131,1724,1
1376,1738,1
1376,1740,1
1376,1744,1
131,1716,1
1376,1747,1
131,1715,1
131,1714,1
1376,1906,1
1376,1907,1
1376,1908,1
1376,1909,1
1376,1910,1
1376,1954,1
1376,1981,1
1377,87,1
1377,358,1
1377,397,1
1377,421,1
1377,424,1
1377,428,1
1377,527,1
1376,1733,1
1376,1700,1
1376,1520,1
1376,1699,1
1376,1522,1
1376,1524,1
1376,1526,1
1376,1530,1
1376,1534,1
1376,1542,1
1376,1547,1
1376,1548,1
1376,1549,1
1376,1550,1
1376,1551,1
1376,1552,1
1376,1557,1
1376,1572,1
1376,1576,1
1376,1578,1
1376,1588,1
1376,1589,1
1376,1592,1
1376,1601,1
1376,1603,1
1376,1609,1
1376,1689,1
1375,1711,1
131,1839,1
130,1753,1
1374,1977,1
132,1321,1
132,1317,1
1374,1799,1
1374,1813,1
132,1316,1
1374,1904,1
132,1226,1
1374,1911,1
1374,1915,1
132,1132,1
132,969,1
1375,97,1
1375,1706,1
1375,285,1
132,859,1
1375,392,1
1375,422,1
1375,428,1
1375,605,1
132,458,1
1375,783,1
132,350,1
1375,792,1
1375,794,1
1374,1748,1
1374,1747,1
1374,1746,1
1374,1745,1
1374,1561,1
1374,1566,1
132,1553,1
132,1522,1
1374,1579,1
1374,1592,1
1374,1595,1
132,1452,1
1374,1602,1
1374,1606,1
1374,1713,1
1374,1717,1
132,1385,1
1374,1723,1
1374,1728,1
1374,1732,1
132,1380,1
1374,1735,1
132,1325,1
1374,1738,1
132,1324,1
1374,1743,1
132,1322,1
132,299,1
1375,805,1
1375,814,1
132,128,1
1375,1552,1
1375,1555,1
132,112,1
1375,1564,1
131,1947,1
131,1878,1
1375,1571,1
1375,1572,1
1375,1573,1
1375,1574,1
1375,1576,1
1375,1581,1
1375,1584,1
1375,1586,1
1375,1591,1
1375,1595,1
1375,1599,1
1375,1601,1
1375,1611,1
1375,1687,1
1375,1693,1
1375,1695,1
1375,1702,1
1375,1551,1
132,142,1
1375,820,1
1375,1548,1
1375,823,1
1375,947,1
1375,958,1
1375,1072,1
1375,1171,1
1375,1251,1
1375,1318,1
1375,1462,1
1375,1466,1
1375,1468,1
1375,1472,1
1375,1500,1
1375,1502,1
1375,1505,1
1375,1511,1
1375,1512,1
1375,1514,1
1375,1516,1
1375,1520,1
1375,1529,1
1375,1532,1
1375,1535,1
1375,1542,1
1377,663,1
1377,665,1
1377,667,1
1379,782,1
131,463,1
1378,1817,1
1378,1908,1
1378,1991,1
1379,379,1
1379,380,1
1379,421,1
1379,425,1
1379,434,1
1379,459,1
1379,639,1
1379,787,1
1377,782,1
1379,788,1
1379,791,1
1379,797,1
131,142,1
1379,815,1
1379,816,1
1379,819,1
1379,820,1
1379,980,1
1379,1074,1
1379,1257,1
1378,1748,1
1378,1742,1
1378,1741,1
1378,1740,1
131,1206,1
1378,1551,1
1378,1555,1
1378,1559,1
1378,1561,1
1378,1566,1
1378,1569,1
1378,1574,1
1378,1576,1
1378,1577,1
1378,1586,1
131,1133,1
1378,1590,1
1378,1599,1
1378,1601,1
131,1091,1
131,1022,1
1378,1706,1
1378,1709,1
1378,1727,1
131,718,1
1378,1732,1
131,587,1
1379,1268,1
1379,1313,1
1379,1315,1
1379,1575,1
1379,1578,1
1379,1581,1
1379,1582,1
1379,1585,1
1379,1586,1
1379,1588,1
1379,1591,1
1379,1596,1
1379,1597,1
1379,1607,1
1379,1697,1
1379,1704,1
1379,1716,1
1379,1717,1
1379,1721,1
1379,1728,1
1379,1729,1
1379,1733,1
1379,1734,1
1379,1735,1
1379,1738,1
1379,1741,1
1379,1742,1
1379,1577,1
130,1762,1
1379,1317,1
1379,1564,1
130,1873,1
130,1830,1
1379,1378,1
130,1802,1
1379,1501,1
1379,1503,1
1379,1506,1
1379,1507,1
1379,1509,1
1379,1512,1
1379,1519,1
1379,1524,1
1379,1527,1
1379,1530,1
1379,1533,1
1379,1544,1
1379,1547,1
1379,1548,1
1379,1549,1
130,1798,1
1379,1551,1
1379,1559,1
1379,1560,1
131,1232,1
1378,1540,1
1378,1538,1
1377,1544,1
131,1666,1
131,1637,1
1377,1550,1
1377,1551,1
1377,1553,1
1377,1560,1
1377,1563,1
1377,1565,1
1377,1566,1
1377,1580,1
1377,1585,1
1377,1586,1
1377,1592,1
1377,1593,1
1377,1598,1
1377,1599,1
1377,1601,1
1377,1609,1
1377,1623,1
131,1561,1
131,1521,1
131,1517,1
1377,1705,1
1377,1546,1
1377,1543,1
1377,1714,1
1377,1535,1
1377,794,1
131,1707,1
1377,801,1
1377,802,1
131,1705,1
1377,820,1
1377,1146,1
1377,1252,1
131,1686,1
1377,1462,1
1377,1499,1
1377,1502,1
1377,1505,1
1377,1509,1
1377,1511,1
1377,1512,1
1377,1518,1
1377,1521,1
1377,1523,1
1377,1525,1
1377,1526,1
131,1675,1
1377,1532,1
1377,1711,1
1377,1715,1
1378,1536,1
1378,780,1
131,1321,1
1378,794,1
131,1320,1
131,1319,1
1378,811,1
1378,818,1
1378,820,1
131,1318,1
1378,1159,1
1378,1247,1
1378,1334,1
131,1317,1
1378,1499,1
131,1279,1
1378,1504,1
1378,1505,1
1378,1508,1
1378,1510,1
1378,1513,1
1378,1516,1
1378,1522,1
1378,1523,1
1378,1528,1
1378,781,1
1378,544,1
1377,1728,1
1378,459,1
1377,1730,1
1377,1732,1
1377,1734,1
1377,1736,1
131,1502,1
1377,1742,1
1377,1744,1
1377,1748,1
131,1484,1
1377,1817,1
131,1419,1
1377,1905,1
1377,1906,1
1377,1907,1
1377,1908,1
1377,1909,1
1377,1910,1
1377,1942,1
1378,315,1
131,1407,1
131,1323,1
1378,457,1
1378,458,1
1385,1704,1
1385,1714,1
128,1852,1
1394,1463,1
126,1725,1
1394,753,1
1394,839,1
1394,840,1
1394,972,1
1394,1128,1
1394,1157,1
1394,1241,1
1394,1270,1
126,1721,1
1394,1375,1
1394,1490,1
1393,1590,1
1394,1499,1
1394,1503,1
1394,1506,1
1394,1508,1
1394,1513,1
126,1718,1
1394,1519,1
1394,1521,1
1394,1522,1
1394,1524,1
1394,1527,1
1394,278,1
1394,113,1
1393,1775,1
1393,1750,1
1393,1594,1
126,1751,1
1393,1604,1
1393,1606,1
1393,1681,1
1393,1695,1
1393,1696,1
1393,1701,1
1393,1706,1
1393,1708,1
1393,1713,1
1393,1715,1
1393,1726,1
126,1749,1
1393,1736,1
126,1748,1
126,1746,1
1393,1741,1
126,1745,1
1393,1743,1
1393,1744,1
1393,1745,1
126,1736,1
1394,1529,1
1394,1536,1
1394,1538,1
1394,1726,1
1394,1734,1
126,1692,1
1394,1737,1
1394,1739,1
126,1690,1
1394,1742,1
126,1680,1
126,1673,1
126,1656,1
126,1652,1
126,1642,1
1394,1751,1
1394,1752,1
1394,1775,1
1394,1797,1
126,1631,1
126,1624,1
126,1620,1
1395,94,1
1395,115,1
1395,432,1
1395,621,1
126,1613,1
1394,1731,1
1394,1724,1
126,1716,1
126,1696,1
1394,1548,1
1394,1549,1
1394,1552,1
1394,1556,1
1394,1557,1
126,1713,1
1394,1566,1
1394,1571,1
1394,1573,1
1394,1576,1
1394,1578,1
1394,1583,1
1394,1606,1
1394,1609,1
1394,1613,1
1394,1658,1
1394,1677,1
1394,1680,1
1394,1693,1
1394,1697,1
1394,1701,1
1394,1704,1
126,1701,1
1393,1592,1
1393,1589,1
128,1830,1
1392,1585,1
1392,1534,1
1392,1548,1
1392,1549,1
1392,1550,1
1392,1560,1
1392,1565,1
1392,1569,1
1392,1570,1
127,1209,1
127,1071,1
127,1069,1
1392,1594,1
1393,1581,1
1392,1595,1
1392,1599,1
1392,1605,1
1392,1607,1
1392,1702,1
127,899,1
1392,1704,1
127,684,1
1392,1731,1
1392,1732,1
127,594,1
127,1227,1
1392,1524,1
127,1233,1
127,1247,1
1392,91,1
1392,288,1
127,1472,1
1392,523,1
127,1466,1
127,1464,1
1392,676,1
1392,1136,1
1392,1261,1
1392,1415,1
1392,1417,1
1392,1418,1
1392,1499,1
1392,1501,1
1392,1503,1
1392,1505,1
1392,1506,1
127,1252,1
1392,1508,1
1392,1510,1
1392,1511,1
1392,1513,1
1392,1519,1
1392,1738,1
1392,1740,1
1392,1741,1
126,1815,1
1393,1501,1
1393,1503,1
1393,1506,1
1393,1511,1
1393,1512,1
1393,1515,1
1393,1516,1
1393,1518,1
1393,1521,1
1393,1523,1
1393,1525,1
1393,1528,1
1393,1531,1
1393,1533,1
1393,1541,1
1393,1543,1
1393,1547,1
1393,1548,1
1393,1550,1
1393,1559,1
1393,1575,1
126,1781,1
1393,1578,1
126,1796,1
1393,1372,1
127,344,1
126,1822,1
1392,1743,1
1392,1744,1
1392,1746,1
1392,1748,1
1392,1750,1
1392,1751,1
126,1952,1
1392,1794,1
1392,1795,1
1392,1982,1
126,1887,1
126,1879,1
1393,447,1
1393,452,1
126,1866,1
126,1864,1
1393,631,1
126,1857,1
1393,936,1
126,1848,1
1393,1265,1
1393,1266,1
1393,1270,1
126,1612,1
1395,624,1
126,1597,1
125,1728,1
1397,716,1
1397,900,1
1397,1123,1
1397,1239,1
1397,1241,1
1397,1462,1
1397,1497,1
1397,1501,1
1397,1503,1
125,1729,1
1397,1509,1
1397,1513,1
126,1562,1
1397,1516,1
1397,1519,1
1397,1521,1
1397,1523,1
1397,1525,1
1397,1531,1
1397,1532,1
1397,1535,1
1397,1539,1
1397,1542,1
1397,1543,1
125,1731,1
125,1736,1
1397,405,1
1397,331,1
1396,1707,1
1396,1717,1
1396,1722,1
1396,1726,1
1396,1731,1
125,1810,1
125,1808,1
125,1804,1
125,1789,1
125,1787,1
125,1785,1
125,1770,1
125,1757,1
125,1755,1
125,1753,1
125,1751,1
125,1749,1
125,1748,1
1396,1766,1
125,1743,1
1396,1768,1
1396,1775,1
1396,1998,1
125,1727,1
1397,1564,1
125,1722,1
125,1695,1
1397,1770,1
125,1679,1
1397,1774,1
1397,1775,1
1397,1792,1
125,1678,1
1397,1840,1
1397,1997,1
1398,782,1
1398,1073,1
125,1666,1
1398,1229,1
1398,1237,1
1398,1241,1
1398,1243,1
1398,1268,1
1398,1323,1
1398,1376,1
125,1657,1
125,1646,1
1398,1462,1
1398,1498,1
1398,1503,1
1397,1753,1
125,1696,1
1397,1573,1
125,1699,1
1397,1574,1
1397,1578,1
125,1720,1
1397,1592,1
1397,1597,1
1397,1599,1
125,1718,1
1397,1606,1
1397,1612,1
1397,1655,1
1397,1685,1
1397,1705,1
1397,1719,1
1397,1723,1
1397,1731,1
125,1715,1
125,1709,1
1397,1741,1
1397,1742,1
1397,1743,1
1397,1745,1
125,1703,1
125,1700,1
1396,1701,1
1396,1651,1
125,1813,1
1395,1535,1
1395,1547,1
1395,1548,1
1395,1549,1
1395,1550,1
1395,1554,1
1395,1557,1
1395,1562,1
1395,1564,1
1395,1568,1
1395,1569,1
1395,1571,1
1395,1574,1
1395,1581,1
1395,1584,1
1395,1587,1
1395,1590,1
126,1346,1
126,1191,1
1395,1596,1
1395,1599,1
1395,1613,1
1395,1654,1
1395,1711,1
1395,1536,1
126,1409,1
1395,1723,1
1395,1532,1
126,1528,1
126,1519,1
1395,1270,1
1395,1323,1
1395,1333,1
1395,1334,1
126,1503,1
126,1484,1
1395,1489,1
1395,1498,1
126,1461,1
1395,1502,1
1395,1505,1
1395,1507,1
1395,1509,1
1395,1510,1
1395,1514,1
1395,1516,1
1395,1517,1
1395,1518,1
1395,1519,1
1395,1520,1
1395,1530,1
1395,1715,1
1395,1733,1
1396,1608,1
1396,1504,1
1396,1514,1
1396,1515,1
1396,1518,1
1396,1521,1
1396,1522,1
1396,1525,1
1396,1527,1
1396,1530,1
1396,1532,1
1396,1542,1
1396,1544,1
1396,1547,1
125,1888,1
1396,1549,1
125,1887,1
1396,1566,1
125,1846,1
1396,1571,1
125,1842,1
1396,1578,1
125,1834,1
1396,1581,1
1396,1589,1
125,1889,1
1396,1487,1
1395,1734,1
1396,1468,1
126,1089,1
1395,1737,1
1395,1738,1
1395,1739,1
1395,1740,1
126,1035,1
126,952,1
126,899,1
126,713,1
126,373,1
126,329,1
126,322,1
126,280,1
125,1989,1
1395,1795,1
1395,1993,1
1396,249,1
125,1891,1
1396,614,1
1396,839,1
1396,900,1
1396,1399,1
1396,1447,1
1391,1995,1
1391,1988,1
127,1477,1
1388,1506,1
1388,1241,1
1388,1312,1
1388,1319,1
128,1698,1
128,1697,1
1388,1335,1
128,1693,1
1388,1473,1
1388,1499,1
1388,1502,1
1388,1505,1
1388,1509,1
1389,1497,1
1388,1512,1
1388,1518,1
128,1690,1
1388,1524,1
1388,1526,1
1388,1529,1
128,1689,1
1388,1536,1
1388,1538,1
1388,1540,1
1388,1543,1
1388,1240,1
1388,1234,1
128,1702,1
128,1707,1
1387,1594,1
1387,1596,1
1387,1601,1
1387,1604,1
128,1719,1
1387,1701,1
1387,1702,1
1387,1706,1
1387,1717,1
1387,1719,1
1387,1721,1
1387,1727,1
128,1717,1
1387,1741,1
1387,1742,1
1387,1743,1
1387,1775,1
1387,1980,1
1388,433,1
1388,519,1
1388,681,1
1388,770,1
1388,805,1
128,1675,1
1388,1549,1
1388,1550,1
128,1580,1
1388,1750,1
1388,1775,1
1388,1798,1
1388,1857,1
128,1552,1
1389,311,1
128,1525,1
128,1480,1
1389,436,1
1389,439,1
1389,519,1
128,1405,1
128,1207,1
1389,790,1
1389,819,1
1389,826,1
1389,1054,1
1389,1081,1
1389,1240,1
1389,1241,1
1389,1270,1
1389,1345,1
1389,1392,1
1388,1749,1
1388,1745,1
1388,1568,1
1388,1741,1
1388,1577,1
1388,1581,1
128,1669,1
1388,1593,1
1388,1610,1
1388,1611,1
1388,1676,1
1388,1677,1
1388,1693,1
1388,1698,1
1388,1703,1
1388,1704,1
128,1661,1
1388,1713,1
1388,1714,1
1388,1720,1
1388,1724,1
1388,1726,1
1388,1728,1
128,1612,1
128,1598,1
1388,1739,1
1388,1740,1
128,1729,1
1387,1589,1
1387,1585,1
1386,1236,1
1386,1501,1
1386,1505,1
1386,1506,1
1386,1507,1
1386,1510,1
1386,1515,1
1386,1518,1
1386,1519,1
1386,1523,1
128,1811,1
1386,1531,1
1386,1533,1
1386,1539,1
128,1809,1
1386,1551,1
1386,1558,1
1386,1562,1
1386,1564,1
1386,1571,1
1386,1574,1
128,1800,1
1386,1576,1
1386,1578,1
1386,1499,1
1386,1235,1
1386,1590,1
1386,1234,1
1385,1725,1
1385,1727,1
1385,1729,1
1385,1731,1
1385,1740,1
1385,1769,1
1385,1775,1
1385,1872,1
128,1823,1
1386,269,1
1386,333,1
1386,421,1
1386,459,1
1386,784,1
1386,793,1
1386,815,1
1386,817,1
1386,962,1
1386,968,1
1386,989,1
1386,1029,1
1386,1063,1
1386,1084,1
1386,1585,1
1386,1594,1
1387,1583,1
1387,960,1
1387,1147,1
128,1750,1
1387,1499,1
1387,1504,1
1387,1505,1
1387,1508,1
1387,1514,1
128,1741,1
1387,1520,1
1387,1522,1
1387,1528,1
1387,1531,1
1387,1533,1
1387,1539,1
1387,1548,1
128,1739,1
1387,1551,1
128,1736,1
1387,1559,1
1387,1568,1
128,1730,1
1387,1573,1
1387,1577,1
1387,1074,1
1387,854,1
1386,1595,1
1387,829,1
1386,1611,1
128,1799,1
1386,1700,1
128,1782,1
1386,1705,1
1386,1716,1
1386,1718,1
1386,1719,1
1386,1720,1
1386,1726,1
1386,1728,1
1386,1729,1
128,1771,1
1386,1735,1
1386,1737,1
1386,1742,1
1386,1745,1
128,1757,1
1386,1775,1
1386,1796,1
128,1753,1
1387,452,1
1387,808,1
128,1070,1
1389,1504,1
127,1494,1
1391,802,1
1390,1992,1
1391,30,1
1391,34,1
127,1703,1
1391,431,1
1391,627,1
1391,633,1
1391,782,1
1391,790,1
1391,795,1
1391,801,1
1391,805,1
1389,1506,1
1391,809,1
1391,813,1
1391,815,1
1391,973,1
1391,1341,1
127,1672,1
127,1665,1
1391,1415,1
1391,1493,1
1391,1498,1
1391,1504,1
1390,1989,1
1390,1921,1
1390,1785,1
1390,1775,1
1390,1679,1
1390,1681,1
1390,1688,1
127,1722,1
127,1718,1
1390,1698,1
1390,1700,1
1390,1701,1
127,1716,1
127,1715,1
1390,1709,1
1390,1721,1
1390,1728,1
1390,1733,1
1390,1734,1
1390,1736,1
1390,1739,1
1390,1741,1
1390,1742,1
127,1713,1
127,1705,1
1390,1751,1
1390,1769,1
1391,1506,1
1391,1510,1
1391,1513,1
1391,1702,1
127,1586,1
1391,1706,1
1391,1709,1
1391,1711,1
1391,1715,1
127,1552,1
1391,1724,1
1391,1726,1
1391,1729,1
1391,1733,1
1391,1736,1
1391,1738,1
1391,1739,1
1391,1740,1
1391,1744,1
127,1524,1
1391,1747,1
1391,1748,1
1391,1751,1
1391,1775,1
1391,1795,1
1391,1804,1
1391,1920,1
127,1588,1
1391,1694,1
1391,1514,1
1391,1667,1
1391,1517,1
1391,1523,1
1391,1526,1
1391,1532,1
1391,1536,1
1391,1538,1
1391,1545,1
1391,1547,1
1391,1548,1
127,1612,1
1391,1555,1
1391,1561,1
1391,1563,1
1391,1567,1
1391,1571,1
1391,1572,1
1391,1575,1
1391,1578,1
1391,1580,1
1391,1590,1
1391,1591,1
1391,1597,1
1391,1612,1
1390,1611,1
1390,1602,1
1390,1596,1
1389,1587,1
1389,1599,1
1389,1605,1
128,712,1
1389,1678,1
1389,1695,1
128,313,1
1389,1709,1
1389,1715,1
128,106,1
1389,1718,1
128,37,1
127,1960,1
1389,1734,1
1389,1741,1
1389,1746,1
1389,1750,1
1389,1751,1
127,1861,1
1389,1775,1
1389,1794,1
1389,1855,1
1389,1993,1
1390,30,1
128,736,1
1389,1585,1
1390,335,1
1389,1578,1
1389,1507,1
1389,1508,1
1389,1515,1
1389,1516,1
1389,1521,1
1389,1522,1
1389,1524,1
1389,1525,1
1389,1526,1
1389,1534,1
1389,1538,1
1389,1546,1
128,899,1
1389,1549,1
1389,1557,1
1389,1560,1
1389,1563,1
1389,1565,1
1389,1568,1
1389,1571,1
1389,1573,1
1389,1575,1
1389,1576,1
127,1857,1
127,1836,1
1390,1593,1
1390,1511,1
1390,1520,1
1390,1524,1
1390,1528,1
1390,1529,1
1390,1531,1
1390,1534,1
127,1733,1
127,1729,1
1390,1548,1
1390,1549,1
1390,1550,1
1390,1553,1
127,1727,1
1390,1562,1
1390,1567,1
1390,1569,1
1390,1573,1
1390,1575,1
1390,1581,1
1390,1582,1
1390,1583,1
1390,1588,1
1390,1590,1
1390,1516,1
1390,1510,1
1390,524,1
127,1754,1
127,1823,1
127,1814,1
1390,622,1
1390,633,1
1390,780,1
1390,787,1
127,1813,1
1390,860,1
1390,1091,1
1390,1112,1
1390,1240,1
1390,1252,1
127,1790,1
1390,1362,1
1390,1364,1
127,1785,1
127,1778,1
1390,1426,1
1390,1500,1
1390,1502,1
1390,1503,1
1390,1504,1
1390,1505,1
105,1600,1
410,920,1
1589,22,1
47,796,1
1889,970,1
1889,1028,1
1889,1029,1
1889,1034,1
1889,1105,1
1889,1145,1
1889,1146,1
1889,1325,1
1889,1329,1
47,699,1
1889,1533,1
1889,1561,1
1889,1595,1
1889,1674,1
1889,1785,1
47,559,1
1889,1794,1
1889,1800,1
47,460,1
1889,1802,1
47,459,1
1889,1830,1
1889,1832,1
1889,913,1
47,926,1
1889,1865,1
1889,207,1
1888,970,1
1888,978,1
1888,1013,1
1888,1032,1
1888,1105,1
1888,1264,1
1888,1280,1
1888,1294,1
1888,1329,1
47,1088,1
47,1075,1
1888,1561,1
1888,1641,1
1888,1703,1
47,1074,1
1888,1814,1
1888,1860,1
47,987,1
1888,1952,1
1888,1972,1
1889,15,1
1889,42,1
47,981,1
1889,1850,1
1889,1945,1
1888,811,1
46,1884,1
46,1865,1
1890,1787,1
46,1859,1
1890,1840,1
1890,1854,1
1890,1860,1
46,1856,1
1890,1875,1
46,1849,1
46,1811,1
1890,1879,1
1890,1880,1
1890,1944,1
1890,1945,1
1890,1999,1
1891,708,1
1891,710,1
46,1586,1
46,1476,1
46,1466,1
1891,736,1
46,1409,1
46,1407,1
1890,1694,1
1890,1636,1
47,162,1
1890,1595,1
1890,108,1
1890,109,1
1890,190,1
47,144,1
47,103,1
1890,278,1
47,101,1
1890,354,1
1890,629,1
1890,705,1
46,1980,1
1890,914,1
1890,970,1
1890,1026,1
1890,1032,1
1890,1202,1
1890,1315,1
1890,1316,1
1890,1351,1
1890,1366,1
1890,1428,1
1890,1561,1
46,1914,1
1888,812,1
47,1095,1
46,1166,1
1884,1975,1
1885,67,1
48,120,1
1885,476,1
1885,477,1
48,119,1
1885,507,1
48,99,1
1885,612,1
48,80,1
1885,741,1
1885,789,1
1885,814,1
1885,971,1
1885,1013,1
1885,1097,1
1885,1098,1
1885,1144,1
1885,1298,1
47,1985,1
1885,1561,1
47,1979,1
1885,1801,1
47,1978,1
1885,66,1
48,455,1
1885,1990,1
48,461,1
1884,213,1
1884,354,1
1884,537,1
48,1072,1
1884,622,1
1884,750,1
1884,971,1
1884,1013,1
1884,1097,1
1884,1128,1
1884,1157,1
1884,1170,1
1884,1347,1
1884,1363,1
1884,1478,1
1884,1541,1
1884,1561,1
48,733,1
1884,1677,1
1884,1679,1
1884,1680,1
48,588,1
48,478,1
1885,1987,1
1886,132,1
47,1165,1
1887,457,1
1887,620,1
1887,645,1
1887,970,1
1887,1013,1
1887,1097,1
1887,1152,1
1887,1198,1
1887,1483,1
1887,1561,1
1887,1692,1
1887,1717,1
1887,1843,1
1887,1845,1
47,1189,1
1887,1961,1
1888,59,1
1888,61,1
1888,70,1
1888,215,1
1888,517,1
1888,536,1
1888,620,1
1888,621,1
1887,585,1
47,1579,1
1886,133,1
1887,102,1
47,1967,1
47,1966,1
1886,203,1
47,1873,1
47,1869,1
1886,464,1
47,1865,1
1886,590,1
1886,598,1
47,1830,1
47,1814,1
1886,828,1
1886,1013,1
1886,1033,1
1886,1144,1
1886,1348,1
1886,1488,1
1886,1561,1
1886,1669,1
1886,1831,1
1886,1843,1
1887,45,1
47,1618,1
46,1400,1
46,1165,1
44,1336,1
1895,171,1
45,638,1
1895,428,1
45,636,1
1895,510,1
1895,601,1
45,585,1
1895,768,1
1895,936,1
1895,943,1
1895,960,1
1895,970,1
1895,1150,1
1895,1196,1
1895,1197,1
1895,1332,1
1895,1339,1
45,345,1
1895,1503,1
1895,1602,1
1895,1609,1
1895,1642,1
1895,1656,1
1895,1717,1
1895,192,1
1895,111,1
45,232,1
1895,67,1
1894,203,1
45,959,1
45,936,1
1894,570,1
1894,727,1
45,913,1
45,912,1
45,911,1
45,910,1
45,831,1
1894,970,1
1894,1060,1
1894,1332,1
1894,1374,1
1894,1449,1
1894,1471,1
1894,1644,1
1894,1653,1
1894,1809,1
45,661,1
1894,1971,1
1895,64,1
1895,65,1
45,312,1
45,120,1
1893,1995,1
1896,1448,1
1896,1490,1
1896,1638,1
1896,1683,1
44,1665,1
1896,1712,1
1896,1728,1
44,1663,1
1896,1819,1
1896,1850,1
1896,1926,1
1897,63,1
44,1466,1
1897,135,1
1897,170,1
1897,171,1
1897,429,1
44,1463,1
44,1443,1
44,1439,1
1897,814,1
44,1434,1
1897,943,1
1897,952,1
44,1800,1
1896,1357,1
44,1990,1
1896,1135,1
44,1989,1
1895,1850,1
1895,1860,1
1895,1861,1
1895,1925,1
1895,1953,1
1895,1960,1
1896,57,1
1896,64,1
1896,97,1
1896,134,1
44,1984,1
1896,197,1
44,1844,1
44,1836,1
44,1817,1
1896,743,1
1896,931,1
1896,939,1
1896,941,1
1896,970,1
1896,1058,1
1896,1097,1
1894,111,1
45,1003,1
46,1093,1
1892,629,1
1892,696,1
46,587,1
46,124,1
1892,722,1
46,106,1
46,100,1
46,99,1
1892,733,1
45,1990,1
1892,737,1
45,1910,1
45,1875,1
45,1822,1
45,1816,1
45,1791,1
1892,752,1
1892,753,1
1892,758,1
1892,915,1
1892,916,1
1892,970,1
1892,982,1
1892,1196,1
1892,681,1
46,829,1
1892,1353,1
1892,70,1
46,1090,1
1891,758,1
46,1085,1
46,1080,1
46,1077,1
46,1075,1
1891,970,1
1891,1012,1
1891,1014,1
1891,1375,1
46,1073,1
1891,1561,1
1891,1641,1
46,1069,1
46,1045,1
46,1035,1
46,968,1
1891,1839,1
1891,1846,1
46,951,1
1891,1860,1
1891,1928,1
1892,46,1
1892,1307,1
45,1471,1
1893,1924,1
1893,586,1
45,1095,1
45,1092,1
45,1084,1
1893,732,1
45,1080,1
1893,738,1
45,1076,1
45,1075,1
1893,970,1
1893,1105,1
1893,1106,1
1893,1245,1
1893,1354,1
1893,1471,1
1893,1504,1
1893,1594,1
1893,1638,1
1893,1691,1
1893,1693,1
45,1074,1
45,1034,1
1893,1922,1
45,1031,1
1893,656,1
1893,543,1
1892,1429,1
1893,534,1
1892,1439,1
1892,1470,1
1892,1689,1
1892,1690,1
1892,1787,1
1892,1790,1
1892,1820,1
1892,1836,1
1892,1858,1
45,1439,1
1892,1938,1
1892,1984,1
1893,13,1
1893,111,1
1893,193,1
1893,198,1
1893,199,1
45,1424,1
45,1411,1
45,1405,1
45,1398,1
45,1389,1
45,1246,1
1884,212,1
48,1074,1
48,1076,1
1874,1189,1
1874,1206,1
1874,1222,1
1874,1270,1
1874,1389,1
1874,1538,1
1874,1833,1
50,1465,1
50,1407,1
1874,1933,1
1874,1951,1
1875,145,1
50,1401,1
50,1143,1
1875,507,1
1875,550,1
1875,554,1
1875,567,1
50,1095,1
1875,597,1
1875,621,1
1875,711,1
1875,898,1
1875,939,1
1874,1199,1
1874,1187,1
1875,1223,1
50,1492,1
1873,1567,1
1873,1568,1
1873,1569,1
1873,1570,1
1873,1572,1
1873,1574,1
1873,1588,1
1873,1596,1
1873,1597,1
50,1821,1
1873,1832,1
1873,1833,1
1873,1836,1
1873,1866,1
1873,1935,1
1874,177,1
1874,178,1
50,1601,1
1874,519,1
1874,854,1
1874,1004,1
1874,1025,1
1874,1026,1
50,1094,1
1875,1237,1
1873,1565,1
1876,1560,1
1876,1719,1
50,616,1
1876,1810,1
1876,1957,1
50,478,1
1877,312,1
50,388,1
1877,548,1
1877,568,1
1877,607,1
1877,728,1
1877,736,1
1877,737,1
1877,970,1
1877,971,1
1877,980,1
1877,1186,1
1877,1189,1
1877,1195,1
1877,1201,1
1877,1226,1
1877,1246,1
1877,1297,1
1876,1561,1
1876,1448,1
1875,1389,1
1876,1239,1
1875,1598,1
50,1090,1
50,1089,1
1875,1811,1
1875,1823,1
1875,1866,1
1875,1941,1
1875,1958,1
50,1088,1
50,1086,1
1876,204,1
50,1084,1
50,1080,1
1876,422,1
50,1077,1
50,1073,1
1876,567,1
50,1071,1
1876,598,1
1876,854,1
1876,855,1
1876,947,1
1876,1170,1
1873,1566,1
1873,1536,1
48,1078,1
1871,993,1
1871,995,1
1871,1000,1
1871,1171,1
1871,1213,1
1871,1275,1
1871,1372,1
1871,1493,1
1871,1526,1
1871,1527,1
1871,1674,1
1871,1694,1
1871,1725,1
51,112,1
51,104,1
1871,1933,1
1871,1977,1
51,103,1
1872,177,1
51,101,1
51,100,1
1872,202,1
1872,509,1
1872,762,1
1871,994,1
51,456,1
1872,1002,1
1871,990,1
1871,566,1
1871,957,1
1871,958,1
51,1089,1
1871,961,1
1871,962,1
1871,963,1
51,1085,1
1871,965,1
51,1084,1
1871,967,1
1871,968,1
1871,970,1
51,1071,1
1871,972,1
51,783,1
1871,976,1
51,774,1
1871,978,1
1871,980,1
51,484,1
1871,984,1
1871,986,1
1872,964,1
1872,1003,1
1873,1431,1
50,1908,1
50,1895,1
50,1889,1
50,1853,1
1873,741,1
1873,759,1
1873,762,1
1873,1020,1
1873,1021,1
1873,1027,1
1873,1029,1
1873,1041,1
1873,1152,1
1873,1181,1
1873,1187,1
50,1840,1
50,1838,1
1873,1204,1
1873,1206,1
1873,1221,1
1873,1237,1
1873,1274,1
1873,1319,1
50,1833,1
50,1897,1
1873,132,1
1872,1206,1
1872,1952,1
1872,1211,1
1872,1213,1
1872,1270,1
1872,1271,1
1872,1273,1
1872,1291,1
51,99,1
51,98,1
1872,1479,1
1872,1525,1
1872,1526,1
1872,1527,1
1872,1536,1
51,94,1
1872,1538,1
1872,1590,1
1872,1607,1
1872,1715,1
51,90,1
1872,1765,1
50,1921,1
1872,1848,1
1872,1951,1
1877,1319,1
1877,1445,1
1877,1534,1
48,1915,1
48,1876,1
48,1854,1
1882,702,1
1882,716,1
1882,717,1
1882,718,1
48,1846,1
1882,722,1
1882,723,1
48,1831,1
1882,971,1
1882,1157,1
1882,1172,1
1882,1191,1
1882,1425,1
1882,1561,1
48,1824,1
1882,1681,1
1882,1682,1
1882,1683,1
1882,1684,1
48,1772,1
48,1654,1
48,1898,1
48,1967,1
1882,1827,1
48,1985,1
49,475,1
1881,724,1
1881,971,1
1881,1175,1
49,378,1
1881,1207,1
1881,1522,1
1881,1561,1
1881,1687,1
49,358,1
49,136,1
49,107,1
1881,1824,1
49,106,1
1881,1837,1
1881,1854,1
1881,1869,1
1882,40,1
1882,53,1
49,104,1
49,99,1
1882,133,1
48,1992,1
1882,1825,1
1882,1846,1
1877,1609,1
1883,1152,1
1883,1169,1
48,1089,1
1883,1177,1
1883,1191,1
1883,1192,1
48,1086,1
1883,1433,1
1883,1523,1
1883,1561,1
48,1085,1
1883,1681,1
48,1083,1
1883,1733,1
1883,1780,1
48,1082,1
1883,1825,1
1883,1831,1
1883,1847,1
1883,1864,1
1883,1938,1
1884,20,1
1884,121,1
1884,154,1
1883,1153,1
48,1091,1
1882,1849,1
1883,1033,1
1882,1973,1
1883,62,1
1883,173,1
1883,174,1
48,1477,1
48,1415,1
48,1407,1
48,1389,1
48,1347,1
48,1243,1
48,1216,1
1883,626,1
1883,635,1
1883,679,1
1883,740,1
1883,742,1
1883,812,1
1883,940,1
1883,958,1
1883,970,1
1883,971,1
1883,982,1
1883,1028,1
1881,717,1
49,477,1
1881,619,1
1878,1228,1
49,1968,1
1878,1534,1
1878,1537,1
1878,1560,1
1878,1561,1
49,1967,1
1878,1655,1
49,1955,1
1878,1749,1
1878,1783,1
1878,1831,1
49,1846,1
1878,1971,1
49,1826,1
49,1805,1
49,1473,1
49,1462,1
1879,455,1
1879,606,1
1879,635,1
1879,736,1
1879,873,1
1879,908,1
1878,1297,1
49,1969,1
1881,615,1
1878,1189,1
1877,1659,1
50,356,1
1877,1705,1
1877,1781,1
50,348,1
1877,1802,1
50,347,1
50,109,1
1877,1861,1
1877,1866,1
50,107,1
50,104,1
50,102,1
1878,621,1
50,100,1
1878,729,1
1878,736,1
50,86,1
49,1977,1
1878,971,1
1878,1128,1
1878,1163,1
1878,1187,1
1879,994,1
49,1407,1
1879,1188,1
1879,1279,1
1880,744,1
49,1083,1
1880,971,1
1880,1179,1
1880,1189,1
1880,1190,1
1880,1240,1
1880,1282,1
1880,1327,1
1880,1328,1
1880,1561,1
1880,1658,1
49,1078,1
49,1075,1
49,1073,1
49,1039,1
49,947,1
49,921,1
1880,1826,1
1880,1998,1
1881,200,1
49,479,1
1881,577,1
49,1090,1
1880,621,1
1880,615,1
1879,1955,1
49,1385,1
49,1358,1
1879,1561,1
49,1297,1
1879,1744,1
1879,1780,1
1879,1790,1
49,1228,1
1879,1892,1
1879,1947,1
1879,1997,1
49,1092,1
1880,134,1
49,1179,1
49,1171,1
1880,200,1
49,1098,1
49,1095,1
1880,290,1
1880,295,1
1880,299,1
49,1093,1
1897,970,1
44,1224,1
1871,166,1
1912,916,1
1912,920,1
39,661,1
1912,1154,1
1912,1170,1
1912,1198,1
1912,1373,1
1912,1419,1
39,626,1
1912,1474,1
1912,1616,1
1912,1655,1
1912,1657,1
1912,1706,1
1912,1725,1
39,359,1
39,358,1
1912,1789,1
1912,1843,1
1912,1914,1
1912,1986,1
1913,31,1
1913,55,1
1913,56,1
1912,917,1
39,853,1
1913,61,1
1912,778,1
39,1455,1
39,1409,1
1911,1656,1
1911,1657,1
1911,1702,1
39,1237,1
1911,1787,1
39,1224,1
39,1171,1
39,1114,1
1911,1857,1
1911,1984,1
1912,55,1
1912,58,1
1912,59,1
1912,61,1
1912,234,1
1912,290,1
39,1101,1
39,1031,1
39,1018,1
1912,704,1
39,1001,1
1913,60,1
1913,66,1
1911,1615,1
38,1910,1
1913,1851,1
1913,1992,1
1914,6,1
1914,18,1
1914,31,1
1914,56,1
1914,60,1
1914,223,1
1914,410,1
1914,515,1
38,1875,1
38,1867,1
1914,923,1
1914,976,1
1914,1143,1
1914,1146,1
38,1817,1
1914,1167,1
1914,1197,1
1914,1497,1
1914,1551,1
1914,1616,1
1914,1619,1
38,1898,1
1913,1656,1
1913,87,1
1913,1655,1
1913,137,1
1913,234,1
39,66,1
1913,704,1
39,64,1
1913,800,1
1913,872,1
1913,919,1
1913,922,1
1913,984,1
1913,1155,1
1913,1198,1
1913,1201,1
1913,1211,1
1913,1231,1
1913,1419,1
1913,1420,1
38,1966,1
1913,1542,1
1913,1622,1
1913,1643,1
1913,1644,1
1913,1654,1
1911,1622,1
1911,1613,1
1914,1646,1
1909,1222,1
40,1269,1
1909,1474,1
1909,1549,1
1909,1605,1
1909,1609,1
1909,1612,1
40,1226,1
1909,1614,1
1909,1631,1
1909,1633,1
1909,1634,1
1909,1640,1
40,1149,1
40,1116,1
1909,1986,1
40,1082,1
1910,15,1
1910,30,1
1910,55,1
1910,106,1
40,891,1
1910,330,1
40,890,1
1909,1471,1
1909,1160,1
1910,566,1
1909,1127,1
1909,55,1
1909,56,1
1909,60,1
1909,61,1
1909,212,1
1909,283,1
1909,353,1
1909,567,1
1909,568,1
40,1468,1
40,1412,1
1909,827,1
1909,829,1
1909,845,1
1909,920,1
1909,922,1
1909,928,1
1909,974,1
40,1407,1
1909,976,1
1909,977,1
1909,978,1
1909,1001,1
40,457,1
40,358,1
1911,1609,1
1911,60,1
1911,71,1
1911,127,1
1911,208,1
1911,212,1
1911,353,1
1911,592,1
1911,598,1
1911,704,1
39,1590,1
1911,801,1
1911,916,1
1911,928,1
1911,979,1
1911,980,1
1911,981,1
1911,1026,1
1911,1164,1
1911,1198,1
1911,1375,1
1911,1417,1
1911,1418,1
1911,1426,1
1911,1429,1
1911,63,1
39,1770,1
40,357,1
1911,55,1
1910,978,1
1910,1150,1
1910,1210,1
1910,1376,1
40,102,1
1910,1418,1
1910,1419,1
1910,1428,1
39,1972,1
1910,1473,1
1910,1604,1
1910,1613,1
1910,1614,1
1910,1618,1
1910,1656,1
39,1967,1
1910,1755,1
1910,1808,1
1910,1840,1
1910,1851,1
39,1882,1
1910,1982,1
1911,24,1
1914,1644,1
1914,1655,1
1897,1130,1
1918,1461,1
1918,1591,1
1918,1619,1
1918,1626,1
1918,1628,1
1918,1657,1
1918,1736,1
37,1073,1
37,1032,1
1918,1813,1
1918,1850,1
1919,2,1
1919,20,1
1919,29,1
37,457,1
1919,66,1
1919,394,1
1919,509,1
37,368,1
37,367,1
37,316,1
1919,792,1
37,45,1
1919,903,1
1918,1547,1
37,1195,1
1919,918,1
1918,1392,1
37,1506,1
1918,56,1
1918,57,1
1918,58,1
1918,61,1
1918,209,1
1918,216,1
1918,582,1
37,1495,1
37,1494,1
37,1481,1
37,1462,1
37,1408,1
37,1407,1
1918,792,1
1918,794,1
37,1236,1
1918,916,1
1918,919,1
1918,927,1
1918,1030,1
1918,1098,1
1918,1106,1
1919,916,1
1919,1004,1
37,1567,1
1920,58,1
1920,123,1
1920,643,1
1920,644,1
36,1883,1
1920,646,1
36,1797,1
1920,747,1
1920,827,1
1920,916,1
1920,1080,1
1920,1098,1
1920,1099,1
1920,1161,1
1920,1168,1
1920,1652,1
1920,1653,1
1920,1655,1
1920,1656,1
1920,1657,1
36,1574,1
36,1532,1
36,1479,1
36,1474,1
1920,60,1
1920,57,1
1919,1031,1
1920,56,1
1919,1032,1
1919,1096,1
1919,1097,1
37,30,1
1919,1148,1
1919,1207,1
1919,1242,1
37,15,1
1919,1429,1
1919,1600,1
37,11,1
1919,1622,1
1919,1628,1
1919,1654,1
1919,1655,1
1919,1657,1
36,1907,1
1919,1839,1
1919,1851,1
36,1895,1
1919,1866,1
1919,1994,1
1920,55,1
1918,32,1
1917,1853,1
1914,1656,1
1915,988,1
1915,1199,1
1915,1226,1
1915,1419,1
1915,1427,1
1915,1428,1
1915,1644,1
1915,1654,1
1915,1655,1
1915,1656,1
1915,1657,1
1915,1719,1
1915,1779,1
1915,1849,1
1915,1861,1
1915,1867,1
1915,1890,1
1915,1996,1
1916,6,1
38,1451,1
1916,61,1
1916,201,1
1916,202,1
1916,292,1
1915,1167,1
1915,909,1
38,1407,1
1915,900,1
1914,1657,1
1914,1705,1
1914,1706,1
38,1703,1
1914,1825,1
1914,1848,1
1914,1852,1
1914,1983,1
1914,1993,1
1914,1996,1
1914,1998,1
1915,4,1
1915,15,1
1915,55,1
1915,58,1
1915,59,1
1915,62,1
1915,202,1
1915,223,1
1915,231,1
1915,464,1
38,1601,1
1915,758,1
1916,393,1
38,1346,1
37,1591,1
38,180,1
37,1879,1
37,1857,1
1917,805,1
1917,829,1
1917,908,1
1917,924,1
1917,1031,1
1917,1198,1
1917,1333,1
1917,1426,1
1917,1582,1
1917,1613,1
1917,1625,1
1917,1630,1
1917,1652,1
1917,1654,1
1917,1655,1
1917,1656,1
1917,1720,1
1917,1724,1
37,1845,1
37,1812,1
1917,1809,1
37,1983,1
38,320,1
1916,560,1
1917,125,1
38,1310,1
38,1237,1
38,1236,1
38,1119,1
38,1031,1
1916,892,1
1916,1198,1
1916,1209,1
1916,1374,1
1916,1429,1
1916,1610,1
1916,1624,1
1916,1630,1
1916,1653,1
1916,1719,1
38,994,1
38,967,1
1916,1844,1
1916,1854,1
1917,58,1
1917,59,1
1917,60,1
38,562,1
1909,51,1
1909,15,1
1908,1856,1
1901,59,1
1901,534,1
1901,536,1
43,1074,1
1901,909,1
1901,916,1
1901,922,1
1901,923,1
1901,924,1
1901,939,1
43,1052,1
43,1009,1
1901,1377,1
43,965,1
1901,1638,1
1901,1639,1
1901,1640,1
1901,1642,1
1901,1685,1
1901,1731,1
1901,1862,1
43,872,1
1901,1931,1
1901,1933,1
1901,172,1
1901,58,1
1901,1938,1
43,1076,1
1900,1256,1
1900,1361,1
43,1356,1
43,1284,1
1900,1540,1
43,1188,1
1900,1637,1
43,1130,1
1900,1660,1
43,1094,1
43,1093,1
43,1091,1
1900,1840,1
1900,1904,1
43,1090,1
43,1086,1
43,1082,1
1900,1938,1
43,1079,1
1900,1945,1
1900,1951,1
1900,1965,1
1901,56,1
1901,1935,1
1901,1947,1
1900,1194,1
43,79,1
1902,1638,1
1902,1639,1
1902,1640,1
1902,1642,1
1902,1643,1
42,1965,1
1902,1863,1
42,1935,1
42,1918,1
1902,1933,1
42,1897,1
1902,1945,1
42,1891,1
1903,37,1
1903,56,1
1903,57,1
1903,58,1
1903,534,1
1903,536,1
1903,561,1
1903,697,1
1903,703,1
42,1866,1
1902,1637,1
1902,1369,1
1901,1973,1
1902,1354,1
1902,17,1
1902,19,1
1902,20,1
1902,58,1
1902,59,1
1902,60,1
1902,105,1
1902,169,1
43,693,1
1902,243,1
1902,263,1
43,588,1
1902,300,1
1902,302,1
43,448,1
43,340,1
43,266,1
43,265,1
1902,925,1
1902,977,1
1902,1021,1
1902,1028,1
43,132,1
43,1369,1
1900,1160,1
1908,1836,1
44,911,1
44,910,1
44,633,1
44,587,1
1898,801,1
1898,827,1
1898,874,1
1898,903,1
1898,908,1
1898,909,1
1898,1014,1
1898,1245,1
1898,1247,1
1898,1324,1
1898,1326,1
1898,1348,1
1898,1385,1
1898,1446,1
1898,1489,1
44,316,1
44,296,1
44,153,1
44,99,1
44,90,1
1898,702,1
1898,584,1
1898,1713,1
1898,349,1
1897,1132,1
1897,1197,1
1897,1245,1
1897,1325,1
1897,1447,1
44,1093,1
44,1092,1
44,1088,1
44,1086,1
1897,1712,1
1897,1729,1
44,1081,1
44,1078,1
1897,1839,1
1898,46,1
1898,55,1
1898,57,1
44,1077,1
1898,64,1
1898,154,1
1898,166,1
44,1052,1
1898,267,1
44,68,1
44,67,1
1900,1057,1
43,1889,1
43,1856,1
1899,1538,1
1899,1637,1
1899,1859,1
1899,1870,1
1899,1873,1
1899,1929,1
1899,1931,1
1899,1950,1
1899,1964,1
1900,39,1
1900,56,1
1900,57,1
1900,58,1
1900,173,1
1900,224,1
1900,228,1
1900,693,1
43,1515,1
43,1490,1
43,1469,1
1900,920,1
1900,921,1
43,1866,1
43,1894,1
43,1947,1
43,1909,1
1898,1793,1
1898,1817,1
1898,1847,1
1898,1867,1
1898,1930,1
1898,1934,1
1898,1949,1
43,1946,1
1899,62,1
1899,67,1
1899,172,1
1899,634,1
1899,694,1
43,1910,1
1899,819,1
1899,828,1
1899,970,1
1899,1051,1
1899,1058,1
1899,1139,1
1899,1247,1
1899,1248,1
1899,1360,1
42,1853,1
1903,759,1
1903,761,1
1907,433,1
1907,477,1
1907,514,1
1907,569,1
1907,690,1
41,1462,1
41,1392,1
41,1387,1
41,1269,1
41,1197,1
1907,827,1
1907,828,1
1907,829,1
1907,897,1
41,1107,1
41,1096,1
1907,914,1
1907,962,1
1907,968,1
1907,1131,1
1907,1152,1
1907,1197,1
1907,1202,1
1907,1220,1
1907,474,1
41,1465,1
1907,1222,1
1907,354,1
1906,1197,1
1906,1231,1
1906,1324,1
1906,1390,1
41,1692,1
1906,1427,1
41,1690,1
1906,1429,1
1906,1483,1
41,1669,1
1906,1748,1
41,1499,1
1906,1882,1
1906,1903,1
1906,1916,1
1906,1977,1
1906,1984,1
1907,16,1
1907,39,1
1907,58,1
1907,61,1
1907,66,1
41,1492,1
1907,1221,1
1907,1223,1
42,1821,1
1908,568,1
41,118,1
41,104,1
41,98,1
1908,827,1
1908,828,1
1908,883,1
1908,973,1
1908,974,1
41,94,1
40,1907,1
40,1895,1
1908,1161,1
1908,1162,1
1908,1203,1
1908,1221,1
40,1893,1
40,1890,1
40,1882,1
40,1821,1
1908,1594,1
1908,1653,1
40,1479,1
1908,1833,1
41,136,1
1908,332,1
1907,1226,1
1908,310,1
1907,1429,1
41,1070,1
1907,1593,1
41,1069,1
41,1068,1
41,1054,1
41,1005,1
1907,1643,1
41,1004,1
1907,1650,1
1907,1651,1
1907,1652,1
1907,1653,1
1907,1654,1
1907,1655,1
1907,1656,1
41,802,1
1907,1658,1
1907,1747,1
1907,1856,1
1907,1882,1
1908,55,1
1908,56,1
1906,1131,1
1906,1130,1
1906,1065,1
1904,704,1
42,1432,1
42,1406,1
42,1395,1
42,1175,1
1904,828,1
1904,917,1
1904,930,1
1904,931,1
1904,942,1
1904,944,1
1904,1198,1
1904,1199,1
1904,1204,1
1904,1206,1
1904,1222,1
1904,1380,1
42,1092,1
1904,1785,1
42,1082,1
42,1080,1
1904,1859,1
1904,1972,1
1904,1975,1
42,1437,1
1904,697,1
1906,980,1
1904,577,1
42,1792,1
1903,1222,1
1903,1223,1
1903,1493,1
1903,1638,1
1903,1639,1
1903,1641,1
1903,1660,1
1903,1772,1
1903,1836,1
1903,1927,1
1903,1933,1
1903,1981,1
1903,1998,1
1904,23,1
1904,38,1
1904,56,1
1904,57,1
1904,60,1
1904,90,1
1904,105,1
1904,300,1
1904,534,1
1904,1977,1
1905,59,1
42,1079,1
1905,62,1
1905,1860,1
1905,1861,1
1905,1873,1
41,1951,1
41,1898,1
1905,1975,1
1906,21,1
1906,31,1
1906,57,1
1906,64,1
1906,221,1
41,1890,1
41,1877,1
1906,571,1
1906,577,1
41,1876,1
41,1848,1
41,1847,1
41,1786,1
1906,776,1
1906,919,1
1906,966,1
1906,968,1
1905,1807,1
41,1953,1
42,87,1
1905,918,1
1905,257,1
1905,405,1
1905,651,1
42,1077,1
42,584,1
42,458,1
42,457,1
42,136,1
1905,830,1
42,132,1
1905,920,1
1905,1684,1
1905,921,1
1905,925,1
1905,1020,1
1905,1223,1
1905,1224,1
1905,1241,1
1905,1311,1
1905,1640,1
1905,1641,1
1905,1642,1
1871,547,1
1871,36,1
1920,1875,1
1841,562,1
1841,819,1
1841,820,1
1841,821,1
1841,822,1
57,1902,1
1841,999,1
1841,1022,1
57,1890,1
1841,1171,1
1841,1192,1
1841,1196,1
1841,1198,1
1841,1220,1
1841,1244,1
1841,1396,1
1841,1425,1
1841,1441,1
1841,1445,1
1841,1474,1
1841,1548,1
1841,1584,1
57,1883,1
57,1841,1
1841,606,1
58,167,1
57,1829,1
58,262,1
1840,1703,1
1840,1808,1
1840,1819,1
58,355,1
1840,1849,1
58,336,1
1840,1851,1
58,335,1
1840,1893,1
1840,1958,1
1841,117,1
1841,137,1
1841,158,1
1841,164,1
1841,168,1
1841,169,1
1841,170,1
1841,171,1
1841,222,1
1841,229,1
1841,245,1
58,305,1
1841,370,1
1841,1820,1
57,1820,1
58,356,1
1842,1645,1
1842,1716,1
1842,1717,1
1842,1718,1
1842,1719,1
57,1081,1
57,1079,1
57,1077,1
57,1075,1
1842,1819,1
57,1073,1
57,1054,1
57,1046,1
57,980,1
57,976,1
57,955,1
1842,1855,1
57,359,1
1842,1905,1
57,353,1
1842,1944,1
57,111,1
1843,96,1
1843,165,1
1842,1675,1
1842,1621,1
57,1161,1
1842,1274,1
1842,136,1
1842,159,1
1842,162,1
1842,165,1
1842,167,1
1842,173,1
1842,224,1
57,1160,1
1842,522,1
1842,548,1
1842,572,1
1842,828,1
1842,891,1
57,1092,1
1842,1022,1
57,1090,1
57,1088,1
57,1086,1
1842,1040,1
1842,1043,1
1842,1171,1
1842,1209,1
1842,1230,1
1840,1692,1
1840,1626,1
1843,171,1
1838,354,1
1838,367,1
1838,368,1
1838,369,1
1838,413,1
58,1475,1
1838,897,1
1838,1045,1
1838,1145,1
1838,1317,1
58,1469,1
1838,1474,1
58,1466,1
1838,1513,1
1838,1627,1
1838,1636,1
1838,1732,1
58,1455,1
58,1254,1
58,1152,1
1838,1934,1
58,1142,1
1839,23,1
58,1134,1
1838,359,1
1838,318,1
1839,119,1
1838,54,1
58,1891,1
58,1883,1
1837,158,1
1837,358,1
1837,503,1
58,1876,1
58,1864,1
58,1845,1
1837,824,1
58,1813,1
1837,1136,1
1837,1204,1
1837,1214,1
1837,1247,1
1837,1249,1
1837,1250,1
1837,1573,1
1837,1575,1
1837,1916,1
1837,1920,1
1837,1960,1
1837,1979,1
1838,51,1
1839,55,1
58,1132,1
1840,1550,1
1839,1527,1
58,982,1
1839,1840,1
58,975,1
58,974,1
1839,1951,1
1839,1959,1
1839,1980,1
1840,55,1
1840,108,1
1840,117,1
1840,189,1
1840,366,1
58,889,1
58,841,1
1840,527,1
58,613,1
1840,957,1
1840,1171,1
58,481,1
1840,1237,1
1840,1265,1
1840,1406,1
1840,1423,1
1839,1619,1
58,994,1
1839,301,1
1839,1473,1
58,1095,1
58,1094,1
58,1090,1
58,1087,1
58,1085,1
1839,370,1
58,1083,1
1839,529,1
58,1072,1
1839,897,1
58,1035,1
1839,1161,1
1839,1163,1
1839,1171,1
1839,1186,1
1839,1188,1
1839,1208,1
1839,1235,1
1839,1236,1
1839,1237,1
1839,1266,1
1839,1269,1
1839,1425,1
1843,168,1
1843,185,1
1848,1582,1
1846,1260,1
1846,1296,1
1846,1545,1
1846,1552,1
1846,1605,1
55,1968,1
55,1963,1
1846,1633,1
1846,1686,1
1846,1716,1
55,1952,1
1846,1915,1
1846,1953,1
1846,1979,1
1847,79,1
1847,92,1
1847,132,1
1847,165,1
1847,181,1
1847,240,1
1847,241,1
1847,259,1
1847,315,1
1847,371,1
1846,1288,1
1846,1239,1
55,1894,1
1846,1229,1
1846,220,1
1846,241,1
1846,293,1
56,358,1
1846,558,1
1846,619,1
1846,620,1
1846,740,1
1846,1038,1
56,310,1
1846,1074,1
1846,1076,1
56,305,1
1846,1087,1
1846,1104,1
1846,1108,1
1846,1162,1
1846,1171,1
56,112,1
1846,1185,1
55,1986,1
1846,1192,1
1846,1202,1
1847,525,1
1847,554,1
1846,143,1
1848,90,1
1848,452,1
1848,455,1
1848,456,1
1848,528,1
55,1578,1
1848,591,1
1848,610,1
1848,828,1
1848,840,1
1848,1060,1
1848,1149,1
1848,1171,1
1848,1180,1
1848,1184,1
1848,1188,1
55,1534,1
1848,1193,1
1848,1195,1
1848,1200,1
1848,1201,1
1848,1205,1
1848,1206,1
1848,1464,1
1848,327,1
1848,87,1
1847,559,1
55,1676,1
55,1873,1
1847,612,1
55,1858,1
55,1856,1
1847,1063,1
1847,1068,1
1847,1089,1
1847,1091,1
1847,1103,1
1847,1149,1
1847,1171,1
1847,1185,1
1847,1194,1
1847,1196,1
1847,1198,1
1847,1200,1
1847,1229,1
1847,1260,1
1847,1261,1
1847,1322,1
1847,1545,1
1847,1719,1
1847,1816,1
1846,166,1
1846,91,1
57,98,1
56,1875,1
1843,1719,1
56,1849,1
56,1826,1
56,1694,1
1843,1828,1
1843,1845,1
1843,1897,1
56,1463,1
56,1462,1
56,1424,1
1844,31,1
1844,37,1
56,1154,1
56,1136,1
56,1094,1
1844,85,1
1844,136,1
1844,168,1
1844,302,1
1844,305,1
56,1093,1
56,1091,1
1844,584,1
1843,1645,1
1843,1537,1
1844,689,1
1843,1446,1
1843,241,1
1843,242,1
1843,243,1
1843,244,1
1843,246,1
1843,247,1
1843,321,1
57,95,1
56,1966,1
56,1952,1
56,1947,1
1843,1040,1
56,1918,1
1843,1167,1
1843,1171,1
1843,1198,1
1843,1215,1
1843,1219,1
1843,1229,1
56,1916,1
1843,1257,1
1843,1261,1
1843,1400,1
1844,617,1
1844,829,1
1846,89,1
1845,827,1
1845,1030,1
1845,1186,1
1845,1187,1
1845,1197,1
1845,1212,1
56,1060,1
1845,1229,1
1845,1230,1
1845,1257,1
1845,1292,1
56,1010,1
56,1006,1
1845,1404,1
56,979,1
56,943,1
56,919,1
1845,1551,1
1845,1603,1
56,763,1
1845,1882,1
56,359,1
1845,1988,1
1846,82,1
56,1071,1
56,1077,1
1844,1005,1
1845,820,1
1844,1171,1
1844,1229,1
1844,1230,1
1844,1233,1
1844,1409,1
1844,1442,1
1844,1534,1
1844,1595,1
1844,1607,1
1844,1624,1
1844,1625,1
1844,1716,1
56,1089,1
1844,1867,1
1844,1889,1
56,1087,1
1844,1988,1
1844,1992,1
1845,173,1
1845,220,1
1845,593,1
56,1084,1
1845,742,1
1837,23,1
58,1918,1
58,1929,1
1826,1248,1
1826,1250,1
1826,1251,1
1826,1351,1
1826,1433,1
1826,1514,1
61,357,1
1826,1582,1
1826,1596,1
1826,1601,1
1826,1602,1
1826,1706,1
1826,1820,1
1826,1822,1
61,356,1
1826,1828,1
1826,1830,1
1826,1839,1
1826,1843,1
1826,1848,1
1826,1849,1
61,355,1
61,354,1
61,353,1
61,358,1
1826,1247,1
61,351,1
1826,1246,1
1826,181,1
61,522,1
1826,280,1
1826,415,1
1826,416,1
1826,420,1
1826,582,1
1826,606,1
1826,1045,1
61,505,1
61,475,1
1826,1153,1
1826,1193,1
61,359,1
1826,1233,1
1826,1234,1
1826,1235,1
1826,1236,1
1826,1237,1
1826,1239,1
1826,1241,1
1826,1242,1
1826,1245,1
61,352,1
61,325,1
1826,44,1
1827,1827,1
1827,1849,1
1827,1871,1
60,1818,1
1827,1946,1
1828,21,1
1828,22,1
60,1812,1
1828,43,1
1828,553,1
1828,663,1
1828,1008,1
1828,1009,1
1828,1013,1
1828,1056,1
1828,1172,1
1828,1176,1
1828,1258,1
1828,1292,1
1828,1305,1
1828,1442,1
60,1546,1
1828,1538,1
1828,1773,1
1827,1838,1
1827,1826,1
1827,22,1
60,1856,1
1827,44,1
61,84,1
60,1989,1
1827,303,1
1827,311,1
60,1988,1
1827,530,1
1827,593,1
1827,594,1
1827,607,1
1827,924,1
1827,995,1
1827,1007,1
1827,1090,1
1827,1113,1
1827,1135,1
1827,1171,1
1827,1229,1
60,1967,1
1827,1262,1
60,1907,1
60,1889,1
1827,1701,1
61,596,1
1826,40,1
1836,1838,1
1823,1916,1
62,305,1
1823,1997,1
1824,174,1
1824,255,1
62,151,1
1824,284,1
1824,300,1
1824,357,1
1824,360,1
62,69,1
62,58,1
1824,550,1
1824,580,1
62,21,1
1824,1121,1
1824,1176,1
1824,1215,1
1824,1246,1
1824,1265,1
1824,1294,1
1824,1446,1
1824,1447,1
61,1887,1
1823,1921,1
1823,1837,1
1824,1626,1
1823,1825,1
62,351,1
62,350,1
1823,311,1
1823,475,1
1823,549,1
1823,662,1
1823,788,1
1823,1056,1
1823,1086,1
1823,1136,1
1823,1177,1
1823,1204,1
1823,1231,1
1823,1296,1
1823,1446,1
1823,1577,1
1823,1580,1
1823,1608,1
1823,1630,1
1823,1647,1
1823,1677,1
1823,1757,1
1823,1778,1
1824,1600,1
1824,1647,1
1826,24,1
61,1171,1
61,1147,1
1825,1326,1
61,1094,1
1825,1562,1
1825,1598,1
1825,1648,1
1825,1649,1
61,1092,1
1825,1819,1
61,1091,1
1825,1827,1
1825,1829,1
61,1085,1
61,1077,1
1825,1838,1
1825,1842,1
61,1073,1
61,1068,1
61,1051,1
61,1044,1
61,966,1
61,611,1
1825,1960,1
1825,1045,1
61,1235,1
1824,1650,1
1825,258,1
1824,1826,1
61,1875,1
1824,1830,1
61,1844,1
1824,1836,1
1824,1841,1
1824,1842,1
1824,1843,1
1824,1853,1
61,1473,1
61,1462,1
1824,1858,1
1824,1924,1
61,1456,1
61,1438,1
1824,1944,1
1824,1950,1
1825,40,1
61,1412,1
61,1406,1
1825,122,1
61,1374,1
1825,255,1
1828,1794,1
60,1469,1
1828,1851,1
1833,1944,1
1834,256,1
1834,306,1
1834,307,1
1834,325,1
59,1086,1
1834,532,1
59,1084,1
1834,694,1
59,1080,1
59,1075,1
1834,819,1
1834,1171,1
59,1073,1
59,1069,1
1834,1551,1
59,1016,1
59,1001,1
59,975,1
59,974,1
1834,1838,1
1834,1928,1
1834,1930,1
1834,1940,1
59,1091,1
59,1094,1
1834,1979,1
59,1095,1
1833,227,1
1833,234,1
1833,255,1
59,1866,1
1833,534,1
59,1844,1
59,1831,1
1833,552,1
1833,558,1
1833,568,1
1833,579,1
1833,715,1
1833,1045,1
1833,1171,1
1833,1172,1
1833,1201,1
1833,1531,1
1833,1550,1
1833,1552,1
59,1263,1
59,1096,1
1833,1890,1
1833,1922,1
59,973,1
1835,10,1
60,1407,1
1835,1736,1
59,357,1
1835,1810,1
1835,1826,1
59,356,1
1835,1973,1
1835,1996,1
59,355,1
1836,230,1
1836,305,1
1836,306,1
1836,307,1
59,310,1
1836,714,1
1836,1000,1
1836,1171,1
1836,1224,1
1836,1264,1
59,90,1
59,62,1
59,60,1
1836,1550,1
59,10,1
1836,1827,1
59,379,1
1835,1713,1
1835,25,1
1835,1627,1
1835,99,1
59,952,1
1835,229,1
1835,234,1
59,946,1
1835,287,1
1835,301,1
1835,305,1
1835,306,1
1835,307,1
1835,460,1
59,778,1
59,607,1
59,523,1
1835,890,1
1835,1067,1
1835,1068,1
1835,1198,1
59,494,1
1835,1276,1
1835,1396,1
59,482,1
59,446,1
59,1874,1
1833,153,1
1833,43,1
60,1001,1
60,967,1
1829,1945,1
1830,112,1
1830,230,1
1830,247,1
60,958,1
1830,443,1
60,769,1
1830,653,1
1830,705,1
1830,950,1
1830,1065,1
1830,1171,1
1830,1300,1
60,712,1
60,615,1
1830,1617,1
1830,1833,1
1830,1838,1
1830,1851,1
1830,1915,1
1830,1923,1
60,357,1
1829,1922,1
1829,1568,1
1832,1934,1
1829,1546,1
1828,1933,1
60,1394,1
60,1258,1
1828,1946,1
1828,1989,1
1829,43,1
60,1171,1
60,1095,1
60,1091,1
60,1088,1
1829,99,1
1829,252,1
1829,705,1
60,1081,1
1829,989,1
60,1075,1
1829,1009,1
60,1074,1
1829,1013,1
1829,1171,1
1829,1327,1
1829,1360,1
1829,1431,1
1831,158,1
1831,161,1
1831,179,1
1831,202,1
1832,12,1
1832,240,1
1832,289,1
1832,419,1
1832,492,1
59,1954,1
1832,706,1
59,1953,1
1832,820,1
59,1951,1
1832,1550,1
1832,1551,1
1832,1552,1
1832,1561,1
1832,1579,1
1832,1669,1
1832,1703,1
59,1886,1
59,1881,1
59,1878,1
1832,1889,1
1832,1924,1
1832,1925,1
1831,1950,1
1831,1947,1
59,1998,1
60,328,1
1831,228,1
1831,233,1
1831,278,1
1831,317,1
1831,566,1
1831,577,1
60,356,1
1831,607,1
1831,619,1
60,351,1
60,321,1
1831,1838,1
60,295,1
1831,1257,1
1831,1483,1
60,89,1
60,21,1
1831,1551,1
60,20,1
60,19,1
1831,1705,1
60,17,1
1848,1505,1
1848,1717,1
1871,35,1
52,1193,1
1861,1682,1
52,1092,1
52,1091,1
1861,1928,1
1861,1964,1
52,1090,1
52,1088,1
1862,166,1
1862,171,1
1862,200,1
1862,244,1
1862,310,1
1862,438,1
1862,477,1
1862,594,1
1862,602,1
1862,1098,1
1862,1139,1
1862,1151,1
1862,1173,1
1862,1184,1
1862,1190,1
1862,1191,1
1861,1677,1
1861,1461,1
1862,1202,1
1861,1446,1
1860,1325,1
1860,1605,1
52,1565,1
52,1498,1
1860,1864,1
1861,31,1
1861,120,1
1861,243,1
1861,734,1
1861,882,1
1861,1109,1
52,1421,1
52,1407,1
1861,1130,1
1861,1134,1
1861,1151,1
1861,1196,1
1861,1197,1
1861,1200,1
1861,1203,1
1861,1228,1
1861,1285,1
1861,1302,1
52,1080,1
52,1075,1
1860,1273,1
1863,495,1
1863,519,1
1863,521,1
1863,522,1
1863,523,1
52,570,1
1863,560,1
1863,597,1
52,347,1
52,311,1
52,310,1
1863,875,1
1863,1181,1
1863,1185,1
1863,1198,1
1863,1202,1
1863,1203,1
1863,1209,1
1863,1212,1
1863,1213,1
1863,1256,1
1863,1257,1
1863,1271,1
1863,1273,1
1863,508,1
1863,320,1
1862,1211,1
1863,292,1
1862,1214,1
1862,1257,1
1862,1302,1
1862,1320,1
1862,1424,1
1862,1460,1
1862,1553,1
52,1072,1
1862,1687,1
52,1019,1
52,982,1
52,981,1
1862,1901,1
1862,1906,1
1862,1909,1
1862,1925,1
52,952,1
1863,71,1
52,717,1
52,616,1
1863,200,1
1863,272,1
1863,287,1
1860,1274,1
1860,1223,1
1863,1321,1
1858,1205,1
1858,1207,1
1858,1209,1
1858,1212,1
1858,1223,1
1858,1237,1
1858,1282,1
1858,1448,1
1858,1533,1
1858,1534,1
1858,1604,1
1858,1644,1
52,1894,1
1858,1831,1
52,1878,1
1858,1838,1
1858,1913,1
52,1849,1
52,1845,1
1859,260,1
1859,330,1
1859,362,1
1859,456,1
1859,607,1
1858,1206,1
1858,1203,1
1859,1148,1
52,1953,1
53,116,1
53,106,1
53,103,1
53,100,1
1857,1897,1
1857,1922,1
1858,50,1
1858,138,1
1858,256,1
1858,273,1
53,90,1
1858,329,1
1858,424,1
53,87,1
1858,579,1
1858,1065,1
1858,1097,1
1858,1157,1
1858,1171,1
1858,1181,1
53,86,1
1858,1198,1
1858,1201,1
1859,1096,1
1859,1166,1
1860,1222,1
52,1668,1
1860,244,1
1860,246,1
1860,247,1
1860,258,1
52,1666,1
52,1586,1
1860,544,1
1860,606,1
1860,637,1
1860,962,1
1860,1060,1
1860,1061,1
1860,1062,1
1860,1090,1
1860,1117,1
1860,1165,1
1860,1168,1
1860,1171,1
1860,1183,1
1860,1207,1
1860,1212,1
1860,1213,1
1860,1221,1
1860,236,1
52,1807,1
1859,1171,1
52,1809,1
1859,1181,1
1859,1182,1
1859,1185,1
1859,1203,1
1859,1204,1
1859,1205,1
1859,1208,1
1859,1209,1
1859,1212,1
1859,1214,1
1859,1263,1
1859,1272,1
1859,1282,1
1859,1529,1
1859,1599,1
52,1826,1
52,1818,1
1859,1832,1
1859,1839,1
1859,1888,1
1859,1915,1
1859,1920,1
1859,1933,1
1863,1320,1
1863,1553,1
1848,1718,1
1868,1078,1
1868,1088,1
1868,1117,1
1868,1124,1
1868,1171,1
51,1454,1
1868,1207,1
1868,1210,1
1868,1212,1
1868,1258,1
1868,1271,1
1868,1272,1
1868,1273,1
1868,1300,1
1868,1444,1
1868,1699,1
1868,1700,1
1868,1735,1
1868,1802,1
51,1428,1
1868,1968,1
51,1407,1
1869,91,1
1869,516,1
1868,1087,1
51,1504,1
1869,670,1
1868,706,1
1867,1203,1
1867,1213,1
1867,1214,1
1867,1221,1
1867,1257,1
1867,1263,1
1867,1271,1
1867,1273,1
1867,1274,1
1867,1283,1
1867,1596,1
1867,1702,1
1867,1747,1
1867,1748,1
51,1533,1
1867,1855,1
1867,1863,1
1867,1929,1
1868,35,1
1868,264,1
1868,382,1
1868,468,1
1868,509,1
1869,570,1
1869,698,1
1867,1130,1
1870,35,1
1870,180,1
1870,472,1
1870,862,1
51,1110,1
1870,957,1
1870,1142,1
1870,1170,1
1870,1204,1
1870,1233,1
1870,1258,1
1870,1270,1
1870,1271,1
1870,1283,1
1870,1302,1
1870,1526,1
1870,1528,1
1870,1650,1
1870,1722,1
1870,1745,1
1870,1746,1
1870,1837,1
1870,1844,1
1870,1878,1
1870,53,1
1869,1962,1
1869,703,1
1869,1952,1
1869,767,1
1869,829,1
1869,955,1
51,1346,1
1869,1143,1
1869,1144,1
1869,1145,1
1869,1148,1
1869,1149,1
1869,1183,1
1869,1209,1
1869,1230,1
1869,1258,1
1869,1262,1
1869,1271,1
1869,1273,1
1869,1320,1
1869,1426,1
1869,1655,1
51,1116,1
1869,1699,1
1869,1745,1
1869,1864,1
1867,1171,1
1867,1073,1
1863,1673,1
1864,1187,1
1864,1200,1
1864,1201,1
1864,1202,1
1864,1203,1
1864,1210,1
1864,1211,1
1864,1212,1
1864,1285,1
1864,1410,1
1864,1492,1
1864,1552,1
1864,1553,1
1864,1644,1
1864,1669,1
1864,1748,1
52,90,1
52,86,1
1864,1980,1
52,83,1
1865,45,1
51,1984,1
1865,227,1
1865,310,1
1864,1188,1
1864,1171,1
1865,749,1
1864,1153,1
52,303,1
1863,1748,1
52,261,1
1863,1800,1
52,125,1
1863,1853,1
1863,1860,1
1863,1863,1
1863,1910,1
1863,1930,1
1864,45,1
1864,259,1
1864,260,1
1864,416,1
52,107,1
1864,522,1
1864,530,1
52,103,1
1864,604,1
1864,693,1
52,100,1
52,99,1
1864,1092,1
1865,686,1
1865,1130,1
1867,950,1
1866,1202,1
1866,1489,1
1866,1703,1
51,1879,1
51,1868,1
51,1854,1
1866,1839,1
1866,1843,1
1866,1863,1
1866,1875,1
1866,1912,1
51,1843,1
1866,1921,1
1866,1973,1
1866,1977,1
51,1812,1
1867,166,1
1867,271,1
1867,445,1
1867,508,1
1867,558,1
1867,667,1
1867,829,1
1867,941,1
1866,1300,1
1866,1171,1
1865,1151,1
1866,1074,1
1865,1171,1
1865,1200,1
1865,1205,1
1865,1206,1
1865,1207,1
1865,1208,1
1865,1210,1
1865,1272,1
1865,1321,1
1865,1440,1
1865,1489,1
1865,1543,1
1865,1624,1
1865,1668,1
1865,1696,1
51,1957,1
51,1954,1
1865,1858,1
1865,1911,1
1865,1972,1
1866,74,1
51,1894,1
1866,543,1
1857,1624,1
1857,1623,1
1857,1408,1
54,1407,1
54,1089,1
54,1087,1
1851,1866,1
1851,1874,1
54,1085,1
1851,1935,1
1852,157,1
1852,165,1
1852,260,1
1852,261,1
1852,294,1
1852,444,1
1852,545,1
54,1082,1
1852,587,1
54,1080,1
54,1075,1
54,1071,1
54,1061,1
1852,594,1
54,1052,1
54,1017,1
1852,1074,1
54,1093,1
1851,1552,1
54,1009,1
1851,1509,1
1851,584,1
54,1687,1
1851,720,1
1851,830,1
54,1677,1
1851,1187,1
1851,1193,1
1851,1199,1
1851,1200,1
1851,1201,1
1851,1202,1
1851,1203,1
1851,1221,1
54,1480,1
1851,1232,1
1851,1257,1
1851,1260,1
1851,1462,1
1851,1493,1
1851,1505,1
54,1466,1
1851,1507,1
1851,1508,1
1852,1076,1
1852,1093,1
1851,570,1
1852,1913,1
1852,1948,1
1853,16,1
1853,71,1
1853,146,1
1853,211,1
1853,368,1
1853,555,1
1853,575,1
0,7,1
54,600,1
1853,820,1
1853,994,1
1853,1093,1
1853,1094,1
1853,1096,1
1853,1165,1
1853,1171,1
1853,1185,1
1853,1187,1
1853,1189,1
1853,1191,1
1853,1192,1
1853,1194,1
1852,1946,1
1852,1907,1
1852,1115,1
1852,1901,1
1852,1139,1
1852,1171,1
1852,1186,1
1852,1193,1
1852,1194,1
1852,1196,1
1852,1197,1
54,975,1
1852,1200,1
1852,1201,1
1852,1206,1
1852,1214,1
54,940,1
1852,1224,1
1852,1257,1
1852,1260,1
1852,1261,1
1852,1264,1
1852,1688,1
1852,1712,1
54,603,1
1852,1865,1
1852,1891,1
54,1770,1
1851,494,1
1857,1315,1
1849,1186,1
1849,1189,1
1849,1198,1
1849,1200,1
1849,1201,1
1849,1202,1
1849,1203,1
55,531,1
1849,1231,1
1849,1285,1
55,527,1
1849,1427,1
1849,1632,1
1849,1723,1
1849,1753,1
55,523,1
55,522,1
55,372,1
55,371,1
55,360,1
55,358,1
55,357,1
55,355,1
1849,1864,1
1849,1188,1
1849,1111,1
1849,1911,1
55,617,1
1848,1719,1
1848,1725,1
55,1483,1
55,1464,1
55,1090,1
55,1088,1
1848,1935,1
1849,40,1
1849,73,1
1849,141,1
1849,319,1
1849,423,1
1849,440,1
1849,450,1
1849,452,1
55,1083,1
55,1079,1
55,1075,1
55,1073,1
1849,942,1
55,1052,1
1849,1022,1
55,786,1
1849,1867,1
1849,1931,1
1851,482,1
1850,1201,1
1850,1203,1
1850,1205,1
1850,1219,1
1850,1220,1
1850,1221,1
54,1957,1
1850,1462,1
1850,1503,1
1850,1504,1
1850,1506,1
54,1918,1
1850,1651,1
1850,1711,1
54,1899,1
54,1844,1
54,1839,1
1850,1926,1
1850,1933,1
1851,36,1
54,1793,1
1851,172,1
1851,421,1
1851,437,1
1850,1202,1
1850,1200,1
1850,24,1
1850,1198,1
1850,30,1
1850,176,1
1850,209,1
1850,447,1
1850,449,1
1850,568,1
55,304,1
55,301,1
55,115,1
1850,586,1
55,107,1
55,99,1
1850,749,1
1850,752,1
1850,972,1
55,66,1
1850,1071,1
1850,1073,1
1850,1135,1
1850,1171,1
54,1988,1
1850,1190,1
1850,1191,1
1853,1195,1
1853,1196,1
1853,1198,1
1856,590,1
1856,675,1
53,1081,1
1856,892,1
53,1071,1
1856,1092,1
1856,1171,1
53,955,1
1856,1184,1
1856,1185,1
1856,1187,1
53,950,1
1856,1198,1
53,939,1
1856,1202,1
53,935,1
1856,1204,1
1856,1206,1
1856,1222,1
1856,1223,1
1856,1224,1
1856,1225,1
1856,1232,1
1856,1237,1
1856,621,1
1856,581,1
53,768,1
53,1082,1
1855,1769,1
1855,1866,1
1855,1878,1
1855,1933,1
1855,1945,1
1855,1992,1
53,1086,1
1855,1994,1
1856,141,1
1856,157,1
1856,168,1
53,1084,1
1856,235,1
1856,261,1
1856,262,1
1856,263,1
1856,299,1
1856,360,1
1856,482,1
1856,494,1
1856,504,1
1856,556,1
1856,564,1
1856,1623,1
53,661,1
1853,1200,1
1857,303,1
1857,569,1
53,318,1
1857,583,1
53,310,1
53,304,1
1857,934,1
1857,975,1
1857,1045,1
1857,1096,1
1857,1147,1
1857,1183,1
1857,1184,1
1857,1191,1
1857,1192,1
1857,1193,1
1857,1195,1
1857,1196,1
1857,1203,1
1857,1214,1
53,302,1
1857,1223,1
1857,1237,1
1857,1243,1
1857,323,1
1857,302,1
1856,1651,1
1857,293,1
53,599,1
1856,1661,1
53,357,1
53,356,1
1856,1852,1
1856,1854,1
1856,1864,1
1856,1865,1
1856,1880,1
1856,1881,1
1856,1975,1
1856,1990,1
1856,1992,1
53,354,1
1857,181,1
1857,201,1
1857,202,1
1857,243,1
1857,247,1
1857,253,1
1857,259,1
1857,260,1
1857,261,1
1855,1758,1
53,1091,1
1855,1733,1
1854,596,1
1854,1096,1
1854,1160,1
1854,1185,1
1854,1186,1
1854,1194,1
1854,1196,1
1854,1204,1
1854,1224,1
54,87,1
1854,1266,1
1854,1315,1
53,1995,1
1854,1614,1
1854,1617,1
1854,1694,1
53,1894,1
1854,1735,1
53,1892,1
1854,1752,1
53,1831,1
53,1828,1
1854,1804,1
53,1555,1
54,90,1
54,95,1
1855,1652,1
1854,478,1
1853,1202,1
1853,1204,1
1853,1224,1
1853,1231,1
1853,1237,1
1853,1257,1
1853,1261,1
1853,1298,1
1853,1434,1
1853,1487,1
1853,1613,1
54,521,1
54,446,1
1853,1866,1
1853,1973,1
1853,1983,1
1854,4,1
1854,7,1
1854,180,1
1854,288,1
1854,312,1
54,359,1
54,358,1
53,1525,1
1854,1871,1
1854,1886,1
1854,1933,1
1855,1188,1
1855,1189,1
1855,1196,1
1855,1198,1
1855,1200,1
53,1253,1
1855,1222,1
1855,1224,1
1855,1225,1
1855,1230,1
1855,1233,1
1855,1234,1
1855,1236,1
1855,1237,1
53,1198,1
1855,1244,1
1855,1245,1
1855,1246,1
1855,1247,1
1855,1248,1
1855,1249,1
1855,1250,1
53,1094,1
1855,1187,1
1855,1185,1
53,1405,1
1855,480,1
1854,1988,1
1854,1991,1
1855,185,1
1855,236,1
1855,250,1
53,1468,1
53,1458,1
53,1450,1
53,1443,1
1855,479,1
1855,482,1
1855,1183,1
1855,571,1
1855,583,1
53,1441,1
1855,675,1
1855,961,1
1855,995,1
53,1424,1
1855,1101,1
1855,1102,1
1855,1124,1
36,1385,1
1920,1998,1
1589,176,1
1977,1594,1
1977,1649,1
1977,1658,1
1977,1668,1
10,259,1
1977,1694,1
1977,1714,1
1977,1716,1
1977,1720,1
1977,1727,1
1977,1763,1
1977,1836,1
1977,1837,1
10,257,1
10,45,1
10,10,1
10,4,1
1977,1847,1
1977,1849,1
9,1990,1
1977,1976,1
1977,1992,1
9,1906,1
1978,26,1
1977,1638,1
10,264,1
9,1905,1
1977,1444,1
1977,110,1
1977,111,1
10,1218,1
10,1175,1
1977,379,1
10,1138,1
1977,558,1
1977,733,1
1977,735,1
1977,736,1
1977,738,1
1977,741,1
10,769,1
1977,752,1
1977,763,1
1977,764,1
1977,884,1
1977,970,1
1977,1033,1
10,328,1
1977,1154,1
1977,1387,1
1977,1443,1
1978,29,1
9,1899,1
1977,88,1
1978,1147,1
9,1630,1
1978,1387,1
1978,1388,1
9,1547,1
9,1491,1
1978,1672,1
1978,1843,1
1978,1866,1
1978,1867,1
1978,1948,1
1979,36,1
1979,39,1
1979,40,1
9,1471,1
9,1458,1
9,1457,1
1979,89,1
1979,101,1
9,1366,1
9,1352,1
1979,374,1
1979,482,1
1979,544,1
1978,1148,1
1978,1143,1
1978,127,1
1978,1131,1
1978,132,1
1978,296,1
9,1895,1
1978,733,1
1978,734,1
1978,735,1
1978,736,1
1978,737,1
1978,738,1
1978,742,1
1978,744,1
1978,746,1
1978,755,1
1978,760,1
1978,762,1
1978,764,1
1978,765,1
1978,766,1
1978,767,1
1978,768,1
1978,788,1
1978,867,1
1978,1023,1
1977,100,1
10,1327,1
1979,557,1
1975,976,1
1975,1021,1
1975,1032,1
1975,1037,1
1975,1127,1
1975,1133,1
1975,1400,1
1975,1401,1
1975,1568,1
11,421,1
1975,1677,1
1975,1688,1
1975,1723,1
1975,1840,1
1975,1844,1
1975,1853,1
1975,1924,1
1976,0,1
1976,19,1
11,378,1
11,260,1
11,137,1
11,117,1
11,108,1
1975,1020,1
1975,867,1
10,1967,1
1975,767,1
11,981,1
1975,321,1
1975,327,1
1975,345,1
1975,374,1
1975,682,1
11,798,1
1975,733,1
1975,734,1
1975,735,1
1975,736,1
1975,737,1
1975,738,1
1975,739,1
1975,740,1
1975,741,1
1975,744,1
1975,751,1
1975,754,1
1975,759,1
1975,764,1
1975,765,1
11,735,1
1976,92,1
1976,119,1
1976,1859,1
1976,766,1
1976,768,1
1976,1020,1
1976,1021,1
1976,1022,1
1976,1032,1
1976,1068,1
1976,1124,1
1976,1132,1
1976,1146,1
1976,1149,1
1976,1273,1
1976,1315,1
10,1417,1
1976,1431,1
1976,1677,1
1976,1730,1
10,1359,1
10,1344,1
1976,1844,1
1976,1845,1
1976,1848,1
1976,1849,1
1976,1858,1
1976,767,1
1976,765,1
1976,166,1
1976,764,1
10,1949,1
10,1895,1
1976,493,1
1976,496,1
1976,498,1
1976,500,1
1976,557,1
1976,650,1
1976,683,1
10,1850,1
1976,729,1
1976,733,1
10,1696,1
1976,736,1
1976,737,1
1976,738,1
1976,739,1
1976,743,1
1976,744,1
1976,746,1
1976,749,1
1976,752,1
1976,756,1
1979,556,1
9,1259,1
1983,1797,1
1982,742,1
1982,746,1
1982,752,1
1982,753,1
1982,755,1
1982,756,1
1982,764,1
1982,768,1
1982,823,1
1982,982,1
8,342,1
1982,1273,1
1982,1351,1
1982,1355,1
8,318,1
1982,1529,1
1982,1537,1
1982,1552,1
1982,1581,1
1982,1625,1
8,261,1
1982,1716,1
1982,1723,1
1982,1730,1
1982,744,1
1982,739,1
1982,1796,1
1982,736,1
1981,1288,1
1981,1385,1
8,1175,1
1981,1724,1
1981,1847,1
1981,1850,1
1982,11,1
1982,70,1
1982,71,1
8,1127,1
8,1054,1
1982,94,1
8,1015,1
1982,146,1
1982,150,1
1982,158,1
1982,159,1
1982,236,1
8,917,1
1982,547,1
1982,729,1
1982,734,1
1982,735,1
1982,1755,1
8,260,1
1981,1019,1
1983,747,1
7,1462,1
1983,750,1
1983,751,1
1983,752,1
1983,753,1
1983,754,1
1983,755,1
1983,756,1
1983,757,1
1983,758,1
1983,759,1
1983,764,1
7,1366,1
7,1226,1
1983,873,1
1983,1011,1
1983,1019,1
1983,1033,1
1983,1043,1
7,1052,1
1983,1169,1
1983,1386,1
1983,1467,1
1983,748,1
1983,744,1
1982,1805,1
1983,743,1
1982,1813,1
1982,1821,1
1982,1829,1
1982,1832,1
1982,1833,1
8,64,1
1982,1855,1
7,1996,1
1983,99,1
1983,103,1
1983,118,1
7,1768,1
1983,158,1
7,1478,1
1983,370,1
1983,547,1
7,1465,1
1983,729,1
1983,733,1
1983,734,1
1983,736,1
1983,737,1
1983,739,1
1981,1048,1
1981,981,1
1979,733,1
1979,1683,1
9,1054,1
9,983,1
1979,1801,1
1979,1846,1
1979,1849,1
1979,1850,1
1979,1860,1
9,952,1
9,852,1
9,753,1
1979,1996,1
1979,1997,1
1980,30,1
1980,40,1
9,324,1
1980,92,1
1980,106,1
1980,126,1
1980,413,1
9,260,1
1980,729,1
1980,733,1
1980,734,1
1979,1719,1
1979,1670,1
1980,736,1
9,1191,1
1979,734,1
1979,735,1
1979,736,1
1979,737,1
1979,746,1
1979,748,1
1979,749,1
1979,757,1
1979,759,1
1979,764,1
9,1257,1
9,1225,1
1979,784,1
1979,883,1
9,1218,1
1979,1032,1
1979,1069,1
1979,1070,1
1979,1072,1
1979,1261,1
1979,1268,1
1979,1383,1
9,1201,1
1980,735,1
1980,742,1
1981,979,1
1981,78,1
8,1464,1
8,1282,1
1981,360,1
1981,698,1
1981,728,1
1981,729,1
1981,733,1
1981,734,1
1981,735,1
1981,736,1
1981,738,1
1981,747,1
1981,750,1
1981,754,1
1981,755,1
1981,756,1
1981,760,1
8,1231,1
1981,764,1
8,1218,1
8,1186,1
1981,882,1
1981,885,1
1981,89,1
8,1585,1
1980,743,1
1981,76,1
1980,764,1
1980,765,1
1980,766,1
1980,768,1
1980,979,1
1980,982,1
1980,1068,1
1980,1243,1
1980,1246,1
1980,1255,1
1980,1383,1
1980,1390,1
8,1896,1
1980,1550,1
1980,1570,1
1980,1733,1
1980,1799,1
1980,1809,1
1980,1815,1
1980,1997,1
1981,8,1
1981,9,1
1981,14,1
11,983,1
1974,1847,1
11,1164,1
1968,739,1
1968,745,1
1968,748,1
1968,749,1
1968,751,1
1968,753,1
1968,758,1
1968,760,1
1968,762,1
1968,763,1
1968,764,1
15,260,1
15,259,1
15,133,1
1968,979,1
1968,981,1
1968,984,1
14,1979,1
14,1953,1
1968,1175,1
1968,1300,1
1968,1484,1
1968,1579,1
14,1851,1
1968,741,1
15,324,1
1968,1718,1
1968,736,1
1967,1302,1
1967,1724,1
1967,1737,1
15,1257,1
15,1223,1
15,1203,1
15,1201,1
1967,1841,1
1967,1850,1
1967,1855,1
15,1171,1
15,1071,1
1968,239,1
1968,363,1
1968,377,1
15,907,1
1968,393,1
1968,397,1
15,864,1
1968,441,1
15,725,1
1968,492,1
1968,735,1
1968,1582,1
1968,1809,1
1967,1175,1
1969,750,1
14,1133,1
1969,765,1
14,1129,1
1969,767,1
1969,794,1
1969,979,1
1969,980,1
1969,1061,1
14,1088,1
1969,1104,1
1969,1558,1
14,1053,1
1969,1679,1
1969,1681,1
1969,1722,1
1969,1729,1
1969,1874,1
1969,1969,1
14,1051,1
1970,28,1
14,973,1
14,690,1
1970,75,1
1969,760,1
1969,745,1
14,1792,1
1969,741,1
1968,1851,1
1968,1855,1
1968,1861,1
14,1597,1
1969,10,1
14,1564,1
14,1459,1
1969,382,1
1969,397,1
1969,398,1
1969,399,1
14,1456,1
1969,491,1
14,1311,1
1969,493,1
1969,494,1
14,1255,1
14,1254,1
14,1244,1
1969,735,1
14,1242,1
14,1218,1
14,1217,1
1967,1298,1
1967,1122,1
1974,1731,1
1966,761,1
17,7,1
17,0,1
1966,766,1
1966,768,1
1966,804,1
16,1904,1
16,1864,1
1966,902,1
1966,981,1
1966,983,1
1966,1104,1
1966,1172,1
1966,1174,1
1966,1232,1
1966,1299,1
1966,1311,1
1966,1358,1
1966,1435,1
1966,1490,1
1966,1491,1
1966,1535,1
1966,1594,1
1966,1604,1
1966,762,1
1966,760,1
16,1389,1
1966,759,1
1966,643,1
1966,729,1
17,260,1
1966,736,1
1966,737,1
17,175,1
17,133,1
1966,741,1
1966,742,1
1966,743,1
1966,744,1
1966,745,1
17,130,1
1966,748,1
17,128,1
17,125,1
1966,751,1
17,123,1
1966,753,1
1966,754,1
1966,755,1
1966,756,1
17,60,1
1966,1636,1
1966,1701,1
15,1401,1
1967,743,1
1967,745,1
1967,746,1
1967,748,1
1967,749,1
1967,750,1
1967,753,1
1967,755,1
1967,756,1
1967,759,1
1967,760,1
1967,762,1
1967,763,1
1967,764,1
1967,765,1
1967,768,1
15,1410,1
1967,797,1
1967,803,1
1967,806,1
1967,815,1
1967,979,1
1967,980,1
1967,983,1
1967,744,1
1967,742,1
1966,1702,1
1967,741,1
1966,1731,1
16,1346,1
1966,1814,1
16,1224,1
16,1219,1
16,1217,1
16,1075,1
16,918,1
1967,23,1
1967,82,1
1967,93,1
16,445,1
1967,128,1
1967,152,1
16,259,1
1967,377,1
16,107,1
1967,497,1
15,1900,1
1967,735,1
1967,736,1
1967,738,1
1967,739,1
14,683,1
14,368,1
1970,397,1
1973,735,1
1973,738,1
1973,746,1
1973,750,1
1973,752,1
12,406,1
1973,763,1
1973,764,1
12,334,1
1973,768,1
1973,813,1
12,333,1
1973,868,1
1973,976,1
1973,977,1
1973,1028,1
12,260,1
12,133,1
1973,1070,1
1973,1127,1
1973,1147,1
1973,1207,1
12,22,1
1973,1490,1
1973,736,1
1973,734,1
12,0,1
1973,733,1
1972,1836,1
1972,1855,1
1972,1997,1
12,1259,1
1973,55,1
12,1257,1
12,1224,1
12,1223,1
1973,91,1
12,1218,1
12,1112,1
1973,94,1
1973,100,1
1973,112,1
1973,113,1
12,1100,1
12,966,1
12,845,1
1973,270,1
1973,273,1
1973,360,1
12,421,1
1973,495,1
12,17,1
1973,1670,1
1970,398,1
1974,747,1
1974,752,1
1974,757,1
1974,760,1
1974,761,1
11,1219,1
1974,766,1
1974,767,1
1974,813,1
1974,867,1
1974,978,1
1974,980,1
1974,1021,1
1974,1022,1
1974,1023,1
1974,1024,1
11,1201,1
1974,1123,1
1974,1156,1
1974,1361,1
1974,1362,1
1974,1568,1
1974,1574,1
1974,1710,1
1974,750,1
1974,746,1
1973,1678,1
1974,745,1
1973,1722,1
1973,1726,1
1973,1845,1
1973,1915,1
1973,1986,1
11,1903,1
1974,14,1
1974,52,1
1974,85,1
11,1792,1
1974,170,1
11,1540,1
1974,313,1
1974,414,1
1974,729,1
1974,733,1
1974,734,1
1974,735,1
1974,736,1
1974,737,1
1974,738,1
1974,743,1
1974,744,1
1972,1812,1
12,1354,1
1972,1731,1
1970,1205,1
1970,1432,1
1970,1439,1
1970,1450,1
1970,1649,1
1970,1724,1
1970,1846,1
1970,1854,1
1970,1859,1
1971,46,1
13,1499,1
1971,98,1
1971,160,1
1971,359,1
1971,398,1
1971,493,1
1971,580,1
13,1462,1
13,1223,1
1971,733,1
13,1217,1
13,1167,1
1971,736,1
1971,743,1
1970,1377,1
13,1514,1
1972,1704,1
1970,974,1
1970,399,1
1970,494,1
1970,497,1
1970,624,1
1970,631,1
14,259,1
1970,735,1
1970,736,1
1970,737,1
1970,738,1
1970,739,1
1970,745,1
1970,746,1
1970,748,1
1970,755,1
1970,756,1
1970,758,1
1970,760,1
1970,762,1
13,1935,1
1970,768,1
1970,792,1
1970,885,1
1971,749,1
1971,750,1
1971,752,1
1971,764,1
1972,501,1
1972,632,1
12,1980,1
1972,733,1
12,1963,1
1972,737,1
1972,738,1
1972,740,1
1972,747,1
1972,760,1
1972,764,1
1972,765,1
1972,766,1
1972,767,1
12,1962,1
1972,782,1
1972,810,1
1972,976,1
1972,1059,1
1972,1066,1
1972,1067,1
1972,1490,1
1972,1649,1
1972,498,1
12,1987,1
1972,390,1
1971,1649,1
1971,765,1
13,1138,1
13,977,1
1971,805,1
1971,975,1
1971,981,1
1971,1024,1
13,822,1
1971,1302,1
1971,1495,1
1971,1652,1
13,104,1
1971,1654,1
1971,1678,1
1971,1809,1
1971,1825,1
1971,1844,1
13,421,1
1972,13,1
1972,30,1
13,260,1
13,259,1
7,1022,1
1983,1798,1
1966,497,1
1994,733,1
1994,735,1
1,1117,1
1994,737,1
1994,739,1
1994,753,1
1994,758,1
1994,759,1
1994,764,1
1,1080,1
1994,809,1
1994,875,1
1994,1029,1
1994,1030,1
1994,1093,1
1994,1220,1
1994,1296,1
1994,1346,1
1994,1356,1
1994,1366,1
1994,1381,1
1994,1383,1
1,1070,1
1994,1434,1
1994,734,1
1,1142,1
1994,1470,1
1994,729,1
1993,1365,1
1993,1366,1
1993,1367,1
1993,1653,1
1993,1730,1
1993,1732,1
1993,1733,1
1993,1735,1
1,1307,1
1,1296,1
1993,1753,1
1993,1819,1
1993,1844,1
1993,1852,1
1993,1873,1
1993,1875,1
1993,1992,1
1994,5,1
1994,111,1
1994,249,1
1,1249,1
1,1201,1
1,1159,1
1994,1438,1
1,1033,1
1993,1310,1
1995,733,1
1995,735,1
1995,736,1
1995,738,1
1,734,1
1995,765,1
1995,766,1
1995,768,1
1995,820,1
1995,933,1
1995,934,1
1,373,1
1995,1006,1
1995,1068,1
1995,1135,1
1995,1136,1
1995,1137,1
1995,1152,1
1,109,1
1995,1318,1
1995,1346,1
1995,1363,1
1995,1471,1
1995,1732,1
1995,734,1
1995,729,1
1994,1726,1
1995,610,1
1994,1729,1
1994,1732,1
1994,1743,1
1,1027,1
1994,1746,1
1994,1834,1
1994,1846,1
1994,1849,1
1994,1872,1
1995,0,1
1,984,1
1995,2,1
1995,4,1
1995,5,1
1,983,1
1995,78,1
1,939,1
1995,97,1
1995,105,1
1995,169,1
1,758,1
1995,431,1
1995,581,1
1993,1311,1
1993,1309,1
1,95,1
1991,1822,1
2,265,1
1991,1841,1
2,92,1
1991,1879,1
1991,1999,1
1992,7,1
1,1999,1
1992,103,1
1992,438,1
1992,729,1
1992,733,1
1992,735,1
1992,736,1
1992,743,1
1992,751,1
1992,753,1
1992,754,1
1992,755,1
1992,756,1
1992,758,1
1992,759,1
1992,760,1
1992,761,1
1991,1823,1
2,314,1
1992,870,1
2,697,1
1991,751,1
1991,752,1
1991,753,1
2,1271,1
1991,759,1
1991,762,1
1991,763,1
2,1223,1
1991,766,1
2,1217,1
1991,875,1
2,1118,1
1991,1149,1
1991,1346,1
2,977,1
2,838,1
1991,1435,1
1991,1541,1
1991,1637,1
1991,1696,1
1991,1717,1
1991,1719,1
1991,1722,1
1992,764,1
1992,882,1
1993,1291,1
1993,736,1
1993,740,1
1993,741,1
1993,748,1
1,1457,1
1993,753,1
1993,755,1
1,1396,1
1993,757,1
1993,758,1
1993,759,1
1993,762,1
1,1373,1
1993,765,1
1993,768,1
1993,870,1
1993,871,1
1,1327,1
1,1323,1
1993,1012,1
1993,1066,1
1993,1069,1
1993,1159,1
1993,1282,1
1993,737,1
1993,735,1
1992,959,1
1993,734,1
1992,1020,1
1992,1037,1
1,1988,1
1,1970,1
1992,1653,1
1992,1667,1
1992,1696,1
1992,1703,1
1992,1710,1
1992,1732,1
1,1637,1
1992,1817,1
1,1547,1
1992,1869,1
1993,0,1
1993,2,1
1993,87,1
1993,107,1
1,1460,1
1993,374,1
1993,649,1
1993,731,1
1993,733,1
1995,1742,1
1995,1831,1
1983,1799,1
1998,735,1
1998,738,1
1998,739,1
1998,745,1
1998,763,1
0,1234,1
1998,766,1
1998,767,1
1998,1006,1
1998,1145,1
1998,1152,1
1998,1226,1
1998,1273,1
1998,1350,1
1998,1647,1
1998,1657,1
0,1232,1
0,1218,1
1998,1755,1
0,1192,1
1998,1858,1
1998,1864,1
1998,1870,1
1998,1881,1
1998,736,1
1998,734,1
1998,1996,1
1998,729,1
1998,0,1
1998,1,1
0,1351,1
1998,80,1
0,1345,1
0,1344,1
0,1320,1
0,1319,1
0,1303,1
0,1299,1
1998,342,1
1998,344,1
1998,358,1
1998,421,1
0,1273,1
0,1259,1
0,1257,1
0,1256,1
1998,539,1
1998,555,1
0,1246,1
0,1238,1
0,1237,1
1998,1987,1
0,1191,1
0,1395,1
1999,992,1
1999,1169,1
1999,1171,1
1999,1235,1
0,781,1
1999,1353,1
0,764,1
0,757,1
1999,1648,1
0,715,1
1999,1701,1
1999,1719,1
1999,1722,1
1999,1732,1
0,540,1
0,529,1
0,528,1
1999,1776,1
0,483,1
1999,1871,1
1999,1874,1
0,175,1
1999,1997,1
0,101,1
1999,1147,1
1999,936,1
0,1179,1
1999,909,1
0,1155,1
1999,1,1
1999,3,1
0,1154,1
0,1150,1
1999,16,1
1999,25,1
0,1139,1
0,1079,1
0,964,1
1999,194,1
1999,399,1
1999,404,1
1999,530,1
1999,537,1
1999,593,1
1999,623,1
0,873,1
0,859,1
1999,825,1
1999,830,1
1999,907,1
1999,908,1
0,1357,1
0,1426,1
1995,1836,1
1996,755,1
1996,767,1
1996,768,1
1996,870,1
1996,964,1
1996,966,1
1996,1055,1
1996,1137,1
0,1916,1
0,1908,1
1996,1224,1
1996,1279,1
1996,1348,1
1996,1358,1
1996,1359,1
1996,1411,1
1996,1437,1
1996,1504,1
1996,1657,1
1996,1726,1
0,1883,1
0,1831,1
1996,1853,1
1996,1912,1
1996,765,1
1996,746,1
0,1688,1
1996,740,1
1,87,1
1995,1849,1
1995,1855,1
0,1997,1
1995,1957,1
0,1988,1
0,1972,1
0,1971,1
0,1969,1
1996,3,1
1996,48,1
1996,280,1
1996,296,1
1996,348,1
0,1943,1
0,1939,1
1996,697,1
1996,729,1
1996,733,1
0,1937,1
1996,736,1
1996,738,1
1996,739,1
0,1803,1
1997,2,1
1997,1973,1
1997,748,1
1997,762,1
1997,768,1
1997,808,1
1997,814,1
1997,870,1
1997,976,1
1997,1154,1
1997,1171,1
1997,1220,1
1997,1223,1
1997,1277,1
1997,1344,1
1997,1437,1
1997,1453,1
1997,1626,1
1997,1833,1
0,1461,1
0,1441,1
1997,1855,1
1997,1891,1
1997,1892,1
1997,1911,1
1997,1959,1
1997,750,1
1997,744,1
1997,3,1
1997,743,1
1997,4,1
1997,5,1
1997,17,1
1997,29,1
1997,32,1
1997,36,1
1997,40,1
1997,65,1
1997,97,1
0,1656,1
1997,168,1
0,1655,1
1997,340,1
1997,370,1
1997,563,1
1997,693,1
0,1533,1
0,1516,1
1997,729,1
1997,733,1
1997,734,1
1997,735,1
1997,736,1
1991,750,1
1991,748,1
1991,743,1
1986,735,1
1986,741,1
1986,745,1
1986,746,1
5,1210,1
5,1201,1
1986,753,1
1986,754,1
5,1119,1
5,1118,1
1986,758,1
5,1117,1
5,1116,1
5,1061,1
5,1053,1
1986,765,1
5,1028,1
1986,768,1
1986,809,1
1986,1004,1
1986,1033,1
1986,1090,1
1986,1125,1
1986,1294,1
1986,736,1
1986,734,1
1986,1398,1
1986,733,1
1985,1703,1
1985,1802,1
1985,1806,1
1985,1818,1
5,1411,1
5,1391,1
1985,1836,1
1985,1843,1
1985,1844,1
5,1314,1
1985,1867,1
1985,1869,1
5,1293,1
5,1278,1
1986,95,1
5,1274,1
1986,97,1
5,1256,1
1986,107,1
5,1224,1
1986,432,1
1986,530,1
5,1222,1
1986,1355,1
5,801,1
5,1690,1
1987,745,1
1987,747,1
1987,748,1
4,1951,1
1987,750,1
4,1465,1
1987,758,1
1987,759,1
1987,760,1
1987,761,1
4,1464,1
1987,764,1
1987,767,1
1987,768,1
1987,808,1
4,1462,1
1987,1028,1
1987,1057,1
1987,1126,1
1987,1129,1
1987,1309,1
1987,1314,1
1987,1342,1
4,1441,1
4,1957,1
1987,742,1
5,747,1
1987,740,1
5,708,1
1986,1798,1
5,585,1
1986,1824,1
5,577,1
5,479,1
5,364,1
1986,1892,1
5,321,1
5,320,1
5,259,1
5,141,1
5,28,1
5,22,1
1987,156,1
4,1986,1
1987,254,1
1987,733,1
1987,734,1
1987,735,1
1987,736,1
1987,737,1
1987,738,1
1985,1702,1
1985,1689,1
1991,738,1
1984,734,1
7,260,1
1984,739,1
1984,744,1
1984,745,1
1984,747,1
7,141,1
1984,749,1
1984,750,1
6,1994,1
6,1843,1
6,1464,1
6,1314,1
1984,982,1
1984,985,1
1984,991,1
1984,993,1
1984,1072,1
1984,1168,1
1984,1218,1
1984,1288,1
1984,1392,1
1984,1397,1
1984,1400,1
1984,735,1
1984,733,1
6,1154,1
1984,572,1
1983,1800,1
7,772,1
1983,1807,1
1983,1849,1
1983,1850,1
1983,1854,1
1983,1859,1
1983,1990,1
1984,0,1
1984,1,1
1984,3,1
7,770,1
7,682,1
7,320,1
1984,106,1
7,268,1
1984,140,1
1984,159,1
7,261,1
1984,362,1
1984,527,1
1984,528,1
1984,571,1
1984,1401,1
1984,1801,1
1985,1688,1
6,634,1
1985,759,1
1985,760,1
1985,761,1
1985,762,1
1985,763,1
1985,764,1
1985,765,1
1985,810,1
1985,872,1
1985,917,1
1985,932,1
1985,1019,1
1985,1129,1
6,239,1
6,198,1
1985,1355,1
1985,1397,1
6,141,1
6,44,1
5,1970,1
5,1939,1
1985,1570,1
5,1903,1
1985,758,1
6,907,1
1984,1821,1
1985,750,1
1985,14,1
6,1081,1
6,1053,1
1985,78,1
1985,95,1
1985,98,1
6,1001,1
1985,118,1
1985,358,1
1985,571,1
1985,698,1
6,988,1
1985,734,1
1985,735,1
1985,736,1
1985,738,1
6,982,1
1985,743,1
1985,744,1
1985,746,1
1985,747,1
1985,748,1
1985,749,1
1987,1394,1
1987,1411,1
4,1355,1
1989,1730,1
3,940,1
1989,1823,1
1989,1824,1
3,827,1
3,781,1
1989,1842,1
1989,1853,1
3,772,1
1989,1895,1
3,369,1
3,92,1
1989,1992,1
1990,1,1
1990,21,1
1990,77,1
1990,83,1
1990,101,1
3,67,1
1990,729,1
1990,734,1
3,20,1
1990,736,1
1990,744,1
1989,1819,1
1989,1716,1
1990,746,1
1989,1710,1
1989,760,1
1989,761,1
1989,762,1
1989,763,1
1989,764,1
3,1226,1
1989,766,1
3,1209,1
3,1196,1
1989,943,1
3,1140,1
1989,1169,1
1989,1290,1
1989,1293,1
1989,1294,1
1989,1314,1
3,1104,1
1989,1438,1
3,1097,1
3,1043,1
1989,1697,1
3,1018,1
3,992,1
1990,745,1
1990,747,1
4,1293,1
1990,1818,1
1990,1822,1
2,1303,1
1990,1841,1
1990,1857,1
2,1300,1
1991,23,1
1991,59,1
2,1299,1
1991,107,1
1991,133,1
1991,166,1
2,1279,1
1991,414,1
1991,432,1
1991,469,1
1991,487,1
1991,542,1
1991,729,1
1991,733,1
2,1276,1
1991,735,1
2,1274,1
1991,737,1
2,1343,1
1990,1817,1
1990,748,1
1990,1716,1
1990,749,1
1990,750,1
1990,752,1
1990,754,1
1990,755,1
2,1969,1
1990,757,1
2,1930,1
2,1907,1
2,1906,1
1990,762,1
1990,764,1
1990,765,1
1990,766,1
2,1886,1
1990,1170,1
1990,1245,1
1990,1308,1
1990,1346,1
2,1811,1
2,1500,1
1990,1541,1
1990,1696,1
1989,759,1
3,1257,1
3,1259,1
1988,95,1
1988,97,1
4,1009,1
4,979,1
1988,100,1
4,908,1
1988,109,1
1988,110,1
1988,153,1
4,907,1
4,873,1
4,772,1
1988,729,1
1988,733,1
1988,734,1
1988,735,1
1988,736,1
1988,743,1
1988,745,1
1988,746,1
1988,747,1
1988,748,1
4,754,1
4,477,1
4,1076,1
1988,90,1
3,1261,1
1988,87,1
1987,1436,1
1987,1438,1
1987,1459,1
1987,1460,1
1987,1535,1
4,1278,1
1987,1700,1
1987,1816,1
4,1260,1
4,1241,1
4,1221,1
4,1218,1
1987,1829,1
4,1211,1
4,1177,1
1987,1852,1
1988,11,1
1988,12,1
4,1176,1
1988,15,1
4,1120,1
4,1114,1
4,1094,1
4,422,1
1988,759,1
1988,760,1
1988,761,1
3,1902,1
3,1899,1
1988,1835,1
1988,1836,1
1988,1852,1
1988,1875,1
1988,1969,1
1989,10,1
1989,84,1
3,1342,1
3,1298,1
1989,243,1
1989,270,1
1989,729,1
3,1274,1
1989,734,1
1989,735,1
1989,736,1
1989,741,1
3,1273,1
1989,748,1
1989,749,1
1989,750,1
3,1972,1
1988,1819,1
1988,1709,1
1988,1159,1
4,331,1
4,19,1
1988,765,1
1988,768,1
1988,870,1
4,6,1
1988,883,1
1988,943,1
1988,962,1
1988,975,1
1988,1289,1
1988,1708,1
1988,1290,1
1988,1327,1
1988,1398,1
1988,1399,1
1988,1400,1
1988,1452,1
4,2,1
1988,1535,1
1988,1701,1
1988,1707,1
1966,540,1
1966,496,1
1921,4,1
29,141,1
29,140,1
1937,481,1
1937,674,1
1937,712,1
29,138,1
1937,729,1
29,25,1
28,1983,1
28,1915,1
28,1903,1
1937,1531,1
1937,1545,1
1937,1552,1
1937,1611,1
1937,1633,1
1937,1650,1
1937,1653,1
1937,1654,1
1937,1656,1
28,1825,1
1937,1850,1
28,1663,1
28,1556,1
1937,354,1
1937,185,1
1938,80,1
1937,184,1
29,965,1
1936,1158,1
29,964,1
1936,1368,1
1936,1616,1
1936,1629,1
1936,1634,1
1936,1649,1
1936,1651,1
1936,1653,1
1936,1656,1
1936,1657,1
29,959,1
29,915,1
29,906,1
29,814,1
29,606,1
29,352,1
1936,1989,1
1937,31,1
1937,55,1
1937,79,1
1937,182,1
1938,31,1
1938,183,1
1936,1040,1
1938,1850,1
1939,87,1
1939,275,1
28,1132,1
1939,617,1
28,1131,1
28,1076,1
1939,734,1
28,1022,1
28,992,1
28,981,1
1939,1057,1
1939,1154,1
1939,1177,1
1939,1336,1
1939,1428,1
1939,1560,1
28,606,1
1939,1651,1
1939,1657,1
1939,1724,1
1939,1734,1
28,605,1
28,600,1
1939,26,1
1938,1758,1
1938,199,1
1938,1656,1
1938,365,1
1938,434,1
1938,546,1
28,1445,1
1938,790,1
1938,819,1
28,1397,1
1938,1041,1
1938,1073,1
1938,1140,1
1938,1154,1
1938,1329,1
1938,1416,1
1938,1417,1
28,1167,1
1938,1611,1
1938,1621,1
1938,1628,1
1938,1650,1
28,1133,1
1938,1653,1
1938,1654,1
1938,1655,1
29,991,1
1936,1010,1
1939,1854,1
1934,1369,1
1934,1579,1
1934,1621,1
30,1123,1
1934,1624,1
30,1069,1
1934,1652,1
1934,1653,1
1934,1655,1
1934,1656,1
1934,1657,1
1934,1725,1
30,954,1
30,909,1
1934,1850,1
1934,1869,1
1934,1872,1
1934,1874,1
30,854,1
30,592,1
30,534,1
1935,9,1
1935,55,1
1935,57,1
1934,1370,1
1934,1346,1
1935,62,1
1934,1222,1
1934,195,1
1934,218,1
1934,240,1
1934,285,1
1934,335,1
1934,390,1
1934,391,1
1934,498,1
1934,557,1
1934,567,1
30,1435,1
30,1424,1
30,1394,1
30,1197,1
30,1150,1
1934,828,1
1934,933,1
1934,1040,1
1934,1043,1
1934,1044,1
1934,1045,1
1934,1073,1
1934,1077,1
1935,58,1
30,138,1
1936,931,1
1935,1849,1
1936,58,1
1936,61,1
1936,67,1
1936,70,1
1936,79,1
1936,80,1
29,1723,1
1936,181,1
1936,182,1
1936,186,1
1936,285,1
29,1567,1
1936,306,1
29,1555,1
1936,365,1
1936,731,1
29,1506,1
29,1433,1
29,1258,1
29,1168,1
29,1020,1
1936,810,1
1936,851,1
1935,1851,1
1935,1792,1
30,122,1
29,1744,1
30,105,1
1935,335,1
1935,336,1
1935,341,1
1935,813,1
1935,968,1
1935,1040,1
29,1903,1
1935,1215,1
1935,1241,1
1935,1334,1
1935,1346,1
1935,1540,1
1935,1593,1
1935,1608,1
1935,1650,1
1935,1652,1
1935,1653,1
1935,1654,1
1935,1655,1
1935,1657,1
1935,1754,1
29,1868,1
1939,1832,1
1939,1855,1
26,176,1
1943,1085,1
1943,1433,1
1943,1510,1
1943,1649,1
1943,1651,1
1943,1655,1
1943,1656,1
1943,1716,1
1943,1848,1
26,1366,1
1943,1870,1
26,1364,1
1944,2,1
1944,17,1
1944,24,1
1944,55,1
1944,100,1
26,1363,1
26,1225,1
1944,277,1
26,1169,1
1944,665,1
26,1083,1
26,1081,1
1943,1136,1
1943,933,1
1944,791,1
1943,932,1
1942,1716,1
27,109,1
27,94,1
26,1994,1
26,1982,1
1942,1849,1
1942,1851,1
1942,1852,1
1942,1855,1
26,1963,1
26,1961,1
1943,20,1
1943,55,1
1943,95,1
26,1911,1
26,1901,1
1943,391,1
1943,392,1
26,1676,1
26,1541,1
26,1519,1
26,1496,1
1943,799,1
26,804,1
1944,792,1
1942,1653,1
1945,76,1
1945,277,1
26,521,1
1945,389,1
1945,390,1
1945,391,1
1945,394,1
1945,404,1
1945,591,1
1945,607,1
1945,610,1
1945,690,1
1945,694,1
26,472,1
26,455,1
1945,812,1
26,378,1
1945,826,1
1945,918,1
1945,1027,1
1945,1071,1
1945,1076,1
1945,1142,1
1945,1144,1
1945,242,1
1945,61,1
26,606,1
1945,60,1
26,604,1
1944,1076,1
1944,1224,1
1944,1349,1
1944,1477,1
1944,1632,1
1944,1651,1
1944,1655,1
26,603,1
26,602,1
26,601,1
26,600,1
1944,1810,1
26,599,1
26,598,1
1944,1850,1
1944,1854,1
1944,1858,1
1944,1870,1
1944,1969,1
26,597,1
1945,57,1
1945,59,1
1942,1655,1
1942,1651,1
1939,1856,1
1940,1619,1
1940,1625,1
1940,1650,1
1940,1655,1
1940,1656,1
27,1909,1
27,1891,1
27,1878,1
27,1866,1
1940,1721,1
27,1764,1
27,1754,1
1940,1859,1
27,1652,1
1941,118,1
27,1524,1
27,1473,1
1941,482,1
1941,570,1
1941,591,1
1941,668,1
1941,671,1
1941,719,1
27,1407,1
1940,1621,1
1940,1610,1
1941,790,1
27,1959,1
1939,1895,1
1939,1998,1
1940,28,1
1940,70,1
28,266,1
28,142,1
1940,403,1
28,141,1
1940,506,1
1940,537,1
1940,591,1
1940,727,1
1940,786,1
1940,805,1
1940,927,1
1940,1112,1
1940,1145,1
1940,1148,1
1940,1153,1
28,120,1
1940,1361,1
1940,1557,1
1940,1560,1
27,1362,1
1941,795,1
1942,1650,1
1941,1871,1
1941,1877,1
27,959,1
1941,1998,1
27,604,1
1942,19,1
1942,29,1
1942,61,1
27,600,1
27,596,1
1942,119,1
27,583,1
27,515,1
27,423,1
27,378,1
27,259,1
1942,816,1
1942,893,1
1942,956,1
1942,994,1
1942,1017,1
1942,1084,1
1942,1412,1
1942,1434,1
1941,1876,1
1941,1853,1
1941,893,1
1941,1850,1
1941,912,1
1941,913,1
1941,926,1
1941,1082,1
1941,1084,1
1941,1148,1
1941,1563,1
1941,1625,1
27,1261,1
1941,1649,1
1941,1650,1
1941,1651,1
1941,1652,1
1941,1653,1
1941,1655,1
1941,1656,1
1941,1657,1
1941,1716,1
1941,1717,1
27,1151,1
27,1013,1
1941,1726,1
1941,1844,1
1934,191,1
1934,189,1
30,1512,1
1924,1627,1
1924,1654,1
34,1129,1
34,1107,1
34,950,1
1924,1838,1
1924,1852,1
1924,1997,1
1924,1998,1
1925,24,1
1925,55,1
1925,59,1
1925,60,1
1925,64,1
1925,75,1
1925,236,1
1925,724,1
34,101,1
1925,816,1
34,35,1
34,3,1
1925,980,1
1925,1053,1
1925,1055,1
1924,1630,1
1924,1608,1
1925,1135,1
34,1132,1
34,1879,1
1923,1959,1
1923,1986,1
1923,1996,1
34,1836,1
1924,32,1
1924,58,1
1924,62,1
1924,102,1
1924,203,1
1924,207,1
1924,368,1
1924,715,1
34,1754,1
34,1491,1
34,1463,1
34,1458,1
34,1450,1
1924,1142,1
1924,1471,1
34,1419,1
34,1410,1
34,1231,1
1925,1134,1
1925,1142,1
34,1896,1
1926,1135,1
1926,1223,1
33,1498,1
1926,1319,1
1926,1577,1
33,1468,1
1926,1617,1
1926,1652,1
1926,1653,1
1926,1654,1
1926,1656,1
1926,1657,1
33,1466,1
1926,1840,1
1926,1862,1
1926,1925,1
1926,1928,1
1927,5,1
1927,7,1
1927,55,1
1927,57,1
1927,58,1
1927,119,1
1927,181,1
1926,1222,1
1926,928,1
1925,1151,1
33,1526,1
1925,1429,1
33,1882,1
33,1877,1
1925,1625,1
1925,1649,1
1925,1654,1
1925,1655,1
33,1862,1
1925,1657,1
33,1849,1
1925,1844,1
1925,1853,1
1925,1858,1
1925,1862,1
33,1694,1
1926,20,1
1926,27,1
1926,55,1
1926,63,1
1926,179,1
1926,195,1
33,1619,1
1926,816,1
1923,1840,1
1923,1802,1
1934,56,1
36,93,1
1921,1864,1
35,1933,1
35,1888,1
1922,38,1
35,1864,1
1922,55,1
1922,58,1
1922,100,1
1922,186,1
1922,187,1
1922,189,1
1922,191,1
1922,192,1
35,1851,1
1922,197,1
1922,335,1
1922,380,1
1922,434,1
1922,435,1
1922,496,1
35,1657,1
35,1516,1
35,1420,1
36,10,1
1921,1657,1
35,1390,1
1921,1655,1
36,1382,1
1921,34,1
36,1153,1
1921,194,1
36,1073,1
36,1032,1
36,857,1
36,764,1
36,480,1
36,429,1
36,369,1
36,368,1
36,367,1
1921,929,1
1921,977,1
1921,1065,1
1921,1143,1
36,366,1
1921,1613,1
36,263,1
1921,1651,1
1921,1653,1
1921,1654,1
1922,1243,1
1922,1608,1
34,1907,1
1923,434,1
1923,441,1
35,143,1
35,99,1
35,71,1
35,6,1
1923,768,1
1923,802,1
1923,823,1
1923,989,1
1923,1132,1
1923,1156,1
1923,1167,1
1923,1570,1
34,1997,1
34,1984,1
1923,1621,1
1923,1631,1
1923,1652,1
1923,1654,1
1923,1655,1
1923,1657,1
1923,1742,1
34,1931,1
35,568,1
1923,433,1
1922,1612,1
1923,200,1
1922,1622,1
1922,1625,1
1922,1630,1
1922,1650,1
1922,1651,1
35,1133,1
1922,1656,1
35,1126,1
1922,1797,1
35,1123,1
35,1121,1
1922,1836,1
1922,1852,1
1922,1860,1
1922,1997,1
35,1111,1
1923,40,1
1923,55,1
1923,57,1
35,1048,1
1923,101,1
35,806,1
35,611,1
1927,199,1
1927,225,1
1927,236,1
1931,1049,1
1931,1149,1
1931,1176,1
1931,1194,1
31,1536,1
1931,1650,1
1931,1655,1
1931,1657,1
1931,1671,1
1931,1746,1
1931,1848,1
1931,1858,1
1932,14,1
1932,55,1
1932,56,1
1932,57,1
1932,61,1
31,1461,1
31,1194,1
31,1125,1
31,1105,1
1932,184,1
1932,186,1
1932,199,1
31,1680,1
1931,1048,1
1932,320,1
31,1728,1
1930,1630,1
1930,1651,1
1930,1654,1
1930,1671,1
1930,1689,1
1930,1746,1
1930,1748,1
1930,1749,1
32,139,1
1930,1844,1
1931,15,1
1931,16,1
32,138,1
31,1969,1
1931,185,1
1931,186,1
1931,189,1
31,1966,1
1931,240,1
31,1928,1
1931,494,1
31,1891,1
1931,848,1
1932,240,1
1932,568,1
1927,280,1
1933,437,1
1933,566,1
1933,627,1
30,1799,1
1933,1044,1
1933,1079,1
1933,1150,1
1933,1151,1
1933,1346,1
1933,1486,1
1933,1487,1
1933,1651,1
1933,1653,1
30,1737,1
1933,1722,1
30,1727,1
30,1674,1
1933,1791,1
1933,1819,1
1933,1850,1
30,1622,1
1934,10,1
1934,33,1
30,1513,1
1933,495,1
1933,240,1
1932,627,1
1933,199,1
31,1009,1
1932,723,1
31,807,1
31,620,1
1932,816,1
1932,1043,1
1932,1045,1
1932,1067,1
1932,1175,1
1932,1486,1
1932,1630,1
1932,1649,1
1932,1650,1
1932,1655,1
1932,1821,1
31,71,1
1933,11,1
1933,25,1
1933,50,1
30,1914,1
30,1912,1
1933,60,1
1933,62,1
32,257,1
32,262,1
1930,1259,1
33,1069,1
1928,183,1
1928,185,1
1928,199,1
1928,228,1
1928,235,1
33,264,1
1928,743,1
33,263,1
32,1977,1
1928,920,1
1928,1052,1
1928,1054,1
1928,1057,1
32,1962,1
1928,1142,1
1928,1243,1
1928,1652,1
1928,1657,1
1928,1845,1
1928,1851,1
1928,1854,1
1928,1998,1
1929,13,1
1928,180,1
1927,1996,1
1930,1212,1
33,1077,1
1927,342,1
1927,438,1
33,1461,1
33,1459,1
33,1458,1
33,1407,1
33,1397,1
1927,740,1
1927,806,1
1927,816,1
1927,882,1
1927,1033,1
1927,1056,1
33,1216,1
1927,1587,1
1927,1655,1
1927,1656,1
1927,1657,1
33,1150,1
33,1129,1
1927,1768,1
33,1127,1
33,1107,1
1929,17,1
1929,55,1
1929,58,1
1929,59,1
1929,1654,1
1929,1655,1
32,1562,1
1929,1696,1
1929,1799,1
32,1519,1
1929,1851,1
1929,1855,1
1929,1857,1
1929,1908,1
1929,1916,1
1930,17,1
1930,55,1
1930,189,1
1930,191,1
32,1430,1
1930,632,1
32,1393,1
1930,785,1
32,1203,1
32,918,1
1930,1118,1
1930,1119,1
32,1592,1
1929,1649,1
1929,1630,1
1929,728,1
1929,60,1
1929,62,1
1929,74,1
32,1909,1
1929,120,1
32,1885,1
1929,201,1
1929,205,1
1929,637,1
1929,727,1
32,1871,1
1929,1537,1
1929,826,1
1929,972,1
1929,1051,1
1929,1058,1
1929,1059,1
1929,1119,1
1929,1142,1
1929,1212,1
32,1766,1
1929,1534,1
1945,1165,1
26,137,1
1966,491,1
1960,1722,1
20,1404,1
20,1377,1
20,1344,1
20,1261,1
1960,1867,1
1960,1871,1
20,1259,1
20,1226,1
20,1218,1
1961,499,1
1961,704,1
20,1197,1
20,1154,1
1961,764,1
1961,1054,1
20,1053,1
1961,1056,1
1961,1057,1
1961,1131,1
20,969,1
1961,1164,1
20,968,1
1961,1170,1
20,1436,1
1960,1718,1
1961,1231,1
1960,1717,1
1960,376,1
1960,493,1
1960,496,1
1960,767,1
1960,805,1
1960,825,1
1960,873,1
1960,901,1
1960,997,1
1960,999,1
1960,1001,1
1960,1052,1
1960,1053,1
1960,1057,1
1960,1058,1
1960,1063,1
20,1730,1
1960,1162,1
1960,1626,1
1960,1667,1
1960,1704,1
1960,1712,1
1960,1714,1
20,955,1
1961,1232,1
20,1954,1
19,1982,1
19,1608,1
19,1600,1
19,1494,1
19,1472,1
19,1456,1
19,1361,1
1962,758,1
19,1271,1
1962,981,1
1962,982,1
1962,1004,1
1962,1006,1
1962,1053,1
1962,1054,1
1962,1055,1
1962,1056,1
19,1269,1
1962,1104,1
1962,1129,1
1962,1162,1
19,1223,1
1962,1230,1
1962,1461,1
19,1888,1
1962,495,1
1961,1356,1
20,32,1
1961,1432,1
20,939,1
1961,1560,1
1961,1617,1
1961,1667,1
1961,1672,1
1961,1714,1
1961,1717,1
1961,1722,1
1961,1724,1
20,825,1
1961,1780,1
20,787,1
20,391,1
20,366,1
1961,1843,1
20,363,1
1962,33,1
20,310,1
20,264,1
1962,286,1
20,125,1
20,123,1
20,1888,1
1960,237,1
19,1218,1
1957,1880,1
1958,2,1
21,1344,1
21,1256,1
1958,102,1
21,1251,1
1958,371,1
21,1226,1
1958,373,1
1958,496,1
21,1220,1
1958,800,1
21,1217,1
1958,1001,1
1958,1045,1
21,1151,1
1958,1051,1
1958,1056,1
21,1079,1
21,968,1
21,965,1
1958,1543,1
1958,1612,1
1958,1616,1
1957,1940,1
21,1346,1
1958,1621,1
1957,1843,1
21,1468,1
21,1467,1
1957,1048,1
1957,1049,1
1957,1058,1
1957,1059,1
1957,1060,1
1957,1062,1
1957,1126,1
1957,1435,1
1957,1470,1
1957,1525,1
1957,1604,1
21,1402,1
1957,1621,1
1957,1662,1
21,1401,1
1957,1712,1
1957,1713,1
1957,1723,1
1957,1735,1
21,1371,1
1957,1748,1
1958,1617,1
1958,1624,1
20,1960,1
1959,991,1
1959,1001,1
1959,1002,1
1959,1003,1
1959,1052,1
1959,1053,1
1959,1055,1
1959,1058,1
1959,1059,1
1959,1073,1
21,92,1
1959,1433,1
1959,1435,1
21,91,1
1959,1621,1
1959,1630,1
1959,1713,1
1959,1714,1
1959,1722,1
1959,1726,1
1959,1756,1
21,90,1
1959,1845,1
20,1961,1
1959,1000,1
1959,930,1
1958,1626,1
1959,860,1
1958,1630,1
1958,1709,1
1958,1716,1
1958,1718,1
1958,1722,1
1958,1723,1
21,945,1
1958,1756,1
21,908,1
21,808,1
21,783,1
1958,1849,1
1959,50,1
21,628,1
1959,86,1
21,627,1
1959,170,1
1959,226,1
21,365,1
1959,445,1
1959,493,1
1959,796,1
1959,833,1
1962,1462,1
1962,1550,1
26,135,1
17,1900,1
17,1790,1
1964,1859,1
17,1618,1
1965,148,1
1965,373,1
1965,374,1
17,1575,1
1965,394,1
1965,399,1
1965,491,1
1965,565,1
1965,696,1
17,1539,1
1965,735,1
1965,736,1
1965,737,1
1965,739,1
1965,741,1
1965,742,1
1965,743,1
1965,744,1
1965,745,1
1965,746,1
17,1887,1
17,1901,1
1965,748,1
1964,1794,1
1964,762,1
1964,764,1
18,260,1
1964,766,1
18,259,1
1964,928,1
18,134,1
1964,1055,1
1964,1232,1
1964,1414,1
18,122,1
1964,1487,1
1964,1533,1
18,106,1
1964,1535,1
1964,1560,1
1964,1561,1
1964,1574,1
1964,1605,1
1964,1667,1
1964,1725,1
17,1937,1
1964,1755,1
1965,747,1
1965,749,1
18,315,1
1965,1435,1
17,1242,1
1965,1492,1
1965,1498,1
1965,1629,1
1965,1667,1
1965,1672,1
1965,1713,1
1965,1718,1
1965,1719,1
1965,1724,1
1965,1726,1
1965,1728,1
17,1224,1
17,1218,1
1965,1921,1
1965,1999,1
17,1110,1
17,1024,1
1966,127,1
1966,147,1
1966,314,1
17,683,1
1966,432,1
1965,1437,1
1965,1432,1
1965,750,1
1965,1247,1
1965,751,1
1965,752,1
1965,753,1
1965,754,1
1965,755,1
1965,756,1
1965,757,1
1965,758,1
1965,759,1
1965,760,1
1965,761,1
1965,762,1
1965,763,1
1965,764,1
1965,766,1
1965,767,1
1965,768,1
17,1372,1
1965,800,1
1965,978,1
1965,980,1
1965,981,1
1965,1231,1
1964,761,1
18,362,1
1962,1566,1
1963,745,1
1963,747,1
1963,749,1
1963,751,1
1963,752,1
19,393,1
1963,754,1
19,384,1
1963,756,1
19,356,1
1963,758,1
1963,759,1
1963,760,1
1963,761,1
1963,762,1
19,282,1
19,132,1
19,113,1
1963,767,1
19,111,1
1963,848,1
19,7,1
1963,980,1
1963,985,1
1963,746,1
1963,744,1
18,1968,1
1963,740,1
1962,1667,1
1962,1712,1
19,1217,1
1962,1728,1
19,1201,1
19,1181,1
1962,1851,1
19,1173,1
19,1084,1
19,1081,1
19,956,1
19,939,1
1963,163,1
1963,164,1
1963,172,1
1963,174,1
1963,194,1
1963,253,1
1963,492,1
19,851,1
19,825,1
1963,536,1
1963,735,1
18,1980,1
1963,1066,1
1964,758,1
1964,363,1
1964,485,1
1964,493,1
1964,499,1
18,1225,1
18,1182,1
1964,736,1
1964,737,1
1964,738,1
18,1051,1
1964,740,1
18,956,1
18,778,1
18,478,1
1964,746,1
1964,748,1
1964,749,1
1964,750,1
1964,751,1
1964,752,1
1964,754,1
1964,755,1
1964,756,1
1964,757,1
18,1361,1
1964,110,1
18,1967,1
18,1766,1
1963,1070,1
1963,1077,1
1963,1230,1
1963,1232,1
1963,1414,1
1963,1460,1
1963,1478,1
1963,1492,1
18,1954,1
1963,1603,1
1963,1607,1
1963,1608,1
1963,1612,1
1963,1620,1
1963,1626,1
1963,1628,1
1963,1655,1
1963,1667,1
1963,1724,1
1963,1725,1
18,1923,1
1963,1859,1
1963,1965,1
1957,768,1
1957,763,1
1957,761,1
1948,1722,1
1948,1855,1
25,96,1
25,24,1
25,1,1
24,1956,1
24,1952,1
1949,110,1
1949,126,1
1949,158,1
1949,222,1
1949,343,1
1949,363,1
1949,415,1
1949,530,1
24,1867,1
1949,782,1
1949,785,1
1949,790,1
1949,809,1
1949,824,1
1949,1013,1
1949,1036,1
1949,1069,1
1948,1850,1
1948,1720,1
1949,1071,1
1948,1649,1
1948,632,1
1948,683,1
25,602,1
25,601,1
25,600,1
25,599,1
1948,809,1
1948,867,1
1948,1012,1
1948,1159,1
1948,1333,1
1948,1354,1
1948,1369,1
1948,1486,1
1948,1511,1
25,598,1
25,597,1
25,596,1
1948,1548,1
1948,1549,1
1948,1550,1
25,98,1
25,97,1
1949,1070,1
1949,1160,1
1948,603,1
1950,697,1
24,1122,1
1950,798,1
1950,803,1
1950,811,1
1950,812,1
1950,813,1
1950,911,1
1950,1040,1
24,1121,1
1950,1071,1
1950,1078,1
1950,1132,1
1950,1136,1
1950,1152,1
1950,1268,1
24,1069,1
1950,1609,1
1950,1616,1
1950,1653,1
1950,1656,1
1950,1716,1
1950,1722,1
24,831,1
24,1221,1
1950,637,1
1949,1490,1
1950,367,1
24,1553,1
1949,1557,1
1949,1623,1
1949,1626,1
1949,1650,1
1949,1651,1
1949,1656,1
1949,1724,1
24,1506,1
24,1498,1
1949,1850,1
24,1452,1
24,1373,1
1949,1998,1
24,1371,1
1950,3,1
1950,35,1
1950,37,1
1950,70,1
1950,71,1
24,1346,1
24,1344,1
24,1225,1
1948,613,1
1948,565,1
1957,747,1
1946,612,1
25,1905,1
25,1903,1
25,1877,1
25,1699,1
1946,793,1
1946,806,1
1946,845,1
1946,1012,1
1946,1071,1
1946,1319,1
25,1695,1
1946,1560,1
1946,1573,1
1946,1605,1
1946,1620,1
1946,1625,1
1946,1627,1
1946,1649,1
1946,1650,1
1946,1655,1
25,1554,1
1946,1718,1
25,1527,1
1946,694,1
1946,451,1
1946,1855,1
1946,450,1
1945,1618,1
1945,1623,1
1945,1632,1
1945,1653,1
1945,1657,1
1945,1712,1
26,100,1
1945,1723,1
1945,1741,1
1945,1745,1
26,99,1
1945,1986,1
1945,1989,1
1946,34,1
1946,47,1
1946,160,1
1946,167,1
1946,202,1
26,96,1
25,1981,1
1946,367,1
1946,377,1
1946,437,1
25,1482,1
1946,1858,1
1948,286,1
25,939,1
1947,1597,1
1947,1618,1
1947,1625,1
1947,1626,1
1947,1651,1
1947,1654,1
1947,1785,1
1947,1854,1
1947,1859,1
25,794,1
1947,1920,1
25,786,1
1947,1981,1
1947,1982,1
1947,1983,1
1947,1997,1
1947,1999,1
1948,47,1
25,777,1
25,606,1
25,605,1
25,603,1
1948,278,1
1947,1586,1
25,940,1
25,1480,1
1947,1168,1
25,1444,1
25,1375,1
25,1366,1
1947,36,1
1947,69,1
1947,71,1
1947,72,1
25,1365,1
25,1267,1
1947,394,1
1947,427,1
25,1222,1
25,1180,1
25,1137,1
1947,754,1
25,1123,1
1947,784,1
25,1015,1
1947,1049,1
25,941,1
1947,1070,1
1947,1076,1
1947,1167,1
24,703,1
24,601,1
1950,1853,1
1954,1523,1
1954,1621,1
1954,1626,1
1954,1628,1
1954,1629,1
1954,1634,1
1954,1635,1
1954,1646,1
1954,1718,1
1954,1720,1
1954,1752,1
1954,1850,1
22,1199,1
1955,1,1
1955,65,1
1955,74,1
1955,96,1
22,809,1
22,789,1
1955,495,1
1955,520,1
1955,521,1
1955,527,1
1955,682,1
1954,1609,1
1954,1457,1
1955,862,1
1954,1367,1
1953,1722,1
22,1881,1
22,1878,1
1953,1817,1
22,1428,1
1954,129,1
22,1225,1
1954,357,1
1954,414,1
22,1224,1
1954,444,1
1954,524,1
1954,536,1
1954,682,1
1954,684,1
22,1223,1
1954,783,1
1954,818,1
1954,996,1
1954,1062,1
1954,1067,1
1954,1077,1
1954,1345,1
1955,802,1
1955,1003,1
24,362,1
1956,1712,1
1956,1714,1
1956,1716,1
1956,1717,1
1956,1720,1
1956,1723,1
1956,1808,1
1956,1844,1
1956,1902,1
1956,1926,1
1956,1929,1
21,1768,1
1957,33,1
1957,103,1
1957,163,1
1957,310,1
1957,360,1
1957,371,1
1957,411,1
1957,412,1
1957,413,1
1957,494,1
1957,642,1
1957,656,1
1956,1713,1
1956,1646,1
22,254,1
1956,1061,1
1955,1063,1
22,253,1
22,192,1
1955,1159,1
22,129,1
1955,1479,1
1955,1625,1
1955,1646,1
1955,1649,1
1955,1678,1
1955,1717,1
1955,1721,1
22,91,1
22,59,1
21,1991,1
1956,31,1
1956,32,1
21,1911,1
1956,497,1
21,1888,1
1956,821,1
1956,864,1
1956,870,1
1953,1719,1
22,1892,1
1953,1710,1
1951,1135,1
1951,1553,1
1951,1571,1
1951,1657,1
1951,1712,1
23,1598,1
1951,1722,1
23,1535,1
1951,1755,1
1951,1762,1
23,1487,1
23,1463,1
1951,1851,1
1951,1853,1
1951,1858,1
23,1455,1
23,1390,1
1952,36,1
23,1366,1
1952,94,1
1952,111,1
1952,163,1
23,1264,1
23,1222,1
1951,1356,1
23,1933,1
1953,1657,1
1951,1069,1
1951,3,1
1951,7,1
24,234,1
24,106,1
1951,20,1
1951,35,1
1951,37,1
24,100,1
24,98,1
24,96,1
1951,164,1
1951,277,1
1951,411,1
1951,413,1
1951,414,1
24,95,1
1951,535,1
1951,713,1
23,1990,1
1951,812,1
1951,874,1
1951,912,1
1951,1067,1
23,1221,1
1952,277,1
1952,376,1
1952,412,1
1953,278,1
23,173,1
1953,343,1
1953,414,1
23,106,1
23,98,1
1953,789,1
1953,796,1
1953,995,1
1953,1063,1
1953,1065,1
1953,1067,1
1953,1163,1
1953,1359,1
1953,1451,1
23,97,1
23,21,1
1953,1602,1
1953,1612,1
1953,1623,1
1953,1630,1
1953,1634,1
1953,1635,1
23,253,1
23,256,1
23,601,1
1952,1626,1
1952,496,1
1952,722,1
1952,911,1
1952,1082,1
1952,1096,1
1952,1137,1
23,1218,1
1952,1559,1
1952,1624,1
1952,1625,1
1952,1653,1
23,625,1
23,1069,1
1952,1667,1
1952,1711,1
1952,1718,1
1952,1722,1
1952,1865,1
23,634,1
1952,1986,1
1953,10,1
23,627,1
62,355,1
62,356,1
62,357,1
1671,1579,1
1671,1612,1
1671,1633,1
1671,1637,1
1671,1638,1
1671,1673,1
1671,1674,1
1671,1677,1
1671,1683,1
87,1103,1
1671,1710,1
1671,1711,1
1671,1930,1
1671,1967,1
1671,1991,1
1672,186,1
1672,289,1
1672,423,1
87,1100,1
1672,629,1
1672,808,1
1672,899,1
87,1038,1
1672,1141,1
1671,1580,1
87,1125,1
1672,1188,1
87,1362,1
1670,1255,1
1670,1612,1
1670,1636,1
1670,1680,1
1670,1681,1
1670,1709,1
1670,1711,1
1670,1804,1
1671,87,1
1671,96,1
87,1465,1
1671,423,1
87,1407,1
1671,454,1
87,1405,1
1671,629,1
1671,631,1
1671,633,1
1671,723,1
1671,811,1
1671,1191,1
87,1374,1
1671,1255,1
1672,1148,1
1672,1243,1
87,1704,1
1673,1675,1
1673,1681,1
1673,1689,1
1673,1690,1
1673,1698,1
1673,1702,1
1673,1707,1
86,1986,1
86,1899,1
86,1894,1
1673,1958,1
1673,1977,1
1673,1988,1
1673,1991,1
86,1855,1
1674,70,1
1674,85,1
86,1847,1
86,1846,1
86,1837,1
86,1834,1
1674,216,1
1674,296,1
1674,385,1
87,7,1
1673,1634,1
1672,1277,1
1673,1583,1
87,525,1
1672,1633,1
1672,1673,1
1672,1676,1
1672,1679,1
1672,1709,1
1672,1711,1
1672,1991,1
1673,97,1
87,472,1
1673,318,1
1673,385,1
1673,403,1
1673,424,1
1673,425,1
1673,590,1
87,328,1
1673,610,1
1673,674,1
1673,743,1
1673,1102,1
1673,1194,1
1673,1257,1
87,1694,1
1670,1163,1
1674,623,1
88,1411,1
88,1407,1
1667,1273,1
88,990,1
1667,1612,1
1667,1617,1
88,989,1
1667,1688,1
88,586,1
1667,1707,1
88,472,1
1667,1847,1
1667,1883,1
1667,1926,1
1667,1970,1
1668,35,1
1668,185,1
1668,341,1
1668,343,1
1668,394,1
1668,409,1
1668,422,1
88,72,1
1668,424,1
88,1408,1
1667,996,1
1668,466,1
1667,827,1
1666,626,1
1666,723,1
1666,769,1
1666,770,1
88,1628,1
1666,1114,1
1666,1126,1
1666,1621,1
1666,1632,1
88,1524,1
1666,1697,1
1666,1969,1
1666,1970,1
1666,1978,1
1666,1995,1
88,1469,1
88,1425,1
88,1419,1
1667,35,1
1667,394,1
1667,426,1
1667,723,1
1667,811,1
88,55,1
87,1895,1
1670,1160,1
1669,1244,1
1669,1312,1
87,1758,1
1669,1442,1
1669,1635,1
1669,1657,1
1669,1673,1
1669,1674,1
1669,1690,1
1669,1709,1
1669,1994,1
1670,394,1
1670,411,1
1670,424,1
1670,425,1
1670,568,1
1670,612,1
87,1739,1
1670,628,1
1670,631,1
1670,723,1
87,1733,1
1670,941,1
87,1715,1
1669,1265,1
1669,820,1
1668,723,1
1669,723,1
87,1892,1
1668,1180,1
1668,1244,1
87,1860,1
1668,1270,1
1668,1284,1
1668,1471,1
1668,1565,1
1668,1621,1
1668,1627,1
1668,1628,1
1668,1630,1
1668,1632,1
1668,1636,1
1668,1862,1
1668,1870,1
1669,33,1
1669,85,1
87,1798,1
87,1794,1
87,1788,1
1669,586,1
1669,587,1
1674,606,1
1674,624,1
85,1407,1
85,1875,1
1679,1667,1
85,1869,1
1679,1918,1
1679,1920,1
1679,1997,1
1680,185,1
85,1839,1
85,1831,1
1680,674,1
85,1821,1
85,1812,1
1680,1137,1
1680,1171,1
85,1801,1
1680,1204,1
85,1785,1
85,1767,1
1680,1444,1
1680,1579,1
1680,1614,1
85,1749,1
1680,1915,1
85,1745,1
1679,1636,1
85,1900,1
85,1721,1
85,1938,1
1678,382,1
1678,623,1
1678,797,1
1678,972,1
1678,1133,1
1678,1263,1
1678,1568,1
1678,1636,1
1678,1652,1
1678,1667,1
86,501,1
1678,1878,1
1678,1918,1
1678,1931,1
1678,1937,1
1679,518,1
86,132,1
1679,830,1
85,1994,1
1679,902,1
1679,982,1
85,1944,1
1679,1016,1
1680,1921,1
1680,1996,1
86,635,1
1682,395,1
85,1615,1
1682,957,1
1682,1019,1
1682,1033,1
1682,1136,1
1682,1175,1
1682,1183,1
85,1607,1
1682,1768,1
1682,1918,1
1682,1930,1
1682,1934,1
1682,1936,1
1683,44,1
1683,256,1
1683,288,1
1683,301,1
1683,475,1
1683,616,1
1683,730,1
1683,838,1
1683,979,1
1683,1174,1
1682,523,1
1682,331,1
1680,1997,1
85,1661,1
1681,327,1
1681,328,1
1681,371,1
85,1713,1
85,1703,1
1681,376,1
85,1702,1
1681,617,1
1681,791,1
1681,799,1
1681,1027,1
85,1697,1
85,1682,1
1681,1321,1
1681,1402,1
1681,1635,1
1681,1650,1
1681,1916,1
1681,1919,1
1681,1935,1
1682,115,1
1682,237,1
1682,297,1
1678,279,1
1678,177,1
1674,625,1
86,1714,1
1675,1126,1
1675,1132,1
1675,1133,1
1675,1135,1
1675,1282,1
1675,1359,1
1675,1654,1
1675,1655,1
1675,1698,1
1675,1730,1
1675,1762,1
86,1706,1
1675,1877,1
1675,1916,1
1675,1917,1
1675,1920,1
1675,1957,1
1676,9,1
1676,10,1
86,1689,1
1676,87,1
1676,97,1
1676,163,1
1675,1072,1
86,1720,1
1676,168,1
86,1733,1
1674,627,1
1674,632,1
1674,664,1
1674,665,1
86,1827,1
86,1812,1
86,1809,1
1674,973,1
1674,1099,1
1674,1450,1
86,1794,1
1674,1707,1
1674,1813,1
86,1791,1
1674,1992,1
1674,1995,1
1675,9,1
1675,13,1
1675,15,1
1675,92,1
1675,97,1
86,1753,1
86,1745,1
1676,165,1
1676,187,1
1678,168,1
86,1400,1
1677,594,1
1677,625,1
1677,672,1
1677,674,1
1677,789,1
1677,793,1
1677,899,1
1677,1127,1
1677,1151,1
1677,1262,1
1677,1295,1
1677,1589,1
1677,1642,1
1677,1677,1
1677,1788,1
1677,1789,1
1677,1915,1
1677,1952,1
1677,1957,1
1677,1958,1
1678,17,1
86,712,1
1678,167,1
1677,381,1
1677,255,1
1676,194,1
86,1407,1
1676,209,1
86,1682,1
1676,381,1
86,1677,1
1676,588,1
1676,589,1
1676,623,1
86,1627,1
1676,1128,1
1676,1147,1
1676,1248,1
1676,1283,1
1676,1491,1
1676,1582,1
86,1467,1
1676,1916,1
1676,1952,1
1676,1957,1
1676,1958,1
1677,17,1
1677,31,1
86,1445,1
1677,183,1
1666,623,1
1666,593,1
1666,580,1
91,21,1
1657,588,1
90,1965,1
1657,622,1
1657,807,1
90,1895,1
1657,996,1
1657,1021,1
1657,1192,1
90,1867,1
90,1855,1
90,1854,1
1657,1264,1
1657,1265,1
1657,1267,1
1657,1268,1
90,1849,1
90,1839,1
1657,1504,1
1657,1512,1
1657,1522,1
1657,1673,1
1657,1679,1
1657,1699,1
1657,19,1
91,523,1
1657,1783,1
1656,1933,1
1656,588,1
91,1353,1
1656,894,1
1656,1162,1
1656,1193,1
91,1345,1
91,1329,1
91,1059,1
91,1058,1
1656,1294,1
1656,1512,1
1656,1519,1
1656,1522,1
91,1027,1
91,1021,1
91,1020,1
1656,1715,1
91,1018,1
91,684,1
1656,1738,1
1656,1771,1
1656,1772,1
1656,1922,1
1657,1782,1
1657,1931,1
1656,251,1
1658,1680,1
1658,1700,1
1658,1735,1
90,1703,1
1658,1772,1
1658,1773,1
1658,1795,1
90,1698,1
90,1664,1
1658,1926,1
1659,66,1
90,1657,1
1659,399,1
1659,400,1
1659,548,1
1659,585,1
1659,588,1
1659,1029,1
1659,1031,1
1659,1037,1
1659,1042,1
1659,1109,1
1659,1118,1
1659,1119,1
90,1707,1
1658,1516,1
1657,1932,1
1658,1514,1
1657,1947,1
90,1810,1
1658,772,1
1658,792,1
1658,935,1
90,1801,1
1658,1174,1
1658,1175,1
90,1792,1
90,1788,1
90,1776,1
90,1738,1
90,1724,1
1658,1265,1
1658,1267,1
1658,1268,1
1658,1286,1
90,1723,1
90,1715,1
1658,1384,1
1658,1385,1
1658,1444,1
1658,1513,1
1656,275,1
1656,204,1
1666,573,1
92,1123,1
1653,1665,1
1653,1666,1
1653,1667,1
92,398,1
1653,1680,1
1653,1722,1
92,382,1
1653,1856,1
92,69,1
91,1999,1
91,1964,1
1653,1876,1
91,1869,1
91,1852,1
1653,1924,1
1654,13,1
91,1832,1
1654,99,1
1654,212,1
1654,213,1
91,1825,1
91,1809,1
1654,459,1
92,965,1
92,1141,1
91,1792,1
1653,1601,1
1652,1921,1
1652,1924,1
1652,1927,1
1653,95,1
92,1504,1
1653,405,1
92,1500,1
92,1497,1
92,1477,1
92,1474,1
1653,813,1
92,1465,1
92,1407,1
1653,1163,1
1653,1263,1
92,1232,1
92,1212,1
92,1210,1
1653,1376,1
1653,1512,1
1653,1521,1
1653,1588,1
1653,1589,1
1654,650,1
1654,871,1
1655,1924,1
1655,36,1
91,1716,1
1655,609,1
1655,614,1
1655,666,1
91,1710,1
91,1686,1
91,1658,1
1655,1087,1
91,1619,1
1655,1142,1
1655,1147,1
1655,1164,1
1655,1263,1
1655,1338,1
1655,1521,1
1655,1522,1
1655,1678,1
1655,1693,1
1655,1694,1
1655,1698,1
1655,1704,1
1655,1769,1
91,1490,1
1655,218,1
1655,10,1
1654,882,1
1654,1993,1
91,1789,1
91,1782,1
1654,1443,1
91,1780,1
1654,1521,1
1654,1606,1
1654,1627,1
1654,1653,1
91,1777,1
1654,1663,1
1654,1664,1
91,1775,1
91,1761,1
91,1757,1
1654,1674,1
91,1755,1
91,1748,1
91,1735,1
91,1734,1
91,1725,1
1654,1919,1
1654,1925,1
1654,1965,1
90,1469,1
1659,1178,1
1659,1252,1
1663,1646,1
89,940,1
89,598,1
89,523,1
89,521,1
1663,1875,1
1663,1944,1
89,376,1
1664,30,1
1664,238,1
1664,254,1
1664,358,1
1664,402,1
88,1995,1
1664,633,1
1664,1171,1
1664,1214,1
88,1850,1
88,1844,1
88,1840,1
88,1825,1
1664,1265,1
1664,1282,1
1664,1288,1
1663,1659,1
1663,1563,1
1664,1558,1
1663,1444,1
89,1470,1
89,1417,1
1662,1796,1
1662,1803,1
1662,1884,1
1662,1926,1
1663,360,1
1663,401,1
1663,536,1
1663,587,1
89,1348,1
89,1263,1
1663,798,1
89,1258,1
89,1180,1
1663,913,1
1663,1175,1
1663,1176,1
89,1179,1
89,1178,1
89,1147,1
89,1006,1
1663,1266,1
88,1815,1
1664,1606,1
90,1466,1
1665,1126,1
88,1716,1
88,1702,1
88,1685,1
88,1683,1
1665,1444,1
1665,1558,1
1665,1618,1
1665,1632,1
1665,1675,1
1665,1702,1
1665,1703,1
88,1652,1
1665,1711,1
1665,1857,1
1665,1884,1
1665,1943,1
1665,1976,1
1666,29,1
1666,152,1
1666,400,1
1666,424,1
1666,425,1
1666,426,1
1665,1173,1
88,1739,1
1664,1608,1
88,1740,1
1664,1632,1
1664,1646,1
1664,1679,1
1664,1703,1
88,1796,1
88,1791,1
1664,1710,1
1664,1786,1
1664,1798,1
1664,1929,1
1664,1944,1
1664,1970,1
1664,1972,1
1665,8,1
1665,39,1
88,1771,1
1665,193,1
1665,359,1
1665,401,1
1665,586,1
1665,592,1
88,1768,1
88,1764,1
1662,1646,1
1662,1579,1
1662,1562,1
1660,794,1
90,404,1
90,258,1
90,120,1
1660,1266,1
1660,1268,1
90,111,1
89,1985,1
1660,1561,1
1660,1565,1
1660,1566,1
1660,1578,1
1660,1663,1
89,1864,1
89,1862,1
1660,1942,1
89,1849,1
1660,1980,1
1660,1981,1
1660,1993,1
89,1843,1
1660,1997,1
1661,3,1
1661,115,1
1660,837,1
1660,793,1
1662,1560,1
1660,584,1
90,1465,1
90,1444,1
1659,1268,1
90,1379,1
90,1264,1
90,1213,1
90,1183,1
90,1004,1
1659,1515,1
1659,1516,1
1659,1575,1
1659,1646,1
1659,1672,1
1659,1738,1
90,955,1
1660,4,1
90,588,1
90,523,1
1660,273,1
90,522,1
1660,328,1
1660,384,1
1660,551,1
1661,122,1
1661,124,1
1661,274,1
1661,382,1
1661,1564,1
1661,1565,1
89,1759,1
1661,1640,1
89,1742,1
89,1733,1
1661,1687,1
1661,1691,1
1661,1694,1
89,1731,1
1662,46,1
1662,55,1
1662,242,1
1662,259,1
1662,391,1
1662,551,1
1662,687,1
1662,688,1
89,1711,1
1662,1237,1
89,1561,1
1662,1262,1
1662,1559,1
1661,1563,1
1661,1562,1
1661,1559,1
1661,768,1
1661,389,1
1661,390,1
1661,402,1
1661,403,1
1661,588,1
89,1838,1
89,1832,1
89,1829,1
1661,636,1
1661,671,1
1661,824,1
89,1777,1
89,1826,1
1661,1179,1
1661,1236,1
89,1823,1
89,1806,1
89,1804,1
89,1797,1
89,1790,1
1661,1274,1
89,1782,1
1683,1331,1
1683,1671,1
92,1584,1
81,1464,1
1717,1560,1
81,1430,1
1717,1597,1
1717,1656,1
81,1408,1
1717,1789,1
81,1253,1
1717,1985,1
1717,1995,1
1717,1998,1
81,1163,1
81,1142,1
1718,292,1
1718,480,1
1718,703,1
1718,1000,1
81,931,1
1718,1082,1
1718,1300,1
1718,1439,1
1718,1440,1
81,562,1
1718,1579,1
1717,1441,1
1717,1198,1
1718,1898,1
1717,1197,1
1716,182,1
1716,897,1
81,1732,1
81,1713,1
81,1711,1
1716,1196,1
1716,1198,1
1716,1440,1
81,1700,1
81,1697,1
81,1685,1
81,1684,1
1716,1999,1
1717,25,1
1717,481,1
81,1637,1
1717,700,1
1717,872,1
1717,1050,1
81,1469,1
1717,1097,1
1717,1104,1
1717,1196,1
1718,1700,1
1718,1981,1
1715,1997,1
81,479,1
1720,367,1
1720,370,1
1720,371,1
1720,699,1
1720,847,1
1720,927,1
1720,1045,1
1720,1068,1
1720,1078,1
1720,1095,1
81,277,1
80,1981,1
80,1965,1
80,1860,1
1720,1101,1
80,1836,1
1720,1126,1
1720,1139,1
1720,1296,1
1720,1323,1
1720,1325,1
1720,1612,1
1720,1661,1
1720,366,1
1720,292,1
1718,1986,1
1719,1999,1
1718,1998,1
1718,1999,1
1719,320,1
1719,324,1
1719,348,1
1719,412,1
1719,458,1
1719,489,1
1719,706,1
1719,927,1
1719,971,1
81,526,1
81,493,1
81,489,1
1719,1113,1
1719,1117,1
1719,1414,1
1719,1579,1
1719,1612,1
1719,1672,1
1719,1673,1
1719,1699,1
1719,1733,1
1715,1999,1
1715,1995,1
1720,1958,1
1710,1358,1
1710,1476,1
1711,59,1
1711,117,1
1711,312,1
82,431,1
1711,350,1
1711,600,1
1711,1054,1
1711,1092,1
1711,1130,1
82,337,1
1711,1453,1
1711,1597,1
1711,1671,1
1711,1710,1
1711,1722,1
1711,1815,1
1711,1817,1
1711,1994,1
1712,32,1
1712,106,1
1712,110,1
1712,414,1
82,468,1
82,471,1
1712,686,1
1710,1092,1
1709,561,1
1709,704,1
1709,1087,1
82,902,1
1709,1222,1
1709,1225,1
1709,1425,1
1709,1618,1
1709,1765,1
1709,1770,1
1709,1808,1
1709,1857,1
1710,32,1
1710,59,1
1710,104,1
82,696,1
82,598,1
1710,453,1
1710,524,1
82,482,1
1710,932,1
1710,975,1
1710,1041,1
1712,561,1
82,182,1
1715,1701,1
1714,927,1
1714,1085,1
1714,1091,1
1714,1092,1
1714,1093,1
81,1837,1
1714,1345,1
1714,1453,1
1714,1487,1
1714,1588,1
1714,1780,1
81,1830,1
1715,622,1
1715,623,1
81,1822,1
81,1800,1
1715,1000,1
1715,1025,1
1715,1083,1
81,1799,1
1715,1095,1
1715,1240,1
1715,1439,1
1715,1440,1
81,1838,1
1714,761,1
1712,817,1
1714,622,1
1712,1129,1
1712,1453,1
1712,1573,1
82,14,1
1712,1598,1
81,1952,1
1712,1695,1
1713,421,1
81,1893,1
1713,1039,1
1713,1086,1
1713,1092,1
81,1887,1
1713,1204,1
81,1874,1
1713,1453,1
1713,1729,1
1713,1999,1
1714,13,1
1714,38,1
1714,106,1
1714,243,1
81,1845,1
1720,1704,1
1720,1986,1
1683,1731,1
1727,176,1
1727,261,1
80,260,1
80,259,1
1727,302,1
1727,672,1
1727,703,1
1727,740,1
80,178,1
1727,1126,1
79,1969,1
1727,1183,1
1727,1185,1
1727,1630,1
79,1967,1
1727,1734,1
1727,1767,1
1727,1995,1
1728,261,1
79,1892,1
79,1868,1
79,1866,1
79,1854,1
1728,300,1
1727,260,1
80,261,1
79,1845,1
1726,1908,1
80,974,1
1726,202,1
1726,344,1
1726,346,1
1726,706,1
1726,764,1
1726,1046,1
1726,1047,1
1726,1055,1
80,501,1
80,489,1
80,488,1
80,487,1
1726,1111,1
80,485,1
80,393,1
1726,1177,1
1726,1183,1
1726,1749,1
1726,1750,1
1726,1751,1
1726,1752,1
1726,1753,1
1728,301,1
1728,440,1
1725,1997,1
1729,706,1
1729,730,1
1729,1090,1
1729,1092,1
79,1692,1
1729,1104,1
79,1687,1
1729,1185,1
1729,1201,1
1729,1378,1
1729,1479,1
1729,1679,1
79,1677,1
79,1676,1
1729,1817,1
79,1586,1
79,1582,1
1729,1917,1
1729,1990,1
1730,252,1
1730,454,1
1730,709,1
79,1489,1
79,1452,1
1729,709,1
1729,699,1
79,1843,1
79,1713,1
1728,699,1
1728,700,1
79,1841,1
1728,763,1
1728,1056,1
79,1838,1
1728,1088,1
1728,1090,1
1728,1091,1
1728,1178,1
1728,1185,1
79,1823,1
1728,1383,1
79,1812,1
1728,1474,1
1728,1606,1
79,1799,1
79,1795,1
1729,38,1
79,1794,1
1729,261,1
1729,277,1
1729,380,1
80,1070,1
1725,1979,1
1720,1999,1
1722,342,1
1722,625,1
80,1707,1
80,1685,1
80,1674,1
80,1607,1
80,1546,1
80,1516,1
1722,1366,1
1722,1595,1
1722,1739,1
1722,1999,1
1723,6,1
1723,102,1
1723,334,1
80,1482,1
1723,505,1
1723,648,1
1723,921,1
1723,1071,1
80,1471,1
80,1470,1
80,1468,1
1723,1400,1
1722,349,1
1722,326,1
1723,1521,1
1722,321,1
1721,7,1
1721,26,1
1721,32,1
1721,382,1
1721,1096,1
80,1829,1
80,1797,1
80,1787,1
1721,1102,1
80,1771,1
80,1761,1
80,1759,1
1721,1148,1
1721,1172,1
80,1730,1
1721,1769,1
1721,1844,1
1721,1987,1
1721,1999,1
1722,251,1
1722,286,1
1722,311,1
1722,315,1
1723,1520,1
1723,1522,1
1725,1764,1
1724,1231,1
1724,1246,1
1724,1255,1
1724,1362,1
1724,1602,1
80,1228,1
1724,1717,1
1724,1746,1
1724,1802,1
1724,1985,1
1724,1990,1
1725,116,1
80,1221,1
1725,279,1
1725,733,1
1725,888,1
1725,900,1
80,1163,1
1725,1175,1
1725,1176,1
1725,1177,1
80,1138,1
1725,1378,1
1725,1725,1
1724,1233,1
80,1338,1
1723,1523,1
1724,1204,1
1723,1801,1
1723,1990,1
1723,1991,1
1723,1992,1
1724,7,1
1724,296,1
1724,305,1
1724,340,1
1724,344,1
1724,627,1
1724,698,1
1724,699,1
80,1467,1
80,1407,1
1724,711,1
1724,763,1
1724,1071,1
80,1402,1
1724,1127,1
1724,1136,1
80,1374,1
1724,1202,1
1724,1203,1
82,944,1
82,970,1
1709,349,1
84,1399,1
1691,64,1
1691,176,1
1691,192,1
1691,193,1
1691,195,1
1691,196,1
1691,444,1
1691,728,1
1691,756,1
1691,978,1
1691,1131,1
84,1374,1
84,1202,1
84,1163,1
1691,1556,1
1691,1558,1
84,1028,1
1691,1695,1
84,1027,1
1691,1811,1
1691,1812,1
84,130,1
84,70,1
1690,1997,1
1690,1978,1
1691,1998,1
1690,1869,1
1690,194,1
1690,197,1
1690,198,1
1690,299,1
1690,310,1
1690,325,1
1690,425,1
1690,793,1
1690,794,1
1690,796,1
84,1499,1
1690,1153,1
1690,1163,1
84,1474,1
84,1468,1
1690,1558,1
1690,1569,1
1690,1583,1
1690,1586,1
1690,1691,1
1690,1731,1
1690,1808,1
84,1426,1
84,53,1
1692,165,1
1690,63,1
83,1760,1
83,1757,1
1693,1344,1
83,1755,1
1693,1567,1
83,1722,1
1693,1978,1
1694,27,1
1694,176,1
83,1714,1
1694,424,1
1694,832,1
1694,1126,1
1694,1187,1
1694,1266,1
1694,1267,1
1694,1268,1
1694,1269,1
83,1713,1
83,1712,1
83,1706,1
83,1696,1
1694,1602,1
1694,1697,1
1693,1182,1
1693,726,1
1692,192,1
83,1816,1
1692,199,1
1692,200,1
1692,254,1
1692,352,1
1692,353,1
83,1953,1
83,1922,1
1692,931,1
83,1921,1
83,1905,1
83,1877,1
83,1864,1
83,1835,1
83,1834,1
83,1833,1
83,1829,1
1692,1696,1
1692,1977,1
1693,26,1
1693,124,1
1693,150,1
1693,278,1
1693,404,1
1690,177,1
84,1700,1
1709,104,1
1685,1161,1
1685,1468,1
1685,1469,1
1685,1474,1
1685,1664,1
1685,1671,1
1685,1697,1
1685,1886,1
1685,1983,1
1685,1997,1
1686,105,1
1686,116,1
1686,193,1
1686,194,1
1686,196,1
1686,199,1
84,1953,1
1686,272,1
1686,288,1
1686,1144,1
1686,1357,1
84,1950,1
1686,1607,1
1686,1653,1
1685,1394,1
1685,937,1
1687,63,1
1685,409,1
1683,1801,1
85,1339,1
85,1231,1
85,1194,1
85,1162,1
1684,307,1
85,506,1
1684,1129,1
1684,1160,1
1684,1163,1
1684,1239,1
1684,1323,1
1684,1581,1
1684,1591,1
1684,1664,1
1684,1717,1
1684,1782,1
1684,1917,1
1684,1979,1
1685,14,1
1685,15,1
1685,309,1
1685,395,1
84,1928,1
84,1886,1
84,1714,1
84,1777,1
1688,1558,1
84,1775,1
1688,1815,1
1689,63,1
1689,94,1
1689,150,1
1689,197,1
1689,323,1
84,1767,1
1689,414,1
84,1762,1
1689,500,1
84,1759,1
1689,620,1
1689,621,1
1689,622,1
1689,946,1
1689,1557,1
1689,1558,1
1689,1569,1
1689,1618,1
84,1729,1
1689,1869,1
1688,1293,1
1688,1156,1
1687,85,1
1688,1135,1
1687,92,1
1687,105,1
84,1875,1
1687,193,1
1687,195,1
1687,727,1
84,1854,1
1687,1145,1
1687,1270,1
1687,1282,1
84,1850,1
1687,1452,1
1687,1460,1
84,1814,1
84,1792,1
84,1788,1
1688,63,1
1688,150,1
1688,194,1
1688,198,1
84,1786,1
1688,292,1
84,1784,1
83,1689,1
1695,13,1
1695,176,1
1704,1587,1
82,1705,1
1705,19,1
1705,156,1
1705,275,1
1705,375,1
82,1679,1
1705,747,1
1705,1097,1
1705,1102,1
1705,1106,1
82,1663,1
1705,1169,1
82,1650,1
82,1636,1
1705,1588,1
1705,1701,1
1705,1789,1
1705,1979,1
1705,1984,1
1706,27,1
82,1620,1
1706,393,1
1706,421,1
1704,1717,1
82,1707,1
1706,956,1
1704,1343,1
82,1778,1
1703,1694,1
82,1756,1
1704,17,1
1704,227,1
1704,228,1
1704,229,1
82,1751,1
1704,386,1
1704,463,1
82,1742,1
1704,982,1
1704,1043,1
1704,1070,1
1704,1072,1
82,1713,1
1704,1095,1
1704,1100,1
1704,1101,1
1704,1102,1
1704,1169,1
1704,1171,1
82,1710,1
1706,637,1
82,1607,1
1695,1094,1
1707,1768,1
1707,1978,1
1707,1986,1
1707,1995,1
1707,1999,1
1708,14,1
1708,121,1
82,1464,1
1708,692,1
1708,750,1
1708,815,1
1708,1221,1
1708,1222,1
82,1345,1
1708,1226,1
82,1127,1
1708,1564,1
82,975,1
1708,1764,1
1708,1818,1
1708,1985,1
1708,1987,1
1708,1999,1
1709,32,1
82,1466,1
1707,1679,1
1706,1105,1
1707,1630,1
1706,1110,1
1706,1111,1
1706,1586,1
1706,1587,1
1706,1677,1
1706,1770,1
1706,1781,1
1706,1939,1
1706,1985,1
1707,274,1
1707,290,1
1707,318,1
1707,319,1
1707,386,1
1707,623,1
1707,690,1
1707,1069,1
1707,1105,1
82,1467,1
1707,1136,1
1707,1137,1
1707,1519,1
1707,1539,1
82,1798,1
82,1820,1
82,1833,1
1697,1127,1
1697,1336,1
1697,1814,1
83,1464,1
1698,17,1
83,1408,1
1698,665,1
1698,674,1
1698,784,1
83,1407,1
1698,1186,1
83,1389,1
1698,1441,1
1698,1480,1
83,1256,1
1698,1773,1
1698,1816,1
1699,253,1
1699,285,1
1699,665,1
1699,781,1
1699,1149,1
83,1078,1
1699,1375,1
1697,1154,1
1697,1039,1
1703,1304,1
1697,933,1
1695,1154,1
1695,1213,1
83,1672,1
83,1667,1
1695,1443,1
1695,1572,1
1696,311,1
1696,363,1
1696,364,1
1696,365,1
1696,398,1
1696,439,1
1696,833,1
1696,1154,1
1696,1161,1
1696,1333,1
1696,1335,1
1696,1747,1
1696,1811,1
1696,1816,1
83,1593,1
1697,176,1
1697,363,1
1699,1376,1
1699,1533,1
1699,1589,1
1699,1684,1
1701,1585,1
1701,1787,1
83,382,1
83,340,1
1702,14,1
83,339,1
1702,61,1
1702,62,1
1702,707,1
83,315,1
83,258,1
1702,1088,1
82,1975,1
1702,1127,1
1702,1305,1
82,1966,1
82,1949,1
1703,12,1
1703,18,1
1703,305,1
1703,1095,1
1703,1170,1
82,1896,1
1701,1500,1
1701,1450,1
1701,1376,1
1700,1305,1
83,1068,1
83,1062,1
1699,1764,1
83,930,1
1700,62,1
1700,387,1
1700,709,1
1700,1160,1
1700,1220,1
1700,1302,1
1700,1341,1
83,469,1
1700,1816,1
83,629,1
1701,11,1
1701,659,1
1701,660,1
83,482,1
1701,1090,1
1701,1091,1
1701,1302,1
1701,1320,1
1652,1919,1
1652,1884,1
62,359,1
101,1853,1
101,1831,1
101,1830,1
101,1822,1
1612,1782,1
1613,27,1
1613,30,1
1613,182,1
1613,216,1
101,1820,1
1613,348,1
101,1785,1
1613,1161,1
101,1771,1
1613,1509,1
1613,1515,1
101,1770,1
101,1746,1
101,1745,1
101,1743,1
1613,1777,1
101,1738,1
101,1733,1
101,1729,1
101,1845,1
101,1885,1
1614,25,1
101,1890,1
102,541,1
102,483,1
102,482,1
1611,1780,1
102,364,1
102,71,1
1612,13,1
101,1991,1
1612,377,1
1612,411,1
101,1979,1
101,1939,1
1612,918,1
1612,925,1
1612,945,1
1612,1089,1
1612,1267,1
1612,1293,1
1612,1513,1
1612,1514,1
1612,1515,1
1612,1516,1
1612,1517,1
1613,1949,1
1614,31,1
1611,1363,1
1615,25,1
1615,370,1
1615,376,1
101,1668,1
1615,909,1
1615,930,1
1615,969,1
101,1652,1
101,1619,1
101,1609,1
101,1607,1
101,1562,1
101,1558,1
1615,1360,1
101,1513,1
1615,1630,1
101,1500,1
1615,1769,1
101,1496,1
101,1489,1
101,1442,1
1615,1799,1
101,1407,1
101,1396,1
1615,369,1
1615,23,1
101,1726,1
1615,19,1
1614,323,1
1614,998,1
1614,1109,1
1614,1263,1
101,1725,1
101,1722,1
101,1718,1
1614,1516,1
1614,1554,1
1614,1593,1
1614,1629,1
101,1713,1
101,1706,1
101,1705,1
101,1681,1
1614,1779,1
1614,1780,1
101,1679,1
101,1673,1
1614,1783,1
101,1672,1
1614,1948,1
1614,1959,1
1611,1497,1
1611,1275,1
1616,14,1
1608,908,1
1608,1102,1
1608,1204,1
1608,1356,1
103,976,1
103,632,1
103,625,1
1608,1771,1
103,482,1
1608,1773,1
103,480,1
1608,1775,1
1608,1778,1
102,1995,1
1608,1782,1
102,1917,1
1608,1988,1
1609,33,1
102,1850,1
102,1842,1
102,1831,1
102,1817,1
102,1769,1
102,1746,1
103,1018,1
1608,465,1
1609,1161,1
1608,387,1
1607,888,1
1607,1171,1
103,1408,1
1607,1646,1
1607,1749,1
103,1407,1
103,1326,1
103,1244,1
103,1158,1
103,1157,1
1607,1788,1
1607,1868,1
1607,1949,1
1607,1979,1
1607,1987,1
1608,31,1
1608,33,1
1608,34,1
1608,248,1
1608,253,1
1608,254,1
1608,258,1
1608,260,1
1609,1160,1
102,1745,1
1611,1154,1
102,1588,1
1610,1517,1
102,1551,1
102,1544,1
102,1522,1
102,1473,1
102,1470,1
1610,1615,1
1610,1616,1
1610,1770,1
102,1407,1
102,1326,1
1610,1784,1
102,1076,1
1610,1946,1
1610,1947,1
1610,1950,1
1611,6,1
1611,119,1
1611,236,1
102,1071,1
102,921,1
1611,356,1
1611,386,1
1610,1161,1
1610,959,1
102,1744,1
1610,773,1
1609,1645,1
1609,1646,1
102,1739,1
1609,1778,1
102,1725,1
102,1724,1
102,1722,1
102,1714,1
1609,1783,1
102,1713,1
102,1710,1
102,1704,1
102,1702,1
1609,1921,1
1610,246,1
102,1674,1
1610,292,1
1610,340,1
1610,345,1
1610,353,1
1610,494,1
1610,655,1
102,1640,1
1616,13,1
1616,15,1
1625,1692,1
1623,6,1
1623,116,1
1623,117,1
1623,118,1
1623,222,1
1623,254,1
100,1490,1
1623,256,1
100,1467,1
100,1442,1
1623,402,1
1623,448,1
100,1227,1
100,1136,1
100,1076,1
1623,932,1
100,1072,1
1623,1181,1
1623,1199,1
1623,1223,1
1623,1241,1
1623,1549,1
100,1071,1
100,961,1
1623,57,1
1622,1945,1
100,830,1
1622,1783,1
1621,1592,1
1621,1640,1
1621,1730,1
1621,1767,1
100,1694,1
1621,1786,1
100,1685,1
1621,1950,1
1621,1973,1
1622,23,1
1622,24,1
1622,92,1
1622,96,1
1622,257,1
1622,258,1
1622,296,1
1622,360,1
1622,637,1
1622,808,1
1622,1183,1
100,1552,1
1622,1518,1
100,1501,1
100,914,1
100,795,1
100,1723,1
1624,1783,1
1624,1963,1
1625,24,1
99,1960,1
1625,270,1
1625,272,1
99,1902,1
99,1871,1
1625,372,1
99,1866,1
99,1857,1
99,1849,1
1625,857,1
1625,995,1
1625,1080,1
99,1844,1
1625,1191,1
1625,1193,1
99,1837,1
1625,1411,1
1625,1450,1
1625,1451,1
99,1828,1
1625,1594,1
1624,1787,1
1624,1706,1
1623,1788,1
100,118,1
1623,1791,1
1623,1920,1
1623,1921,1
1623,1959,1
1624,6,1
1624,155,1
1624,264,1
1624,311,1
1624,360,1
1624,371,1
1624,372,1
100,712,1
100,562,1
1624,624,1
100,507,1
1624,799,1
1624,859,1
1624,1145,1
1624,1161,1
1624,1173,1
1624,1223,1
1624,1411,1
100,200,1
1621,1477,1
1621,1249,1
1616,23,1
1617,1025,1
1617,1185,1
1617,1324,1
101,720,1
101,562,1
101,404,1
101,275,1
1617,1919,1
101,259,1
1617,1926,1
1617,1950,1
1618,257,1
101,61,1
1618,404,1
1618,405,1
1618,423,1
100,1991,1
1618,476,1
1618,924,1
1618,944,1
100,1955,1
1618,1198,1
1618,1511,1
100,1943,1
1617,1104,1
1617,1023,1
1618,1786,1
101,1000,1
1616,72,1
101,1343,1
101,1221,1
1616,511,1
1616,774,1
101,1166,1
1616,1578,1
1616,1587,1
1616,1588,1
101,1158,1
1616,1768,1
1616,1775,1
101,1077,1
1616,1948,1
101,1072,1
1617,126,1
101,1071,1
101,1057,1
1617,425,1
1617,848,1
1617,922,1
1617,939,1
1617,949,1
1618,1766,1
100,1887,1
1621,1199,1
1619,1949,1
1620,14,1
1620,16,1
1620,29,1
1620,33,1
100,1763,1
1620,998,1
1620,1199,1
1620,1252,1
1620,1591,1
1620,1638,1
1620,1639,1
1620,1692,1
1620,1768,1
100,1741,1
1620,1950,1
1620,1951,1
1620,1956,1
1621,215,1
1621,369,1
100,1727,1
1621,546,1
100,1725,1
1621,1033,1
1620,3,1
1619,1948,1
1618,1939,1
1619,1774,1
1618,1948,1
1618,1950,1
1619,3,1
1619,11,1
1619,12,1
1619,20,1
1619,23,1
100,1856,1
1619,123,1
1619,254,1
100,1848,1
1619,580,1
100,1846,1
1619,636,1
1619,1158,1
1619,1214,1
100,1795,1
100,1790,1
1619,1492,1
1619,1493,1
1619,1536,1
100,1783,1
1619,1756,1
1607,659,1
1607,532,1
1607,468,1
1594,913,1
104,1779,1
1594,1293,1
1594,1487,1
1594,1488,1
104,1776,1
1594,1584,1
104,1773,1
104,1762,1
104,1759,1
1594,1686,1
104,1758,1
1594,1691,1
1594,1694,1
1594,1726,1
1594,1776,1
1594,1795,1
104,1757,1
1595,732,1
1595,822,1
1595,825,1
104,1756,1
1595,933,1
1595,1292,1
1594,971,1
1594,844,1
104,1748,1
1594,843,1
1593,971,1
1593,1177,1
1593,1184,1
1593,1292,1
104,1847,1
104,1838,1
104,1829,1
1593,1578,1
104,1828,1
1593,1596,1
104,1820,1
1593,1953,1
1593,1991,1
1593,1992,1
104,1808,1
104,1782,1
1594,491,1
1594,720,1
1594,729,1
1594,732,1
1594,770,1
1594,822,1
1594,841,1
1595,1574,1
104,1741,1
1593,842,1
1596,1587,1
104,1703,1
104,1700,1
1596,1595,1
1596,1600,1
1596,1693,1
1596,1694,1
1596,1780,1
1596,1783,1
104,1693,1
104,1687,1
1596,1887,1
1597,3,1
1597,27,1
1597,79,1
1597,291,1
1597,393,1
1597,657,1
104,1655,1
104,1635,1
1597,690,1
1597,720,1
1597,721,1
1597,732,1
104,1704,1
1596,1586,1
104,1739,1
104,1706,1
1595,1774,1
1595,1798,1
104,1735,1
104,1734,1
1596,396,1
1596,397,1
1596,489,1
1596,625,1
1596,657,1
1596,665,1
104,1732,1
104,1730,1
104,1727,1
1596,840,1
104,1726,1
1596,988,1
1596,1264,1
1596,1284,1
104,1720,1
104,1715,1
104,1714,1
104,1712,1
104,1710,1
1593,844,1
1593,827,1
1607,386,1
1589,1974,1
1590,40,1
1590,416,1
1590,581,1
105,1476,1
1590,606,1
1590,648,1
105,1407,1
1590,847,1
1590,1288,1
1590,1291,1
1590,1598,1
1590,1599,1
105,1135,1
105,1065,1
1590,1654,1
1590,1820,1
1590,1925,1
1590,1927,1
1590,1967,1
1590,1968,1
1590,1972,1
1591,30,1
105,978,1
1590,34,1
1589,1965,1
1591,649,1
1589,1928,1
105,1597,1
105,1557,1
105,1512,1
1589,571,1
1589,597,1
1589,598,1
1589,649,1
105,1500,1
1589,658,1
1589,847,1
105,1486,1
1589,1529,1
1589,1532,1
1589,1533,1
1589,1598,1
1589,1599,1
1589,1600,1
105,1484,1
1589,1624,1
1589,1648,1
1589,1700,1
1589,1791,1
1589,1926,1
1591,609,1
1591,656,1
1593,823,1
1592,906,1
1592,1177,1
1592,1288,1
1592,1391,1
1592,1529,1
1592,1555,1
104,1854,1
1592,1585,1
1592,1591,1
1592,1615,1
1592,1616,1
1592,1991,1
104,1853,1
1593,3,1
1593,26,1
1593,240,1
1593,269,1
1593,298,1
1593,400,1
1593,480,1
1593,653,1
1593,667,1
1593,720,1
1593,822,1
104,1928,1
1592,841,1
1591,721,1
1592,826,1
1591,825,1
105,965,1
1591,904,1
1591,1124,1
1591,1154,1
105,656,1
1591,1178,1
1591,1311,1
1591,1326,1
1591,1594,1
105,537,1
1591,1690,1
105,250,1
105,142,1
1591,1973,1
1592,25,1
1592,30,1
1592,296,1
1592,297,1
1592,481,1
1592,561,1
104,1989,1
1592,825,1
1597,788,1
104,1629,1
1597,882,1
103,1756,1
1603,1785,1
103,1744,1
1603,1851,1
1603,1931,1
1603,1943,1
1603,1967,1
1603,1997,1
1604,122,1
1604,384,1
1604,424,1
1604,619,1
1604,866,1
1604,1181,1
1604,1244,1
1604,1355,1
1604,1400,1
1604,1404,1
103,1736,1
1604,1696,1
1604,1732,1
103,1732,1
103,1730,1
1604,1772,1
103,1751,1
103,1774,1
103,1726,1
103,1785,1
1602,1933,1
1602,1934,1
1602,1979,1
1602,1980,1
1603,2,1
103,1822,1
103,1814,1
1603,266,1
1603,274,1
103,1809,1
103,1805,1
1603,362,1
1603,565,1
1603,710,1
1603,829,1
1603,866,1
1603,996,1
1603,1517,1
1603,1530,1
1603,1695,1
1603,1696,1
1603,1772,1
103,1795,1
103,1729,1
1604,1777,1
104,1621,1
1605,1773,1
103,1688,1
103,1651,1
103,1650,1
103,1640,1
1605,1993,1
1606,261,1
1606,265,1
103,1552,1
1606,780,1
1606,865,1
1606,906,1
1606,1645,1
1606,1707,1
1606,1743,1
103,1551,1
1606,1779,1
1606,1780,1
103,1499,1
103,1489,1
103,1478,1
103,1427,1
1606,1950,1
103,1415,1
1605,1780,1
1605,1708,1
103,1725,1
1605,1707,1
103,1722,1
103,1720,1
1604,1790,1
103,1714,1
103,1708,1
1604,1942,1
1604,1980,1
1605,123,1
1605,260,1
1605,384,1
1605,385,1
1605,483,1
1605,866,1
1605,931,1
1605,938,1
1605,1069,1
1605,1130,1
103,1699,1
1605,1286,1
1605,1556,1
1605,1616,1
1605,1694,1
1605,1706,1
1602,1932,1
1602,1931,1
1602,1919,1
1598,1741,1
1598,1953,1
1598,1999,1
1599,266,1
1599,268,1
104,1492,1
104,1381,1
1599,573,1
1599,801,1
1599,1229,1
1599,1230,1
1599,1450,1
104,1283,1
1599,1693,1
1599,1774,1
1599,1783,1
104,1185,1
1599,1999,1
1600,269,1
1600,371,1
1600,423,1
1600,437,1
104,1066,1
104,1063,1
1598,1785,1
1598,1731,1
103,1845,1
1598,1693,1
1597,1323,1
1597,1578,1
1597,1580,1
1597,1592,1
104,1618,1
1597,1788,1
1597,1789,1
104,1583,1
1598,36,1
1598,271,1
104,1556,1
1598,291,1
1598,428,1
1598,495,1
1598,666,1
1598,667,1
1598,702,1
1598,710,1
1598,732,1
104,1552,1
1598,1231,1
1598,1537,1
104,1514,1
1600,1207,1
1600,1391,1
1600,1538,1
104,954,1
1601,1932,1
104,69,1
103,1999,1
1601,1994,1
1602,10,1
1602,282,1
103,1987,1
1602,629,1
1602,637,1
1602,687,1
1602,769,1
103,1982,1
1602,1614,1
103,1958,1
1602,1695,1
1602,1696,1
103,1943,1
1602,1743,1
1602,1773,1
103,1891,1
103,1890,1
103,1872,1
103,1871,1
1601,1871,1
1601,1778,1
1601,1776,1
1601,641,1
1600,1776,1
1600,1958,1
1600,1962,1
1601,6,1
1601,10,1
1601,208,1
1601,637,1
1601,638,1
1601,639,1
1601,640,1
1601,642,1
1601,1694,1
1601,643,1
1601,644,1
1601,648,1
1601,1163,1
1601,1168,1
1601,1209,1
1601,1327,1
1601,1523,1
1601,1621,1
1601,1693,1
99,1827,1
1625,1693,1
92,1590,1
95,1643,1
95,1597,1
1644,613,1
1644,629,1
95,1546,1
95,1471,1
1644,813,1
1644,903,1
1644,1181,1
1644,1182,1
95,1407,1
1644,1184,1
1644,1193,1
95,1327,1
95,1326,1
1644,1342,1
95,1069,1
1644,1568,1
1644,1686,1
1644,1696,1
1644,1735,1
1644,1736,1
1644,1737,1
1644,1744,1
95,1632,1
95,1649,1
95,900,1
1644,543,1
95,1764,1
95,1759,1
1643,1532,1
1643,1664,1
1643,1673,1
1643,1679,1
1643,1697,1
1643,1735,1
95,1710,1
1643,1885,1
1643,1979,1
1644,4,1
1644,20,1
95,1708,1
1644,44,1
1644,62,1
1644,68,1
1644,69,1
1644,212,1
95,1707,1
95,1702,1
95,1698,1
1644,340,1
1644,1745,1
1644,1963,1
95,1778,1
94,1858,1
1645,1966,1
94,1853,1
1646,27,1
1646,30,1
1646,62,1
1646,69,1
1646,130,1
94,1845,1
94,1809,1
1646,512,1
1646,550,1
94,1792,1
94,1783,1
1646,638,1
1646,656,1
94,1776,1
1646,845,1
1646,1087,1
1646,1124,1
1646,1254,1
1646,1334,1
94,1772,1
94,1763,1
1645,1963,1
1645,1817,1
1645,3,1
1645,1705,1
95,626,1
1645,69,1
95,148,1
95,99,1
95,83,1
1645,515,1
1645,590,1
95,56,1
1645,597,1
95,0,1
1645,659,1
1645,660,1
94,1999,1
1645,665,1
1645,844,1
1645,904,1
1645,1193,1
94,1892,1
94,1870,1
94,1860,1
1645,1345,1
1645,1487,1
1645,1646,1
95,1767,1
1643,1177,1
94,1712,1
96,1321,1
96,1281,1
1641,649,1
96,1095,1
1641,659,1
1641,666,1
1641,670,1
1641,844,1
96,1088,1
1641,1181,1
1641,1256,1
1641,1616,1
1641,1679,1
1641,1687,1
1641,1707,1
1641,1744,1
96,981,1
1641,1920,1
1641,1947,1
1641,1964,1
1641,1999,1
1642,2,1
1642,8,1
1642,67,1
1641,615,1
1641,559,1
1642,73,1
1641,557,1
1640,1178,1
1640,1181,1
96,1573,1
1640,1191,1
1640,1304,1
1640,1306,1
1640,1504,1
1640,1670,1
1640,1678,1
96,1513,1
1640,1926,1
1640,1947,1
96,1508,1
96,1457,1
96,1456,1
1641,23,1
1641,35,1
1641,65,1
1641,68,1
1641,190,1
1641,213,1
96,1429,1
96,1407,1
1642,68,1
96,806,1
1643,1075,1
1642,1947,1
1643,18,1
1643,28,1
1643,34,1
1643,67,1
1643,68,1
95,1878,1
1643,233,1
95,1857,1
1643,395,1
95,1853,1
1643,608,1
95,1836,1
95,1821,1
1643,617,1
95,1811,1
95,1799,1
95,1793,1
95,1791,1
95,1779,1
1643,904,1
1643,950,1
1643,987,1
1643,1036,1
1643,5,1
1642,1893,1
1642,190,1
1642,1872,1
1642,242,1
1642,392,1
1642,558,1
1642,562,1
1642,564,1
96,634,1
96,548,1
96,69,1
95,1967,1
1642,986,1
1642,1176,1
1642,1177,1
1642,1182,1
1642,1183,1
1642,1255,1
1642,1265,1
1642,1576,1
1642,1615,1
1642,1664,1
1642,1671,1
1642,1686,1
1642,1707,1
1642,1737,1
1646,1344,1
94,1704,1
1625,1694,1
93,1525,1
1651,250,1
93,1500,1
93,1486,1
93,1436,1
1651,390,1
1651,398,1
1651,637,1
93,1296,1
93,1255,1
93,1253,1
1651,816,1
1651,1096,1
1651,1142,1
1651,1151,1
93,1237,1
1651,1267,1
93,1096,1
93,1088,1
1651,1637,1
1651,1645,1
1651,1648,1
1651,1681,1
1651,1739,1
1651,245,1
93,1552,1
1651,1741,1
1651,35,1
1650,1567,1
1650,1635,1
1650,1638,1
1650,1639,1
1650,1640,1
1650,1641,1
1650,1642,1
1650,1643,1
1650,1644,1
1650,1645,1
1650,1647,1
1650,1648,1
1650,1679,1
1650,1742,1
93,1701,1
93,1698,1
93,1686,1
93,1680,1
1650,1879,1
1650,1881,1
93,1649,1
1650,1921,1
1650,1965,1
1651,1740,1
93,1069,1
1650,1265,1
1652,687,1
92,1789,1
92,1788,1
1652,1095,1
1652,1124,1
92,1759,1
1652,1519,1
1652,1522,1
1652,1579,1
1652,1636,1
1652,1648,1
1652,1678,1
92,1749,1
1652,1695,1
1652,1740,1
1652,1850,1
1652,1851,1
92,1735,1
92,1734,1
92,1731,1
92,1713,1
92,1683,1
92,1671,1
92,1638,1
92,1794,1
1652,684,1
1651,1746,1
92,1805,1
93,997,1
93,822,1
1651,1870,1
93,324,1
93,263,1
1651,1875,1
1651,1919,1
1651,1929,1
1651,1953,1
1651,1957,1
1651,1965,1
1651,1985,1
1652,126,1
1652,129,1
1652,225,1
1652,230,1
1652,234,1
92,1974,1
92,1969,1
92,1965,1
92,1870,1
92,1851,1
92,1845,1
1650,1514,1
93,1738,1
94,1651,1
1647,1935,1
94,1259,1
1648,436,1
94,1255,1
1648,630,1
94,1090,1
94,1088,1
1648,978,1
1648,1164,1
94,1083,1
1648,1305,1
94,1073,1
94,981,1
1648,1585,1
1648,1587,1
1648,1590,1
1648,1591,1
94,922,1
1648,1645,1
1648,1694,1
94,665,1
94,425,1
1648,1746,1
1648,1748,1
1648,182,1
94,1314,1
1648,1950,1
94,1407,1
1646,1488,1
94,1606,1
1646,1679,1
94,1579,1
1646,1798,1
1646,1965,1
1646,1971,1
1647,10,1
94,1542,1
1647,253,1
94,1515,1
94,1507,1
1647,661,1
1647,815,1
1647,1124,1
1647,1170,1
94,1489,1
1647,1307,1
1647,1342,1
1647,1646,1
1647,1675,1
1647,1690,1
94,1438,1
94,344,1
94,312,1
1650,1254,1
93,1801,1
1649,1921,1
1649,1922,1
1649,1955,1
1650,2,1
93,1788,1
1650,7,1
1650,39,1
93,1753,1
1650,241,1
1650,251,1
1650,252,1
93,1747,1
1650,305,1
1650,335,1
1650,336,1
1650,396,1
1650,641,1
1650,661,1
93,1744,1
1650,817,1
1650,1002,1
1650,1093,1
1650,1164,1
93,1798,1
93,1805,1
1648,1969,1
93,1830,1
1649,10,1
1649,180,1
1649,181,1
94,157,1
1649,257,1
1649,560,1
93,1999,1
1649,657,1
1649,1156,1
1649,1220,1
1649,1259,1
93,1989,1
1649,1518,1
1649,1577,1
1649,1583,1
1649,1590,1
1649,1653,1
93,1849,1
1649,1673,1
1649,1679,1
93,1832,1
1649,1734,1
1649,1786,1
1640,1177,1
1640,1018,1
1640,904,1
1631,1449,1
98,1966,1
1631,1686,1
1631,1795,1
98,1941,1
1631,1994,1
1631,1995,1
98,1890,1
1632,4,1
1632,10,1
1632,11,1
1632,30,1
1632,37,1
1632,255,1
98,1885,1
1632,363,1
98,1862,1
98,1852,1
98,1848,1
1632,593,1
1632,594,1
1632,612,1
1632,616,1
1632,619,1
99,309,1
1631,1440,1
1632,646,1
99,562,1
1630,1449,1
99,1072,1
1630,1586,1
1630,1653,1
1630,1669,1
1630,1719,1
1630,1964,1
1630,1965,1
1630,1996,1
1630,1998,1
1631,28,1
1631,31,1
1631,32,1
1631,103,1
1631,127,1
1631,214,1
1631,215,1
1631,607,1
99,889,1
1631,773,1
1631,795,1
99,811,1
1631,1174,1
98,1818,1
98,1808,1
99,1119,1
98,1727,1
1633,593,1
98,1699,1
98,1698,1
1633,601,1
98,1696,1
1633,619,1
98,1685,1
98,1670,1
1633,791,1
1633,792,1
1633,1179,1
1633,1338,1
98,1662,1
98,1602,1
98,1541,1
1633,1673,1
1633,1724,1
1633,1812,1
98,1513,1
1634,62,1
98,1503,1
98,1480,1
1634,323,1
98,1713,1
98,1747,1
1632,1091,1
1633,324,1
1632,1183,1
1632,1188,1
1632,1341,1
1632,1447,1
1632,1448,1
1632,1449,1
1632,1633,1
1632,1639,1
1632,1680,1
98,1785,1
98,1784,1
1632,1957,1
1632,1958,1
1632,1967,1
1632,1969,1
98,1772,1
1633,10,1
1302,695,1
1633,24,1
1633,42,1
1633,62,1
98,1768,1
1633,323,1
1630,1344,1
1630,1230,1
96,1624,1
1626,1674,1
1626,1690,1
99,1758,1
99,1755,1
1626,1695,1
1626,1703,1
1626,1961,1
1627,19,1
1627,28,1
1627,635,1
99,1744,1
1627,772,1
99,1738,1
1627,1198,1
1627,1203,1
99,1727,1
1627,1438,1
1627,1619,1
1627,1644,1
1627,1673,1
1627,1691,1
1627,1695,1
1627,1919,1
1627,1927,1
1626,1675,1
99,1770,1
1627,1961,1
99,1772,1
1625,1695,1
1625,1706,1
1625,1711,1
1625,1935,1
1625,1958,1
1625,1961,1
1626,19,1
1626,74,1
99,1816,1
99,1815,1
99,1807,1
1626,362,1
1626,363,1
99,1805,1
1626,366,1
99,1794,1
1626,930,1
1626,1184,1
1626,1198,1
1626,1203,1
1626,1217,1
1626,1239,1
99,1779,1
1627,1959,1
1628,6,1
99,1166,1
99,1597,1
1629,843,1
99,1562,1
1629,1035,1
99,1532,1
99,1527,1
99,1517,1
99,1515,1
99,1504,1
1629,1695,1
1629,1924,1
1629,1962,1
99,1500,1
1630,214,1
99,1488,1
1630,272,1
1630,617,1
1630,637,1
1630,685,1
1630,1036,1
1630,1120,1
99,1484,1
1630,1122,1
99,1346,1
99,1593,1
1629,399,1
1628,20,1
1629,214,1
1628,267,1
99,1686,1
1628,312,1
1628,407,1
99,1684,1
1628,656,1
99,1640,1
1628,977,1
1628,1032,1
1628,1142,1
99,1616,1
1628,1203,1
1628,1242,1
1628,1441,1
99,1604,1
1628,1598,1
1628,1652,1
99,1603,1
1628,1750,1
99,1598,1
1628,1924,1
1628,1958,1
1629,24,1
98,1468,1
98,1407,1
1634,591,1
97,1050,1
1638,757,1
1638,925,1
1638,1185,1
1638,1189,1
97,936,1
1638,1305,1
1638,1444,1
1638,1595,1
97,880,1
1638,1768,1
1638,1920,1
1638,1962,1
1638,1968,1
1638,1974,1
1639,5,1
1639,63,1
97,450,1
97,161,1
97,160,1
1639,340,1
1639,405,1
1639,589,1
96,1999,1
97,937,1
97,1152,1
96,1884,1
97,1328,1
1637,1695,1
1637,1711,1
1637,1742,1
1638,19,1
1638,21,1
1638,46,1
97,1685,1
1638,136,1
1638,192,1
1638,193,1
97,1676,1
1638,333,1
1638,405,1
1638,421,1
97,1588,1
1638,589,1
97,1556,1
97,1552,1
1638,597,1
97,1404,1
97,1397,1
1638,646,1
97,1376,1
96,1892,1
96,1870,1
1634,593,1
1639,1932,1
1640,29,1
1640,63,1
1640,65,1
1640,66,1
1640,190,1
96,1744,1
1640,215,1
96,1738,1
96,1727,1
1640,596,1
96,1711,1
96,1710,1
96,1693,1
96,1676,1
1640,646,1
1640,654,1
1640,658,1
1640,659,1
96,1674,1
96,1636,1
96,1635,1
1640,675,1
1640,676,1
1639,1934,1
1639,1925,1
96,1859,1
1639,1728,1
1639,619,1
96,1839,1
96,1822,1
1639,666,1
96,1813,1
96,1791,1
1639,811,1
1639,826,1
96,1788,1
1639,1122,1
1639,1148,1
1639,1173,1
1639,1178,1
1639,1182,1
1639,1184,1
96,1786,1
1639,1186,1
1639,1528,1
96,1769,1
96,1768,1
96,1767,1
1639,1634,1
1639,1690,1
1637,1681,1
1637,1668,1
1637,1498,1
1635,212,1
1635,471,1
1635,590,1
98,710,1
1635,600,1
98,675,1
1635,618,1
98,591,1
98,562,1
1635,810,1
1635,893,1
98,490,1
1635,1181,1
1635,1470,1
1635,1496,1
1635,1595,1
97,1997,1
1635,1697,1
1635,1710,1
97,1973,1
1635,1836,1
1635,1926,1
1635,1948,1
1635,1968,1
98,903,1
1635,209,1
97,1686,1
1635,62,1
98,1329,1
1634,603,1
1634,636,1
1634,790,1
1634,791,1
1634,793,1
1634,920,1
1634,923,1
98,1245,1
1634,1348,1
98,1088,1
98,1035,1
1634,1497,1
98,912,1
1634,1690,1
1634,1708,1
1634,1924,1
1634,1926,1
1634,1950,1
1634,1968,1
1634,1995,1
1634,1996,1
1635,32,1
1635,1969,1
1636,6,1
1636,29,1
1636,30,1
1636,1968,1
97,1751,1
1637,62,1
1637,65,1
1637,68,1
1637,155,1
1637,407,1
1637,515,1
1637,587,1
97,1749,1
97,1735,1
97,1733,1
1637,603,1
97,1732,1
97,1720,1
97,1719,1
1637,811,1
97,1705,1
97,1697,1
1637,1126,1
1637,1182,1
1637,1183,1
97,1696,1
1636,1948,1
97,1753,1
1636,1669,1
1636,646,1
1636,62,1
1636,63,1
1636,64,1
1636,139,1
97,1845,1
97,1823,1
97,1800,1
97,1799,1
97,1787,1
1636,619,1
97,1769,1
97,1757,1
1636,681,1
1636,765,1
1636,827,1
97,1767,1
1636,1179,1
1636,1180,1
1636,1181,1
1636,1182,1
1636,1183,1
1636,1185,1
79,1407,1
1730,1091,1
79,1406,1
1796,1205,1
1796,1235,1
1796,1237,1
1796,1239,1
1796,1240,1
1796,1241,1
1796,1243,1
1796,1246,1
1796,1248,1
1796,1276,1
1796,1297,1
1796,1298,1
1796,1301,1
1796,1302,1
1796,1305,1
1796,1326,1
1796,1465,1
1796,1470,1
1796,1472,1
1796,1539,1
1796,1611,1
1796,1658,1
69,493,1
1796,1820,1
1796,1233,1
1796,1168,1
69,475,1
1796,1139,1
69,1370,1
69,1236,1
69,1210,1
69,1144,1
69,1053,1
1796,116,1
1796,642,1
1796,643,1
1796,644,1
1796,649,1
1796,670,1
69,992,1
69,961,1
1796,885,1
1796,887,1
1796,1051,1
1796,1085,1
1796,1086,1
1796,1087,1
1796,1088,1
69,683,1
69,668,1
1796,1105,1
1796,1821,1
1796,1826,1
1795,1881,1
1797,1232,1
1797,1236,1
1797,1238,1
1797,1240,1
1797,1242,1
1797,1244,1
68,1990,1
1797,1247,1
1797,1284,1
1797,1285,1
1797,1298,1
1797,1303,1
1797,1326,1
1797,1417,1
1797,1461,1
1797,1464,1
1797,1468,1
1797,1469,1
1797,1471,1
1797,1489,1
1797,1613,1
1797,1656,1
1797,1666,1
1797,1669,1
1797,1235,1
1797,1229,1
1796,1827,1
1797,1205,1
1796,1835,1
1796,1840,1
69,378,1
69,359,1
1796,1858,1
1796,1968,1
1796,1969,1
1796,1970,1
1796,1978,1
69,358,1
69,357,1
69,356,1
1797,7,1
69,353,1
69,291,1
69,289,1
1797,295,1
1797,336,1
1797,649,1
1797,669,1
69,119,1
69,100,1
68,1991,1
1795,1969,1
1795,1867,1
1797,1747,1
1794,1242,1
1794,1276,1
1794,1288,1
1794,1290,1
69,1491,1
1794,1292,1
1794,1316,1
69,1490,1
1794,1586,1
1794,1665,1
1794,1666,1
1794,1775,1
1794,1827,1
69,1489,1
69,1487,1
1794,1836,1
1794,1837,1
69,1485,1
1794,1850,1
69,1484,1
1794,1854,1
1794,1866,1
69,1482,1
1794,1868,1
69,1492,1
1794,1241,1
1794,1968,1
69,1493,1
69,1510,1
1793,1854,1
1793,1859,1
1793,1977,1
1793,1978,1
69,1508,1
1793,1981,1
1793,1982,1
1793,1983,1
69,1496,1
1794,281,1
1794,314,1
1794,643,1
1794,644,1
69,1494,1
1794,994,1
1794,1051,1
1794,1140,1
1794,1185,1
1794,1205,1
1794,1230,1
1794,1232,1
1794,1237,1
1794,1967,1
69,1481,1
69,1390,1
1795,1242,1
1795,1248,1
1795,1269,1
1795,1276,1
1795,1293,1
1795,1295,1
1795,1296,1
1795,1297,1
1795,1459,1
1795,1466,1
1795,1468,1
1795,1471,1
1795,1611,1
69,1462,1
1795,1665,1
1795,1666,1
1795,1667,1
1795,1772,1
1795,1821,1
1795,1822,1
69,1435,1
1795,1826,1
69,1407,1
1795,1838,1
1795,1245,1
1795,1241,1
69,1480,1
1795,1240,1
69,1478,1
69,1476,1
69,1474,1
1795,5,1
1795,408,1
1795,418,1
1795,453,1
1795,643,1
1795,644,1
1795,645,1
1795,649,1
69,1473,1
1795,871,1
69,1472,1
1795,939,1
1795,963,1
1795,1050,1
69,1465,1
1795,1191,1
1795,1193,1
1795,1231,1
1795,1238,1
1795,1239,1
1797,1722,1
1797,1817,1
68,359,1
1800,1234,1
1800,1236,1
1800,1248,1
1800,1295,1
1800,1297,1
1800,1301,1
1800,1302,1
68,984,1
1800,1325,1
1800,1472,1
1800,1510,1
1800,1743,1
68,742,1
68,717,1
68,594,1
68,523,1
1800,1828,1
1800,1863,1
1801,8,1
1801,36,1
1801,74,1
1801,202,1
1801,294,1
1801,300,1
1800,1235,1
1800,1233,1
1801,525,1
1800,1232,1
1799,1465,1
1799,1470,1
1799,1473,1
68,1191,1
68,1144,1
68,1137,1
1799,1828,1
1799,1838,1
68,1136,1
1800,58,1
1800,126,1
1800,290,1
68,1072,1
1800,361,1
1800,452,1
1800,549,1
1800,668,1
68,1040,1
1800,1051,1
68,1038,1
68,992,1
68,986,1
1800,1139,1
1801,359,1
1801,529,1
1799,1346,1
1801,1731,1
1801,1829,1
1801,1830,1
68,491,1
68,489,1
1801,1854,1
1801,1866,1
1801,1880,1
1801,1986,1
1801,1987,1
1802,87,1
1802,99,1
68,488,1
1802,307,1
1802,339,1
68,471,1
1802,458,1
1802,462,1
1802,525,1
1802,628,1
1802,663,1
1802,715,1
1802,741,1
68,361,1
68,492,1
68,493,1
1801,556,1
1801,1471,1
1801,580,1
1801,620,1
1801,625,1
1801,759,1
1801,761,1
1801,1051,1
68,503,1
1801,1158,1
1801,1232,1
1801,1234,1
1801,1292,1
1801,1295,1
1801,1296,1
1801,1297,1
1801,1300,1
1801,1302,1
1801,1305,1
1801,1324,1
1801,1325,1
1801,1457,1
1801,1458,1
1801,1462,1
1801,1467,1
1799,1461,1
1799,1326,1
1797,1818,1
1798,287,1
1798,643,1
1798,935,1
1798,946,1
1798,1051,1
1798,1068,1
1798,1148,1
1798,1188,1
68,1757,1
1798,1236,1
1798,1237,1
1798,1246,1
1798,1247,1
1798,1248,1
1798,1280,1
1798,1281,1
1798,1304,1
1798,1312,1
1798,1326,1
1798,1460,1
1798,1466,1
1798,1485,1
1798,1666,1
1798,1667,1
1798,642,1
68,1762,1
1798,1723,1
68,1767,1
1797,1819,1
1797,1820,1
1797,1822,1
68,1987,1
68,1983,1
68,1980,1
68,1978,1
68,1968,1
68,1948,1
68,1925,1
1797,1838,1
68,1920,1
68,1918,1
68,1915,1
68,1898,1
68,1894,1
68,1890,1
68,1836,1
68,1823,1
1797,1861,1
68,1778,1
1798,44,1
68,1773,1
1798,1671,1
68,1750,1
1799,1311,1
1799,164,1
1799,533,1
68,1405,1
1799,642,1
1799,643,1
1799,663,1
68,1372,1
1799,1051,1
1799,1113,1
1799,1188,1
1799,1208,1
1799,1234,1
1799,1235,1
1799,1236,1
68,1244,1
1799,1248,1
1799,1249,1
1799,1251,1
1799,1295,1
1799,1296,1
1799,1297,1
1799,1298,1
1799,1302,1
1799,1303,1
68,1407,1
68,1408,1
1798,1817,1
68,1414,1
68,1719,1
68,1704,1
68,1703,1
68,1702,1
1798,1822,1
1798,1823,1
68,1701,1
68,1622,1
1798,1827,1
68,1606,1
68,1551,1
68,1485,1
68,1468,1
1798,1838,1
68,1466,1
68,1465,1
1798,1845,1
1798,1846,1
1798,1849,1
68,1464,1
1798,1856,1
1798,1862,1
1798,1968,1
1793,1838,1
1793,1836,1
1793,1828,1
1786,1828,1
69,1988,1
1786,1837,1
69,1980,1
1786,1864,1
1786,1871,1
1786,1999,1
1787,7,1
1787,16,1
1787,55,1
1787,131,1
1787,383,1
1787,404,1
1787,499,1
1787,566,1
69,1968,1
1787,724,1
1787,766,1
1787,924,1
1787,1057,1
1787,1063,1
1787,1065,1
1787,1072,1
1787,1074,1
1786,1829,1
1786,1827,1
1787,1078,1
1786,1826,1
1786,1094,1
1786,1104,1
1786,1107,1
1786,1110,1
1786,1119,1
1786,1122,1
1786,1123,1
1786,1188,1
1786,1241,1
1786,1293,1
1786,1319,1
1786,1321,1
1786,1386,1
1786,1390,1
1786,1462,1
1786,1468,1
1786,1472,1
1786,1524,1
70,360,1
70,348,1
70,344,1
69,1990,1
1786,1821,1
1787,1076,1
1787,1084,1
1786,1087,1
1787,1820,1
1787,1826,1
1787,1827,1
1787,1828,1
1787,1829,1
1787,1831,1
1787,1840,1
1787,1853,1
1787,1854,1
1788,3,1
1788,131,1
1788,281,1
1788,286,1
1788,287,1
1788,292,1
1788,293,1
1788,528,1
1788,615,1
1788,643,1
1788,657,1
1788,679,1
69,1743,1
1788,1097,1
1788,1100,1
69,1751,1
69,1757,1
1787,1098,1
69,1763,1
1787,1107,1
1787,1118,1
1787,1119,1
1787,1120,1
1787,1122,1
1787,1123,1
1787,1189,1
1787,1213,1
1787,1227,1
1787,1233,1
69,1880,1
1787,1316,1
1787,1320,1
1787,1321,1
1787,1322,1
1787,1379,1
69,1829,1
1787,1411,1
69,1801,1
1787,1547,1
69,1786,1
1787,1605,1
1787,1613,1
1786,1092,1
1786,1084,1
1793,1761,1
70,1529,1
1784,1839,1
1784,1841,1
1784,1842,1
70,1526,1
1784,1845,1
1784,1847,1
1784,1856,1
70,1523,1
70,1511,1
70,1503,1
70,1501,1
70,1499,1
1785,17,1
70,1498,1
1785,226,1
70,1496,1
1785,495,1
70,1495,1
1785,721,1
70,1490,1
70,1474,1
1785,1054,1
1785,1056,1
1784,1838,1
1784,1835,1
1785,1086,1
70,1533,1
1784,1321,1
1784,1338,1
1784,1470,1
1784,1487,1
1784,1609,1
1784,1708,1
1784,1714,1
70,1547,1
1784,1757,1
70,1543,1
70,1542,1
1784,1818,1
1784,1820,1
70,1541,1
1784,1822,1
70,1540,1
1784,1826,1
1784,1827,1
1784,1828,1
1784,1829,1
70,1539,1
1784,1832,1
1784,1833,1
1785,1079,1
1785,1091,1
1786,1080,1
1785,1829,1
1785,1833,1
70,1389,1
1785,1835,1
1785,1836,1
1785,1837,1
1785,1838,1
1785,1844,1
70,1236,1
70,1078,1
1785,1849,1
70,1038,1
70,1002,1
1785,1880,1
1785,1906,1
1786,74,1
1786,567,1
1786,717,1
1786,724,1
70,583,1
1786,1056,1
1786,1061,1
1786,1067,1
1786,1072,1
70,1401,1
1785,1828,1
1785,1092,1
70,1407,1
1785,1099,1
1785,1101,1
1785,1107,1
70,1465,1
1785,1112,1
1785,1120,1
1785,1121,1
1785,1122,1
1785,1123,1
1785,1320,1
1785,1321,1
1785,1322,1
70,1461,1
1785,1473,1
70,1436,1
70,1411,1
1785,1817,1
1785,1819,1
1785,1820,1
1785,1821,1
1785,1823,1
1785,1825,1
1785,1826,1
1788,1101,1
1788,1102,1
69,1739,1
1791,1254,1
1791,1278,1
1791,1309,1
1791,1312,1
1791,1314,1
1791,1315,1
1791,1470,1
69,1629,1
1791,1658,1
1791,1826,1
1791,1833,1
1791,1835,1
1791,1838,1
69,1604,1
1791,1852,1
1791,1853,1
1791,1860,1
1791,1867,1
1791,1960,1
69,1602,1
69,1601,1
1792,492,1
1792,637,1
1792,643,1
1791,1276,1
69,1636,1
1792,1051,1
69,1645,1
69,1667,1
1790,1996,1
1791,54,1
1791,258,1
1791,345,1
1791,643,1
69,1664,1
1791,714,1
1791,792,1
1791,843,1
1791,950,1
69,1663,1
69,1661,1
69,1658,1
1791,1140,1
1791,1159,1
1791,1199,1
1791,1233,1
1791,1234,1
69,1657,1
1791,1236,1
1791,1238,1
1791,1242,1
69,1597,1
1792,1129,1
1788,1105,1
1793,315,1
1793,645,1
69,1517,1
1793,911,1
1793,939,1
1793,1049,1
1793,1050,1
69,1516,1
1793,1191,1
1793,1200,1
1793,1201,1
1793,1205,1
1793,1231,1
1793,1239,1
69,1515,1
1793,1245,1
1793,1246,1
1793,1254,1
1793,1315,1
69,1512,1
1793,1465,1
1793,1640,1
1793,1655,1
1793,1665,1
1793,643,1
1793,292,1
1792,1134,1
1793,285,1
69,1535,1
1792,1241,1
1792,1243,1
1792,1254,1
1792,1269,1
1792,1275,1
1792,1279,1
1792,1286,1
1792,1320,1
1792,1467,1
1792,1474,1
1792,1623,1
1792,1640,1
69,1526,1
69,1521,1
69,1520,1
1792,1854,1
1792,1867,1
1792,1869,1
1792,1974,1
1792,1981,1
1793,8,1
69,1518,1
69,1668,1
69,1669,1
69,1670,1
1788,1821,1
1788,1830,1
1788,1832,1
1788,1838,1
1788,1839,1
69,1721,1
1788,1848,1
69,1720,1
1788,1853,1
1788,1854,1
1788,1963,1
1788,1964,1
69,1719,1
69,1718,1
1789,238,1
1789,361,1
1789,643,1
1789,646,1
1789,650,1
1789,661,1
69,1717,1
69,1716,1
1789,1034,1
69,1715,1
1788,1826,1
1788,1820,1
1790,1866,1
69,1723,1
1788,1110,1
1788,1111,1
1788,1112,1
1788,1113,1
1788,1115,1
1788,1116,1
1788,1117,1
1788,1119,1
1788,1130,1
1788,1140,1
1788,1145,1
1788,1200,1
1788,1294,1
69,1738,1
69,1737,1
69,1735,1
1788,1411,1
69,1732,1
69,1728,1
1788,1554,1
69,1727,1
1788,1561,1
1788,1673,1
1789,1140,1
1789,1200,1
1789,1233,1
1789,1240,1
69,1698,1
1790,643,1
69,1697,1
1790,1140,1
1790,1144,1
1790,1150,1
1790,1240,1
1790,1242,1
1790,1256,1
1790,1290,1
1790,1349,1
1790,1397,1
69,1696,1
1790,1408,1
69,1691,1
1790,1410,1
1790,1468,1
1790,1566,1
1790,1653,1
69,1678,1
69,1675,1
69,1674,1
1790,1856,1
69,1699,1
69,1701,1
69,1702,1
69,1707,1
1789,1300,1
1789,1303,1
1789,1304,1
1789,1315,1
1789,1320,1
1789,1386,1
69,1714,1
69,1711,1
69,1710,1
69,1709,1
1789,1442,1
1789,1856,1
1789,1461,1
69,1706,1
69,1704,1
1789,1833,1
69,1703,1
1789,1836,1
1789,1837,1
1789,1840,1
1789,1849,1
1789,1852,1
1802,1049,1
1802,1051,1
1730,1185,1
1815,1994,1
1815,1999,1
1816,221,1
1816,251,1
1816,277,1
1816,418,1
1816,539,1
1816,542,1
1816,605,1
1816,703,1
1816,801,1
1816,848,1
64,323,1
1816,1006,1
64,312,1
1816,1043,1
64,311,1
64,304,1
1816,1150,1
1816,1153,1
1816,1230,1
1816,1251,1
1816,1252,1
1816,1653,1
1815,1995,1
1815,1990,1
1816,1655,1
1815,1960,1
1815,690,1
64,766,1
64,483,1
64,470,1
64,431,1
1815,1136,1
1815,1146,1
1815,1152,1
1815,1252,1
1815,1327,1
1815,1388,1
1815,1474,1
1815,1569,1
1815,1663,1
1815,1698,1
64,357,1
64,356,1
64,355,1
1815,1922,1
1815,1929,1
1815,1934,1
64,349,1
1815,1943,1
1816,1654,1
1816,1697,1
64,1017,1
63,1899,1
1817,1624,1
1817,1645,1
1817,1654,1
1817,1655,1
1817,1657,1
1817,1697,1
1817,1698,1
63,1878,1
63,1876,1
63,1875,1
1817,1886,1
1817,1890,1
1817,1925,1
1817,1932,1
1817,1956,1
63,1872,1
1818,98,1
1818,116,1
1818,118,1
63,1790,1
1818,200,1
63,1761,1
1818,542,1
1817,1469,1
1817,1317,1
64,291,1
1817,1250,1
64,193,1
1816,1880,1
1816,1940,1
1816,1941,1
1816,1942,1
1817,114,1
63,1993,1
63,1990,1
63,1967,1
63,1954,1
1817,278,1
1817,501,1
63,1950,1
63,1947,1
63,1939,1
1817,959,1
1817,989,1
1817,1044,1
1817,1056,1
63,1909,1
1817,1153,1
1817,1248,1
1817,1249,1
1815,676,1
1815,558,1
1818,585,1
1813,280,1
1813,422,1
65,291,1
1813,547,1
1813,629,1
64,1991,1
64,1984,1
64,1950,1
64,1922,1
1813,1014,1
64,1918,1
1813,1067,1
64,1882,1
1813,1136,1
1813,1190,1
1813,1210,1
1813,1214,1
1813,1233,1
1813,1247,1
1813,1278,1
1813,1292,1
1813,1387,1
1813,1419,1
1813,1474,1
65,292,1
1813,230,1
1813,1704,1
65,293,1
1812,1419,1
1812,1422,1
1812,1467,1
1812,1473,1
65,360,1
1812,1660,1
1812,1671,1
1812,1673,1
1812,1695,1
1812,1747,1
1812,1748,1
65,358,1
1812,1835,1
1812,1836,1
65,355,1
65,336,1
1813,12,1
65,318,1
1813,28,1
1813,30,1
1813,185,1
65,311,1
65,294,1
1813,1637,1
64,1865,1
64,1073,1
1814,1251,1
1814,1386,1
1814,1418,1
1814,1464,1
1814,1662,1
1814,1675,1
1814,1767,1
64,1464,1
64,1458,1
1814,1797,1
1814,1803,1
1814,1833,1
64,1453,1
64,1414,1
64,1143,1
64,1094,1
1814,1995,1
1814,1998,1
1815,12,1
1815,28,1
1815,221,1
64,1077,1
64,1074,1
1815,360,1
1814,1275,1
1814,1215,1
1813,1746,1
1814,884,1
64,1863,1
1813,1834,1
64,1860,1
64,1846,1
1813,1867,1
1813,1972,1
1814,8,1
1814,12,1
1814,22,1
64,1833,1
1814,215,1
64,1787,1
64,1786,1
1814,252,1
1814,281,1
1814,358,1
1814,454,1
1814,539,1
1814,553,1
1814,600,1
1814,660,1
64,1651,1
64,1625,1
1818,564,1
1818,984,1
68,353,1
1821,1193,1
1821,1277,1
1821,1294,1
1821,1295,1
1821,1466,1
1821,1467,1
1821,1474,1
1821,1488,1
1821,1489,1
1821,1578,1
1821,1581,1
62,1880,1
1821,1605,1
62,1841,1
62,1836,1
62,1793,1
1821,1798,1
62,1792,1
62,1788,1
1821,1929,1
1821,1932,1
1821,1933,1
1821,1934,1
1821,1935,1
1821,1228,1
1821,1179,1
1822,23,1
1821,1178,1
63,431,1
1820,1887,1
63,359,1
63,356,1
1820,1935,1
63,355,1
1820,1999,1
63,354,1
63,328,1
63,312,1
1821,23,1
1821,267,1
63,288,1
63,94,1
1821,548,1
1821,786,1
1821,984,1
62,1953,1
62,1923,1
1821,1148,1
1821,1169,1
1821,1170,1
1821,1177,1
62,1667,1
1822,39,1
1820,1690,1
1822,1295,1
1822,1577,1
62,1080,1
1822,1596,1
1822,1677,1
1822,1745,1
62,1078,1
62,1074,1
62,1070,1
62,1050,1
62,1044,1
62,1030,1
62,1028,1
62,989,1
62,982,1
62,946,1
62,599,1
1822,1916,1
1822,1929,1
1822,1954,1
1823,161,1
1823,174,1
1823,257,1
62,360,1
1822,1426,1
1822,1294,1
1822,95,1
1822,1293,1
1822,192,1
1822,226,1
1822,227,1
1822,231,1
1822,424,1
62,1466,1
62,1465,1
62,1095,1
62,1093,1
62,1087,1
1822,590,1
1822,598,1
1822,719,1
1822,924,1
1822,1027,1
1822,1034,1
1822,1135,1
1822,1138,1
1822,1166,1
1822,1169,1
1822,1177,1
1822,1178,1
1822,1238,1
1820,1691,1
1820,1689,1
1818,1148,1
63,1184,1
63,1160,1
63,1095,1
1819,233,1
63,1088,1
1819,252,1
63,1079,1
63,1075,1
63,1071,1
63,1070,1
1819,723,1
1819,724,1
1819,1047,1
1819,1048,1
63,1054,1
63,1029,1
1819,1135,1
1819,1250,1
1819,1289,1
1819,1295,1
1819,1296,1
1819,1375,1
63,1023,1
1819,1466,1
1819,98,1
63,1396,1
1819,1567,1
1818,1937,1
1818,1151,1
1818,1239,1
1818,1249,1
1818,1250,1
1818,1295,1
63,1496,1
1818,1312,1
1818,1322,1
1818,1469,1
1818,1566,1
1818,1568,1
1818,1570,1
1818,1572,1
1818,1631,1
1818,1652,1
1818,1654,1
1818,1656,1
1818,1657,1
1818,1658,1
63,1438,1
63,1434,1
63,1409,1
63,1407,1
1819,1562,1
1819,1568,1
1820,1688,1
63,725,1
1820,662,1
1820,1046,1
63,617,1
63,528,1
1820,1129,1
1820,1131,1
1820,1133,1
1820,1169,1
1820,1170,1
1820,1193,1
1820,1196,1
1820,1228,1
1820,1277,1
1820,1288,1
1820,1295,1
1820,1296,1
63,499,1
1820,1423,1
1820,1424,1
1820,1559,1
1820,1584,1
1820,1655,1
1820,1662,1
1820,582,1
1820,274,1
63,1001,1
1820,241,1
1819,1580,1
1819,1582,1
1819,1584,1
1819,1591,1
1819,1607,1
1819,1608,1
1819,1629,1
1819,1656,1
1819,1657,1
63,1000,1
1819,1924,1
1819,1932,1
1819,1933,1
63,988,1
1819,1939,1
1819,1998,1
1820,7,1
63,977,1
1820,23,1
1820,24,1
1820,25,1
1820,222,1
1820,223,1
1812,1278,1
1812,1240,1
1812,1236,1
67,522,1
67,475,1
1805,1930,1
1806,36,1
1806,38,1
1806,249,1
1806,373,1
67,454,1
1806,524,1
1806,624,1
1806,646,1
1806,767,1
1806,768,1
1806,889,1
67,431,1
1806,1049,1
67,360,1
67,113,1
1806,1059,1
1806,1195,1
1806,1226,1
1806,1229,1
1806,1234,1
1806,1236,1
67,511,1
67,524,1
66,1990,1
1805,1846,1
1805,388,1
1805,427,1
1805,467,1
1805,498,1
1805,584,1
1805,645,1
1805,759,1
1805,805,1
67,1040,1
67,980,1
1805,1155,1
1805,1158,1
1805,1234,1
1805,1235,1
1805,1236,1
1805,1292,1
1805,1326,1
67,961,1
1805,1467,1
67,941,1
67,888,1
1805,1833,1
67,854,1
1806,1298,1
1806,1625,1
1805,212,1
1807,1383,1
66,1858,1
66,1825,1
66,1798,1
1807,1417,1
1807,1419,1
1807,1625,1
1807,1626,1
1807,1634,1
1807,1747,1
66,1781,1
66,1773,1
66,1763,1
1807,1799,1
66,1470,1
66,1468,1
1807,1849,1
66,1455,1
66,1445,1
1807,1940,1
1808,4,1
1808,34,1
1808,429,1
66,1428,1
1807,1384,1
1807,1324,1
1806,1745,1
1807,1248,1
1806,1746,1
66,1949,1
1806,1787,1
66,1918,1
1806,1931,1
1806,1933,1
1807,242,1
1807,355,1
1807,356,1
1807,375,1
1807,427,1
1807,428,1
1807,429,1
1807,630,1
1807,645,1
1807,912,1
1807,1049,1
1807,1177,1
1807,1209,1
1807,1210,1
1807,1233,1
1807,1235,1
1807,1237,1
1805,356,1
1805,65,1
1812,1224,1
1802,1856,1
1802,1909,1
1802,1951,1
1802,1970,1
1803,7,1
67,1861,1
1803,200,1
1803,306,1
1803,307,1
1803,345,1
1803,458,1
67,1857,1
1803,487,1
1803,511,1
1803,531,1
1803,628,1
1803,743,1
1803,812,1
1803,908,1
1803,1048,1
67,1842,1
67,1826,1
1803,1051,1
67,1825,1
1802,1859,1
67,1877,1
1803,1064,1
1802,1854,1
68,288,1
1802,1232,1
1802,1234,1
1802,1247,1
1802,1248,1
1802,1249,1
1802,1256,1
1802,1275,1
1802,1277,1
68,23,1
1802,1296,1
1802,1301,1
1802,1326,1
1802,1338,1
1802,1462,1
1802,1470,1
1802,1668,1
1802,1733,1
67,1991,1
67,1988,1
67,1982,1
1802,1844,1
67,1880,1
1803,1056,1
1803,1211,1
67,1407,1
1804,742,1
1804,1049,1
1804,1050,1
67,1465,1
1804,1062,1
1804,1151,1
1804,1211,1
1804,1232,1
1804,1234,1
1804,1235,1
1804,1248,1
1804,1275,1
1804,1288,1
1804,1293,1
1804,1294,1
67,1464,1
1804,1380,1
1804,1459,1
1804,1464,1
1804,1470,1
1804,1672,1
67,1462,1
67,1421,1
67,1415,1
67,1467,1
1804,731,1
1803,1235,1
1804,673,1
1803,1236,1
1803,1237,1
1803,1239,1
1803,1241,1
1803,1275,1
67,1726,1
1803,1296,1
1803,1298,1
1803,1299,1
1803,1326,1
1803,1346,1
1803,1459,1
1803,1461,1
1803,1680,1
1803,1844,1
67,1665,1
1803,1851,1
1803,1881,1
1803,1966,1
1804,64,1
1804,262,1
1804,426,1
1804,460,1
1808,783,1
1808,1018,1
1808,1192,1
1810,1838,1
65,1429,1
1810,1932,1
1810,1937,1
1811,13,1
1811,15,1
1811,98,1
1811,99,1
1811,137,1
1811,139,1
65,1418,1
1811,241,1
1811,418,1
1811,427,1
1811,428,1
1811,429,1
1811,560,1
1811,591,1
1811,599,1
1811,610,1
65,1407,1
65,1198,1
1811,703,1
1811,734,1
65,1434,1
65,1560,1
1811,1134,1
65,1722,1
65,1825,1
1810,1105,1
1810,1170,1
1810,1174,1
1810,1175,1
1810,1178,1
1810,1209,1
1810,1224,1
1810,1238,1
1810,1239,1
1810,1276,1
1810,1277,1
1810,1322,1
1810,1323,1
65,1805,1
1810,1415,1
1810,1419,1
1810,1464,1
1810,1467,1
1810,1471,1
65,1787,1
1810,1748,1
1810,1749,1
65,1072,1
1811,1144,1
1808,1234,1
1811,1836,1
65,1005,1
1811,1903,1
1811,1953,1
1811,1960,1
1811,1991,1
1812,13,1
1812,17,1
1812,22,1
1812,54,1
1812,99,1
1812,229,1
1812,238,1
1812,469,1
65,992,1
1812,567,1
1812,615,1
1812,629,1
65,987,1
1812,632,1
1812,674,1
65,469,1
1812,1014,1
1812,1016,1
65,1007,1
65,1071,1
1811,1174,1
1811,1748,1
1811,1209,1
1811,1210,1
1811,1213,1
1811,1240,1
1811,1241,1
1811,1242,1
1811,1258,1
1811,1268,1
1811,1277,1
1811,1316,1
1811,1320,1
1811,1323,1
1811,1324,1
1811,1325,1
1811,1382,1
1811,1420,1
1811,1422,1
1811,1463,1
1811,1465,1
1811,1471,1
1811,1524,1
1811,1566,1
1811,1671,1
1810,739,1
1810,720,1
65,1832,1
66,417,1
1808,1931,1
1808,1933,1
66,360,1
1809,15,1
1809,17,1
1809,21,1
1809,22,1
1809,27,1
66,349,1
1809,209,1
66,337,1
1809,235,1
1809,283,1
1809,303,1
1809,418,1
1809,427,1
66,260,1
1809,593,1
1809,598,1
1809,631,1
1809,651,1
1809,652,1
66,239,1
1808,1914,1
1808,1849,1
1810,631,1
1808,1848,1
1808,1236,1
1808,1248,1
1808,1254,1
66,1074,1
1808,1294,1
1808,1296,1
1808,1297,1
1808,1298,1
1808,1314,1
1808,1342,1
1808,1384,1
1808,1419,1
1808,1445,1
1808,1459,1
1808,1466,1
66,992,1
1808,1469,1
1808,1609,1
1808,1748,1
1808,1749,1
66,879,1
66,521,1
66,431,1
1809,691,1
1809,700,1
1809,720,1
66,106,1
1809,1556,1
1809,1655,1
1809,1733,1
1809,1734,1
1809,1748,1
1809,1837,1
65,1883,1
65,1863,1
65,1860,1
1809,1904,1
1809,1929,1
1809,1930,1
1809,1933,1
1810,14,1
65,1856,1
65,1854,1
65,1853,1
1810,226,1
1810,258,1
1810,355,1
1810,370,1
1810,616,1
65,1837,1
1809,1469,1
1809,1468,1
1809,1462,1
1809,1251,1
66,86,1
65,1994,1
1809,1174,1
1809,1195,1
1809,1196,1
1809,1226,1
1809,1230,1
1809,1235,1
1809,1237,1
1809,1250,1
1809,1253,1
1809,1421,1
65,1993,1
65,1983,1
1809,1293,1
1809,1294,1
1809,1321,1
1809,1325,1
1809,1328,1
1809,1383,1
1809,1387,1
1809,1416,1
1784,1317,1
1784,1316,1
1784,1304,1
1752,665,1
1752,707,1
1752,939,1
75,1979,1
1752,1158,1
1752,1184,1
1752,1212,1
1752,1263,1
75,1951,1
1752,1410,1
75,1948,1
1752,1590,1
1752,1592,1
75,1867,1
75,1841,1
75,1777,1
1752,1970,1
1752,1974,1
1752,1975,1
1752,1983,1
1752,1988,1
1752,1989,1
1753,271,1
1753,297,1
75,1980,1
75,1981,1
1753,379,1
1752,646,1
76,390,1
1751,1248,1
1751,1264,1
76,107,1
1751,1419,1
1751,1420,1
76,86,1
1751,1779,1
76,23,1
1751,1788,1
75,1988,1
75,1985,1
1751,1987,1
1751,1988,1
1751,1992,1
1752,305,1
1752,336,1
1752,412,1
75,1984,1
75,1983,1
1752,461,1
75,1982,1
1752,601,1
1753,328,1
1753,413,1
1751,1184,1
1754,650,1
1754,1029,1
1754,1139,1
1754,1184,1
1754,1239,1
75,1474,1
1754,1409,1
1754,1544,1
75,1441,1
75,1427,1
1754,1737,1
1754,1738,1
1754,1781,1
75,1423,1
75,1407,1
75,1402,1
1754,1821,1
75,1386,1
1754,1960,1
1754,1979,1
1754,1981,1
1754,1984,1
1754,1985,1
1755,47,1
1754,930,1
1754,558,1
1753,435,1
75,1611,1
1753,556,1
75,1761,1
75,1753,1
75,1735,1
1753,1136,1
1753,1137,1
1753,1149,1
75,1732,1
1753,1258,1
1753,1397,1
75,1728,1
1753,1737,1
1753,1738,1
75,1715,1
1753,1960,1
1753,1985,1
1753,1994,1
75,1647,1
1754,154,1
1754,155,1
1754,212,1
1754,255,1
1754,336,1
1751,1212,1
1751,939,1
1755,344,1
76,1409,1
76,1407,1
76,1400,1
1747,1863,1
1747,1905,1
1747,1985,1
1748,39,1
1748,195,1
1748,242,1
1748,282,1
1748,527,1
1748,691,1
1748,925,1
1748,926,1
76,1390,1
1748,940,1
1748,1054,1
1748,1279,1
76,1164,1
1748,1413,1
1748,1470,1
76,1150,1
1748,1599,1
76,1127,1
76,1408,1
1747,1786,1
76,1123,1
1747,1782,1
76,1785,1
1746,1755,1
76,1757,1
76,1737,1
76,1698,1
1746,1974,1
1746,1977,1
1746,1980,1
76,1531,1
1747,190,1
1747,191,1
1747,255,1
1747,605,1
1747,1154,1
1747,1184,1
1747,1217,1
1747,1258,1
1747,1259,1
1747,1411,1
76,1472,1
76,1471,1
76,1466,1
1747,1726,1
76,1125,1
1748,1941,1
1751,678,1
1750,169,1
76,710,1
1750,336,1
1750,348,1
1750,666,1
1750,942,1
1750,1132,1
1750,1138,1
1750,1184,1
1750,1588,1
1750,1739,1
1750,1748,1
1750,1781,1
76,601,1
76,586,1
1750,1970,1
1750,1987,1
1750,1992,1
1751,46,1
76,523,1
76,497,1
76,488,1
76,481,1
1751,610,1
1750,303,1
1750,52,1
1748,1985,1
1749,1985,1
1748,1997,1
1749,52,1
1749,69,1
1749,156,1
1749,246,1
1749,247,1
1749,271,1
1749,281,1
1749,315,1
1749,605,1
1749,650,1
1749,1184,1
1749,1413,1
1749,1464,1
1749,1532,1
1749,1611,1
1749,1625,1
1749,1739,1
76,1045,1
76,932,1
76,889,1
1749,1974,1
1749,1981,1
1755,88,1
75,1341,1
1784,1302,1
74,1444,1
74,1363,1
1760,454,1
1760,455,1
1760,492,1
74,1236,1
1760,661,1
1760,696,1
1760,697,1
1760,700,1
1760,910,1
1760,940,1
74,1136,1
1760,1019,1
1760,1131,1
1760,1210,1
1760,1223,1
1760,1238,1
1760,1241,1
74,890,1
1760,1248,1
1760,1252,1
1760,1381,1
74,869,1
74,1427,1
74,1460,1
1760,1959,1
74,1485,1
1759,1177,1
1759,1381,1
1759,1382,1
1759,1383,1
1759,1633,1
74,1745,1
1759,1771,1
1759,1951,1
1759,1961,1
1759,1962,1
1759,1974,1
74,1736,1
1759,1980,1
74,1729,1
1759,1986,1
1759,1993,1
74,1718,1
74,1714,1
74,1703,1
74,1665,1
74,1531,1
1760,316,1
1760,317,1
1760,1768,1
1760,1966,1
74,1748,1
1762,1758,1
1762,1781,1
74,290,1
1762,1959,1
1762,1963,1
1762,1969,1
74,227,1
1762,1976,1
1762,1979,1
1762,1981,1
73,1993,1
1762,1998,1
1762,1999,1
1763,52,1
73,1990,1
73,1989,1
73,1987,1
1763,258,1
1763,700,1
1763,797,1
73,1986,1
1763,940,1
73,1985,1
1763,1019,1
1762,1772,1
1762,1744,1
1760,1979,1
1762,1428,1
1760,1999,1
74,523,1
1761,696,1
1761,714,1
1761,897,1
1761,1012,1
1761,1019,1
1761,1246,1
1761,1247,1
1761,1254,1
1761,1381,1
1761,1956,1
1761,1974,1
1761,1978,1
1761,1981,1
1761,1983,1
1762,87,1
1762,445,1
74,359,1
1762,747,1
1762,1019,1
1762,1256,1
1762,1381,1
1759,1176,1
1759,1131,1
75,1321,1
1756,928,1
1756,998,1
1756,1140,1
1756,1157,1
1756,1213,1
1756,1316,1
1756,1381,1
1756,1398,1
1756,1411,1
1756,1414,1
1756,1564,1
1756,1577,1
1756,1723,1
1756,1747,1
1756,1777,1
75,494,1
1756,1964,1
1756,1995,1
1756,1999,1
1757,64,1
75,485,1
1757,315,1
75,361,1
1757,661,1
1756,948,1
1756,700,1
75,159,1
75,1002,1
75,1245,1
75,1110,1
1755,1037,1
1755,1381,1
1755,1398,1
1755,1399,1
1755,1557,1
1755,1566,1
75,1081,1
1755,1648,1
1755,1750,1
1755,1766,1
1755,1777,1
1755,1782,1
1755,1962,1
1755,1979,1
1755,1984,1
1755,1990,1
1755,1991,1
1756,25,1
1756,28,1
75,1079,1
1756,298,1
1757,700,1
1757,1140,1
1759,950,1
74,1986,1
1758,1297,1
1758,1636,1
1758,1637,1
74,1984,1
74,1982,1
1758,1772,1
74,1981,1
74,1980,1
74,1979,1
1758,1972,1
1758,1978,1
1758,1981,1
74,1882,1
1759,171,1
1759,258,1
1759,372,1
1759,407,1
74,1854,1
74,1832,1
74,1831,1
74,1816,1
74,1785,1
74,1769,1
1758,1254,1
1758,1177,1
1757,1175,1
1758,1176,1
75,142,1
1757,1177,1
1757,1184,1
1757,1381,1
1757,1397,1
75,117,1
1757,1737,1
1757,1762,1
1757,1767,1
75,6,1
1757,1970,1
1757,1984,1
1757,1985,1
74,1990,1
1758,199,1
1758,305,1
1758,308,1
1758,562,1
1758,661,1
74,1987,1
1758,1141,1
1758,1151,1
1758,1175,1
76,1793,1
76,1821,1
76,1832,1
1736,568,1
78,1147,1
1736,1100,1
1736,1111,1
1736,1133,1
1736,1134,1
1736,1206,1
1736,1418,1
1736,1755,1
78,1081,1
78,980,1
78,887,1
1736,1946,1
78,790,1
1736,1964,1
1736,1971,1
1736,1972,1
1736,1996,1
1737,18,1
1737,176,1
1737,353,1
1737,383,1
78,614,1
1737,703,1
1736,688,1
78,1149,1
1737,1053,1
1736,176,1
1735,394,1
78,1726,1
1735,555,1
1735,708,1
1735,908,1
1735,1029,1
1735,1169,1
78,1464,1
1735,1224,1
1735,1623,1
1735,1635,1
1735,1713,1
78,1462,1
78,1411,1
1735,1963,1
1735,1964,1
1735,1971,1
1735,1984,1
78,1407,1
1736,12,1
1736,13,1
1736,14,1
78,1403,1
1737,800,1
1737,1067,1
1735,358,1
78,87,1
77,1997,1
1737,1993,1
1738,277,1
1738,331,1
1738,499,1
1738,508,1
77,1984,1
1738,740,1
77,1981,1
1738,1086,1
1738,1087,1
1738,1088,1
1738,1098,1
77,1967,1
1738,1100,1
77,1958,1
1738,1132,1
1738,1168,1
1738,1169,1
1738,1170,1
1738,1185,1
1738,1316,1
1738,1380,1
1737,1975,1
78,123,1
78,523,1
78,131,1
1737,1099,1
78,513,1
1737,1103,1
1737,1111,1
1737,1159,1
1737,1164,1
1737,1166,1
1737,1169,1
1737,1185,1
1737,1211,1
1737,1212,1
78,497,1
1737,1215,1
1737,1228,1
78,496,1
1737,1317,1
1737,1344,1
1737,1419,1
1737,1602,1
1737,1636,1
1737,1784,1
78,478,1
78,336,1
1735,360,1
1735,357,1
76,1834,1
1731,1994,1
79,907,1
1732,214,1
1732,349,1
1732,361,1
1732,444,1
1732,483,1
79,677,1
1732,1108,1
1732,1180,1
1732,1628,1
1732,1717,1
1732,1748,1
1732,1917,1
1732,1919,1
79,580,1
1732,1973,1
1732,1975,1
79,505,1
79,504,1
79,489,1
1733,8,1
79,486,1
79,478,1
79,974,1
1731,1981,1
1733,253,1
79,976,1
1730,1741,1
1730,1758,1
79,1394,1
1730,1917,1
79,1375,1
1731,72,1
1731,190,1
79,1345,1
79,1129,1
79,1125,1
79,1124,1
1731,878,1
79,1112,1
1731,1073,1
79,1081,1
1731,1176,1
1731,1185,1
1731,1202,1
1731,1432,1
1731,1590,1
1731,1700,1
1731,1717,1
1731,1783,1
1733,230,1
1733,268,1
1735,356,1
1734,832,1
78,1840,1
1734,1142,1
1734,1185,1
1734,1201,1
1734,1281,1
78,1832,1
1734,1643,1
78,1831,1
1734,1713,1
1734,1756,1
1734,1784,1
1734,1957,1
1734,1963,1
1734,1964,1
1734,1968,1
1734,1978,1
1734,1979,1
78,1830,1
1734,1983,1
78,1829,1
1734,1996,1
78,1794,1
1735,294,1
1734,1107,1
1734,627,1
1733,357,1
78,1862,1
1733,362,1
79,87,1
1733,508,1
1733,536,1
1733,662,1
1733,663,1
1733,675,1
1733,708,1
1733,1051,1
79,84,1
78,1982,1
1733,1108,1
1733,1129,1
1733,1185,1
1733,1495,1
78,1912,1
1733,1983,1
1733,1984,1
1733,1999,1
1734,8,1
78,1890,1
1734,253,1
1734,332,1
1738,1383,1
1738,1605,1
1738,1622,1
1743,1642,1
77,499,1
1743,1738,1
1743,1956,1
1743,1959,1
1743,1989,1
1743,1995,1
1744,10,1
1744,374,1
77,488,1
1744,437,1
1744,638,1
1744,706,1
77,487,1
77,486,1
1744,1127,1
1744,1131,1
77,310,1
1744,1279,1
1744,1280,1
1744,1319,1
1744,1649,1
1744,1745,1
1744,1753,1
1743,1646,1
1743,1640,1
77,189,1
1743,1639,1
1742,1051,1
1742,1063,1
1742,1149,1
1742,1164,1
1742,1185,1
1742,1200,1
1742,1211,1
77,920,1
1742,1631,1
1742,1704,1
77,890,1
1742,1986,1
1743,10,1
77,572,1
1743,162,1
1743,232,1
1743,235,1
1743,298,1
1743,331,1
1743,373,1
1743,1049,1
77,512,1
1743,1271,1
1744,1785,1
77,92,1
77,1878,1
1745,1798,1
76,1983,1
1745,1961,1
1745,1966,1
1745,1971,1
1745,1981,1
76,1982,1
1745,1986,1
1746,38,1
1746,51,1
1746,179,1
1746,187,1
1746,309,1
1746,457,1
1746,477,1
76,1980,1
76,1888,1
1746,599,1
1746,640,1
1746,779,1
1746,780,1
1746,1059,1
1746,1184,1
76,1877,1
76,1984,1
1745,1792,1
77,91,1
1745,1791,1
1744,1965,1
1744,1974,1
1744,1980,1
1745,5,1
1745,50,1
1745,238,1
1745,251,1
77,69,1
1745,689,1
1745,778,1
1745,779,1
1745,970,1
1745,1147,1
1745,1151,1
1745,1184,1
1745,1203,1
76,1989,1
76,1988,1
76,1987,1
1745,1649,1
1745,1752,1
76,1986,1
76,1985,1
77,934,1
1742,960,1
1742,937,1
77,1793,1
77,1785,1
1739,1217,1
1739,1601,1
1739,1771,1
77,1775,1
1739,1802,1
1739,1941,1
1739,1968,1
1739,1981,1
1739,1990,1
1740,3,1
1740,15,1
77,1746,1
77,1730,1
77,1723,1
1740,55,1
77,1717,1
77,1713,1
1740,373,1
1740,700,1
77,1712,1
1740,747,1
77,1707,1
1739,1210,1
1739,1185,1
1742,936,1
1739,1170,1
1738,1692,1
77,1865,1
1738,1785,1
1738,1922,1
1738,1946,1
1738,1962,1
77,1834,1
1738,1986,1
77,1832,1
1739,48,1
1739,298,1
1739,299,1
1739,320,1
77,1815,1
1739,499,1
1739,705,1
1739,726,1
1739,938,1
1739,1054,1
1739,1089,1
1739,1093,1
1739,1097,1
77,1813,1
1740,938,1
1740,1144,1
1740,1156,1
1740,1178,1
1741,920,1
1741,935,1
1741,1051,1
1741,1213,1
1741,1638,1
77,1047,1
1741,1647,1
1741,1798,1
77,990,1
1741,1960,1
1741,1985,1
1741,1986,1
1741,1990,1
1742,11,1
1742,54,1
77,980,1
1742,233,1
1742,235,1
1742,320,1
1742,510,1
1742,629,1
1742,630,1
1742,631,1
1741,546,1
1741,510,1
1741,233,1
1740,1938,1
77,1686,1
1740,1213,1
1740,1214,1
1740,1215,1
77,1640,1
1740,1229,1
1740,1716,1
1740,1782,1
77,1407,1
77,1345,1
1740,1941,1
1741,231,1
1740,1982,1
77,1176,1
1740,1988,1
1741,15,1
1741,16,1
1741,17,1
1741,48,1
77,1151,1
77,1127,1
1741,153,1
73,1984,1
1763,1428,1
73,1980,1
1778,1139,1
71,435,1
1778,1245,1
1778,1246,1
1778,1247,1
1778,1249,1
1778,1316,1
1778,1384,1
1778,1459,1
1778,1488,1
71,384,1
1778,1534,1
1778,1546,1
1778,1599,1
71,147,1
71,141,1
70,1983,1
70,1981,1
1778,1820,1
1778,1821,1
1778,1822,1
1778,1823,1
1778,1826,1
70,1969,1
1778,1212,1
1778,1138,1
1778,1836,1
1778,1124,1
1778,297,1
71,493,1
71,491,1
1778,484,1
1778,641,1
1778,642,1
1778,706,1
1778,955,1
1778,1058,1
1778,1062,1
1778,1082,1
1778,1089,1
1778,1097,1
1778,1100,1
1778,1103,1
1778,1106,1
1778,1108,1
1778,1112,1
1778,1114,1
1778,1117,1
1778,1118,1
1778,1120,1
1778,1122,1
1778,1832,1
1778,1854,1
1778,283,1
1779,1262,1
1779,1317,1
70,1843,1
1779,1417,1
1779,1514,1
1779,1598,1
70,1837,1
70,1747,1
70,1724,1
70,1714,1
70,1677,1
70,1658,1
70,1655,1
1779,1828,1
1779,1831,1
1779,1836,1
1779,1837,1
1779,1844,1
1779,1850,1
1779,1851,1
1779,1854,1
1779,1859,1
1779,1865,1
1779,1866,1
1779,1315,1
1779,1252,1
70,1954,1
1779,1214,1
70,1859,1
1778,1992,1
1778,1993,1
1779,70,1
1779,278,1
1779,284,1
1779,638,1
1779,657,1
1779,660,1
1779,940,1
1779,1054,1
1779,1056,1
1779,1084,1
1779,1085,1
1779,1093,1
1779,1096,1
1779,1098,1
1779,1099,1
1779,1105,1
1779,1106,1
1779,1107,1
1779,1112,1
1779,1118,1
1778,284,1
1778,145,1
1775,1111,1
1776,541,1
1776,641,1
71,1651,1
1776,643,1
71,1624,1
71,1600,1
71,1584,1
1776,1060,1
1776,1065,1
1776,1072,1
1776,1079,1
1776,1082,1
1776,1084,1
1776,1088,1
1776,1092,1
1776,1094,1
1776,1102,1
1776,1117,1
1776,1120,1
1776,1123,1
1776,1233,1
71,1527,1
71,1526,1
71,1512,1
71,1707,1
1776,409,1
1776,1823,1
1776,368,1
1775,1114,1
1775,1117,1
1775,1118,1
1775,1120,1
1775,1214,1
1775,1216,1
1775,1243,1
1775,1277,1
1775,1548,1
71,1766,1
71,1756,1
71,1714,1
1775,1825,1
1775,1839,1
1775,1845,1
1775,1846,1
1775,1861,1
1775,1863,1
1775,1867,1
1775,1938,1
1775,1995,1
1776,155,1
1776,253,1
1776,1821,1
71,1511,1
1778,70,1
71,1441,1
1777,1121,1
1777,1214,1
71,1406,1
1777,1247,1
1777,1248,1
1777,1249,1
71,1405,1
71,1348,1
71,1337,1
1777,1737,1
71,1058,1
71,1024,1
71,1023,1
71,992,1
71,955,1
71,678,1
1777,1821,1
1777,1827,1
1777,1845,1
71,512,1
1777,1864,1
1777,1921,1
1778,25,1
1777,1105,1
1777,1094,1
1776,1825,1
1777,1089,1
1776,1845,1
1776,1848,1
71,1509,1
1776,1854,1
1776,1862,1
71,1506,1
71,1504,1
1777,243,1
1777,273,1
1777,428,1
71,1502,1
71,1486,1
71,1479,1
1777,641,1
71,1478,1
1777,658,1
71,1470,1
1777,1055,1
1777,1061,1
1777,1063,1
1777,1075,1
1777,1081,1
1777,1088,1
1779,1867,1
1779,1998,1
70,1647,1
70,1570,1
1782,1838,1
1782,1842,1
1782,1850,1
1782,1853,1
1782,1856,1
1782,1950,1
1783,132,1
1783,274,1
1783,504,1
1783,643,1
70,1568,1
70,1567,1
1783,1056,1
1783,1063,1
1783,1065,1
1783,1084,1
1783,1089,1
1783,1091,1
1783,1101,1
1783,1106,1
1783,1113,1
1783,1121,1
70,1564,1
1782,1837,1
1782,1828,1
1783,1124,1
1782,1826,1
1782,1123,1
70,1576,1
1782,1143,1
1782,1154,1
1782,1189,1
1782,1219,1
1782,1300,1
1782,1308,1
1782,1313,1
1782,1314,1
1782,1315,1
1782,1317,1
1782,1321,1
1782,1466,1
1782,1473,1
1782,1475,1
70,1575,1
70,1574,1
1782,1754,1
70,1572,1
1782,1768,1
1782,1822,1
1782,1825,1
70,1561,1
1783,1189,1
70,1633,1
1784,137,1
1784,300,1
1784,301,1
1784,433,1
1784,541,1
1784,607,1
1784,936,1
1784,1012,1
1784,1053,1
1784,1056,1
1784,1058,1
1784,1067,1
1784,1087,1
1784,1093,1
1784,1100,1
1784,1101,1
1784,1102,1
1784,1105,1
1784,1108,1
1784,1120,1
1784,1122,1
1784,1123,1
1784,1211,1
1784,1301,1
70,1551,1
1784,100,1
1783,1212,1
1784,52,1
70,1560,1
1783,1300,1
1783,1321,1
1783,1469,1
1783,1684,1
1783,1685,1
1783,1713,1
70,1558,1
1783,1824,1
1783,1825,1
1783,1827,1
1783,1832,1
1783,1841,1
1783,1844,1
1783,1845,1
1783,1849,1
1783,1852,1
70,1556,1
70,1555,1
1783,1860,1
70,1552,1
1783,1865,1
1784,15,1
1782,1115,1
1782,1104,1
1782,1101,1
1780,1317,1
1780,1321,1
1780,1471,1
1780,1607,1
1780,1633,1
1780,1747,1
70,1614,1
70,1611,1
70,1609,1
70,1608,1
70,1606,1
1780,1824,1
70,1605,1
70,1604,1
1780,1837,1
70,1603,1
1780,1841,1
1780,1842,1
1780,1849,1
1780,1853,1
70,1601,1
1781,132,1
1781,133,1
70,1600,1
1780,1319,1
1780,1308,1
1782,1087,1
1780,1300,1
70,1625,1
70,1623,1
1780,411,1
1780,413,1
70,1616,1
1780,657,1
1780,661,1
1780,863,1
70,1615,1
1780,981,1
1780,1074,1
1780,1078,1
1780,1091,1
1780,1092,1
1780,1096,1
1780,1099,1
1780,1103,1
1780,1111,1
1780,1114,1
1780,1116,1
1780,1124,1
1780,1126,1
1780,1237,1
1781,562,1
1781,595,1
1781,639,1
1781,668,1
70,1595,1
70,1590,1
70,1585,1
70,1584,1
1781,1823,1
1781,1826,1
1781,1829,1
1781,1834,1
1781,1835,1
1781,1836,1
1781,1837,1
1781,1853,1
1781,1957,1
70,1581,1
1782,281,1
70,1580,1
1782,364,1
70,1579,1
70,1578,1
1782,650,1
70,1577,1
1782,1065,1
1782,1080,1
70,1596,1
70,1599,1
1781,1405,1
1781,1117,1
1781,881,1
1781,1053,1
1781,1060,1
1781,1061,1
1781,1083,1
1781,1084,1
1781,1090,1
1781,1095,1
1781,1102,1
1781,1109,1
1781,1122,1
1781,1321,1
1781,1123,1
1781,1124,1
1781,1161,1
1781,1187,1
1781,1219,1
1781,1223,1
1781,1300,1
1781,1307,1
1781,1308,1
1781,1315,1
1775,1112,1
1775,1107,1
1763,1676,1
72,1987,1
1769,86,1
1769,103,1
72,1985,1
1769,243,1
1769,286,1
1769,291,1
1769,349,1
1769,363,1
1769,459,1
1769,642,1
1769,649,1
1769,948,1
1769,1051,1
1769,1055,1
1769,1057,1
1769,1064,1
1769,1069,1
1769,1079,1
1769,1081,1
1769,1086,1
1769,1094,1
1769,1095,1
1769,1098,1
1768,1998,1
1768,1983,1
1769,1102,1
1768,1975,1
1768,994,1
1768,1056,1
1768,1058,1
1768,1059,1
1768,1060,1
1768,1074,1
73,79,1
1768,1085,1
73,77,1
1768,1095,1
1768,1101,1
72,1991,1
1768,1103,1
1768,1109,1
1768,1124,1
72,1989,1
1768,1521,1
72,1988,1
1768,1589,1
1768,1716,1
1768,1955,1
1768,1968,1
1768,1973,1
1769,1099,1
1769,1103,1
73,312,1
1770,687,1
1770,881,1
1770,926,1
72,1901,1
72,1881,1
1770,1053,1
1770,1054,1
1770,1056,1
1770,1083,1
1770,1084,1
1770,1090,1
1770,1101,1
72,1852,1
1770,1114,1
1770,1115,1
1770,1120,1
1770,1121,1
1770,1123,1
1770,1124,1
1770,1148,1
1770,1149,1
1770,1383,1
72,1845,1
1770,1747,1
1770,870,1
1770,657,1
1769,1106,1
72,1924,1
1769,1118,1
1769,1120,1
1769,1121,1
1769,1123,1
1769,1132,1
1769,1177,1
1769,1225,1
1769,1226,1
72,1979,1
1769,1614,1
1769,1762,1
1769,1817,1
72,1965,1
72,1962,1
1769,1975,1
1769,1981,1
1770,71,1
1770,82,1
1770,164,1
1770,449,1
1770,459,1
1770,562,1
72,1956,1
1768,952,1
1768,882,1
1775,1104,1
1764,1175,1
1764,1211,1
1764,1325,1
1764,1429,1
1764,1430,1
1764,1458,1
1764,1466,1
1764,1749,1
1764,1757,1
1764,1765,1
73,1819,1
1765,34,1
73,1810,1
1765,108,1
1765,285,1
1765,315,1
1765,350,1
1765,367,1
1765,678,1
1765,837,1
73,1777,1
73,1746,1
73,1722,1
1765,1159,1
1764,1184,1
73,1820,1
1765,1161,1
1764,970,1
1763,1758,1
1763,1784,1
73,1979,1
1763,1955,1
1763,1963,1
1763,1973,1
1763,1974,1
1763,1985,1
1764,51,1
73,1978,1
73,1964,1
1764,82,1
1764,109,1
73,1947,1
73,1899,1
1764,353,1
1764,371,1
1764,400,1
73,1868,1
73,1852,1
73,1849,1
1764,915,1
73,1822,1
1765,1160,1
1765,1312,1
1768,880,1
1766,1311,1
1766,1743,1
1766,1954,1
1766,1959,1
1766,1978,1
1767,9,1
1767,80,1
73,1074,1
1767,234,1
73,1000,1
1767,299,1
1767,427,1
1767,527,1
73,872,1
73,871,1
73,870,1
1767,1127,1
1767,1297,1
1767,1615,1
1767,1967,1
1768,79,1
73,498,1
1768,315,1
73,484,1
1766,1313,1
1766,1310,1
1765,1395,1
1766,1308,1
73,1713,1
73,1705,1
1765,1956,1
1765,1968,1
1765,1974,1
73,1693,1
1765,1982,1
73,1691,1
1766,9,1
73,1684,1
1766,79,1
1766,83,1
1766,128,1
1766,351,1
1766,527,1
1766,630,1
73,1426,1
73,1390,1
73,1259,1
1766,905,1
73,1116,1
1766,1126,1
1766,1127,1
1770,1820,1
72,1842,1
72,1824,1
1773,1977,1
1773,1979,1
1773,1980,1
1773,1981,1
1773,1982,1
1773,1983,1
1773,1984,1
1773,1992,1
1773,1996,1
1773,1997,1
1774,168,1
1774,238,1
1774,240,1
1774,242,1
1774,243,1
72,502,1
1774,346,1
72,496,1
1774,661,1
1774,731,1
72,384,1
1774,934,1
71,1991,1
71,1990,1
1773,1978,1
1773,1976,1
1774,1063,1
72,509,1
1773,1058,1
1773,1069,1
1773,1074,1
1773,1077,1
1773,1078,1
1773,1087,1
1773,1088,1
1773,1090,1
1773,1091,1
1773,1093,1
1773,1094,1
1773,1098,1
1773,1109,1
1773,1110,1
1773,1112,1
1773,1116,1
1773,1123,1
1773,1124,1
1773,1319,1
1773,1716,1
1773,1723,1
1773,1749,1
1773,1915,1
1774,1055,1
1774,1072,1
1770,1955,1
1775,290,1
71,1862,1
1775,322,1
1775,329,1
71,1845,1
1775,656,1
71,1837,1
1775,767,1
1775,776,1
71,1835,1
71,1829,1
71,1790,1
1775,941,1
1775,1055,1
1775,1056,1
1775,1076,1
1775,1077,1
1775,1079,1
1775,1084,1
1775,1086,1
1775,1088,1
1775,1090,1
1775,1101,1
71,1777,1
1775,293,1
1775,289,1
1774,1081,1
71,1892,1
1774,1084,1
1774,1094,1
1774,1096,1
1774,1104,1
1774,1110,1
1774,1113,1
1774,1114,1
1774,1115,1
1774,1124,1
1774,1129,1
1774,1233,1
1774,1603,1
71,1989,1
71,1979,1
71,1952,1
1774,1884,1
1774,1972,1
1774,1976,1
71,1946,1
1774,1978,1
71,1923,1
1774,1982,1
71,1898,1
1773,1054,1
72,716,1
1773,880,1
1771,1104,1
1771,1113,1
1771,1114,1
1771,1150,1
1771,1379,1
1771,1602,1
72,1655,1
1771,1611,1
1771,1767,1
1771,1768,1
1771,1813,1
1771,1815,1
1771,1821,1
1771,1841,1
1771,1866,1
72,1645,1
72,1636,1
1771,1955,1
1771,1958,1
1771,1970,1
1771,1972,1
1771,1975,1
72,1518,1
1772,125,1
1771,1110,1
1771,1097,1
72,772,1
1771,1096,1
1770,1972,1
1770,1982,1
72,1823,1
1770,1985,1
72,1821,1
1770,1989,1
1771,8,1
1771,9,1
72,1810,1
72,1763,1
1771,249,1
1771,283,1
1771,634,1
1771,642,1
1771,643,1
1771,645,1
1771,870,1
1771,922,1
1771,1053,1
1771,1057,1
1771,1058,1
72,1712,1
1771,1083,1
1772,169,1
1772,170,1
1772,322,1
1772,596,1
1772,1619,1
1772,1700,1
1772,1823,1
1772,1830,1
1772,1841,1
1772,1950,1
72,1083,1
1772,1959,1
1772,1960,1
1772,1967,1
1772,1968,1
1772,1969,1
1772,1971,1
1772,1977,1
1772,1979,1
1772,1984,1
72,1069,1
1773,230,1
1773,234,1
1773,235,1
72,891,1
1773,595,1
1773,641,1
1772,1424,1
1772,1248,1
1772,1229,1
1772,1071,1
72,1482,1
72,1407,1
1772,644,1
72,1395,1
1772,653,1
1772,1052,1
1772,1053,1
1772,1064,1
1772,1066,1
1772,1067,1
1772,1078,1
1772,1146,1
1772,1079,1
1772,1082,1
1772,1085,1
1772,1087,1
1772,1089,1
1772,1102,1
1772,1112,1
1772,1115,1
1772,1118,1
1772,1120,1
1302,696,1
1252,1987,1
1302,694,1
316,1988,1
631,1589,1
631,1691,1
631,1777,1
631,1899,1
631,1967,1
631,1968,1
632,139,1
632,223,1
632,224,1
632,233,1
317,53,1
316,1983,1
317,1244,1
316,1858,1
316,1857,1
632,562,1
632,563,1
632,576,1
632,577,1
632,578,1
632,581,1
316,1850,1
632,729,1
632,753,1
631,1583,1
631,1578,1
631,1505,1
631,1494,1
317,490,1
317,440,1
631,521,1
631,562,1
631,563,1
631,564,1
631,577,1
631,580,1
631,581,1
631,582,1
317,289,1
631,730,1
631,751,1
317,288,1
631,1101,1
631,1146,1
631,1151,1
317,282,1
631,1154,1
631,1177,1
631,1192,1
631,1206,1
631,1284,1
316,1845,1
632,965,1
632,1035,1
316,1722,1
316,1693,1
316,1649,1
316,1648,1
633,562,1
316,1628,1
633,581,1
633,582,1
316,1626,1
633,701,1
633,708,1
633,743,1
633,762,1
633,867,1
316,1588,1
633,930,1
316,1577,1
633,1071,1
316,1486,1
633,1148,1
316,1257,1
633,1153,1
316,1241,1
633,1246,1
316,1714,1
316,1723,1
316,1834,1
316,1726,1
316,1825,1
316,1809,1
632,1152,1
632,1167,1
632,1285,1
632,1368,1
632,1447,1
632,1550,1
632,1551,1
632,1730,1
632,1782,1
632,1805,1
633,57,1
633,227,1
316,1764,1
316,1761,1
316,1740,1
633,301,1
633,351,1
633,352,1
316,1739,1
633,359,1
316,1735,1
317,956,1
317,1256,1
322,1037,1
629,303,1
628,1493,1
628,1593,1
628,1639,1
628,1651,1
318,1203,1
628,1694,1
628,1894,1
629,23,1
629,202,1
318,795,1
629,226,1
318,490,1
317,1315,1
318,283,1
629,471,1
317,1931,1
317,1886,1
317,1850,1
629,563,1
317,1845,1
629,577,1
629,582,1
317,1803,1
629,644,1
628,1289,1
628,1199,1
628,1147,1
628,1142,1
627,1642,1
627,1695,1
627,1737,1
627,1780,1
627,1889,1
628,318,1
628,328,1
318,1737,1
318,1706,1
318,1632,1
318,1627,1
318,1624,1
628,444,1
628,451,1
318,1614,1
628,475,1
628,476,1
318,1316,1
318,1253,1
628,566,1
318,1251,1
318,1236,1
628,1141,1
629,747,1
629,1080,1
629,1141,1
317,1720,1
630,885,1
630,1074,1
630,1077,1
317,1648,1
630,1144,1
630,1150,1
630,1151,1
630,1193,1
630,1200,1
630,1374,1
630,1375,1
630,1394,1
630,1577,1
630,1689,1
630,1777,1
630,1875,1
630,1883,1
317,1627,1
631,136,1
631,356,1
631,413,1
317,1618,1
317,1490,1
630,867,1
630,606,1
629,1143,1
630,583,1
629,1144,1
629,1195,1
317,1800,1
629,1231,1
629,1478,1
317,1794,1
317,1793,1
317,1792,1
630,164,1
317,1791,1
630,269,1
317,1789,1
317,1787,1
317,1783,1
317,1760,1
317,1758,1
317,1755,1
317,1747,1
317,1741,1
630,563,1
317,1731,1
630,581,1
630,582,1
633,1333,1
316,1228,1
316,1035,1
314,1938,1
637,568,1
637,570,1
637,579,1
637,581,1
637,582,1
315,404,1
314,1982,1
314,1978,1
637,749,1
637,993,1
637,1099,1
637,1123,1
633,1501,1
314,1885,1
637,1158,1
637,1210,1
637,1343,1
637,1385,1
637,1575,1
314,1858,1
637,1759,1
637,1761,1
314,1808,1
638,4,1
637,513,1
315,406,1
637,136,1
636,1913,1
636,558,1
315,1198,1
636,560,1
636,562,1
636,579,1
636,580,1
636,581,1
636,582,1
636,583,1
315,1132,1
636,780,1
636,958,1
636,992,1
636,1081,1
315,527,1
636,1151,1
636,1157,1
636,1181,1
315,441,1
636,1353,1
315,428,1
636,1551,1
636,1756,1
638,187,1
638,189,1
314,1786,1
638,1575,1
314,1633,1
639,287,1
639,288,1
639,289,1
639,290,1
639,293,1
639,363,1
639,461,1
314,1630,1
639,510,1
639,520,1
639,560,1
639,564,1
639,569,1
639,584,1
314,1332,1
314,1240,1
314,1239,1
639,1160,1
639,1300,1
314,1160,1
639,1407,1
314,527,1
638,1753,1
638,1532,1
314,1781,1
638,1520,1
638,453,1
314,1774,1
638,540,1
638,542,1
638,558,1
638,559,1
314,1770,1
638,572,1
638,573,1
314,1761,1
638,585,1
314,1753,1
314,1714,1
314,1704,1
638,863,1
314,1674,1
638,966,1
638,1133,1
314,1647,1
638,1211,1
314,1635,1
638,1342,1
638,1367,1
636,547,1
315,1250,1
315,1467,1
634,510,1
316,283,1
634,513,1
316,159,1
315,1990,1
634,556,1
315,1979,1
634,562,1
634,563,1
315,1978,1
634,577,1
634,578,1
634,581,1
634,583,1
634,725,1
634,729,1
315,1892,1
634,868,1
315,1855,1
634,925,1
634,930,1
634,961,1
634,1070,1
634,1083,1
634,511,1
316,284,1
315,1813,1
316,285,1
633,1520,1
633,1549,1
633,1550,1
633,1574,1
633,1581,1
633,1729,1
633,1776,1
633,1781,1
633,1882,1
633,1951,1
634,8,1
634,9,1
634,13,1
634,107,1
634,217,1
316,650,1
316,527,1
316,290,1
316,289,1
316,288,1
316,287,1
634,476,1
316,286,1
315,1827,1
315,1811,1
315,1591,1
635,556,1
635,561,1
315,1649,1
635,577,1
635,578,1
635,579,1
635,580,1
635,581,1
635,582,1
635,583,1
635,1072,1
635,1111,1
315,1646,1
315,1633,1
315,1632,1
635,1335,1
635,1456,1
635,1548,1
635,1735,1
635,1757,1
635,1945,1
636,351,1
315,1625,1
636,477,1
635,560,1
315,1723,1
315,1809,1
315,1727,1
634,1131,1
634,1149,1
634,1154,1
315,1804,1
634,1199,1
315,1798,1
315,1790,1
634,1550,1
634,1551,1
634,1576,1
315,1789,1
634,1899,1
635,5,1
635,96,1
635,106,1
635,118,1
635,127,1
315,1785,1
315,1777,1
315,1756,1
315,1744,1
315,1741,1
315,1737,1
627,1588,1
627,1198,1
627,1146,1
321,792,1
618,1843,1
618,1977,1
321,1102,1
321,1036,1
321,1029,1
619,449,1
619,454,1
619,456,1
321,1027,1
619,553,1
321,888,1
619,1133,1
621,1139,1
619,1134,1
619,1135,1
619,1137,1
619,1177,1
619,1191,1
619,1196,1
320,1922,1
619,1201,1
619,1209,1
320,1813,1
320,1810,1
618,1815,1
618,1750,1
618,1687,1
618,1613,1
617,1993,1
618,249,1
618,417,1
321,1317,1
618,448,1
321,1311,1
618,462,1
618,464,1
618,468,1
321,1168,1
321,1132,1
618,1083,1
618,1129,1
618,1130,1
618,1133,1
618,1134,1
618,1135,1
618,1136,1
618,1137,1
618,1177,1
321,1128,1
618,1423,1
618,1603,1
619,1236,1
619,1263,1
320,1794,1
620,1135,1
620,1137,1
320,1731,1
620,1236,1
320,1720,1
320,1717,1
620,1604,1
620,1647,1
620,1816,1
620,1870,1
620,1957,1
620,1974,1
621,113,1
621,189,1
621,561,1
320,1624,1
621,584,1
621,708,1
621,1122,1
621,1132,1
621,1133,1
621,1134,1
621,1135,1
621,1136,1
620,1136,1
320,1749,1
320,1785,1
620,1133,1
320,1783,1
619,1604,1
619,1619,1
619,1683,1
619,1733,1
619,1735,1
619,1736,1
619,1872,1
619,1959,1
619,1995,1
620,36,1
620,443,1
620,450,1
620,454,1
620,458,1
620,559,1
620,560,1
320,1750,1
620,815,1
620,861,1
620,1122,1
620,1131,1
620,1132,1
617,1990,1
617,1984,1
617,1754,1
322,285,1
322,284,1
615,1986,1
616,9,1
322,283,1
322,282,1
322,242,1
322,179,1
616,453,1
322,178,1
322,124,1
616,475,1
321,1889,1
321,1859,1
616,536,1
616,556,1
321,1830,1
616,739,1
616,863,1
616,1127,1
616,1129,1
616,1132,1
616,1133,1
616,1134,1
615,1779,1
615,1602,1
321,1807,1
322,286,1
322,1030,1
322,1028,1
615,119,1
615,164,1
322,672,1
615,449,1
615,462,1
615,506,1
322,401,1
615,772,1
615,813,1
615,1130,1
615,1131,1
615,1132,1
615,1133,1
615,1136,1
615,1137,1
615,1140,1
615,1144,1
615,1145,1
615,1298,1
322,293,1
322,288,1
321,1824,1
616,1137,1
617,1687,1
321,1721,1
617,721,1
321,1720,1
321,1715,1
617,1128,1
617,1129,1
617,1131,1
617,1133,1
617,1134,1
617,1135,1
617,1136,1
617,1137,1
617,1141,1
617,1144,1
617,1216,1
617,1232,1
321,1686,1
321,1679,1
617,1375,1
321,1621,1
617,1548,1
617,1585,1
617,1610,1
617,1651,1
617,629,1
321,1732,1
616,1140,1
617,474,1
321,1801,1
616,1179,1
616,1183,1
321,1800,1
616,1199,1
616,1237,1
321,1797,1
321,1793,1
321,1790,1
321,1786,1
616,1615,1
321,1781,1
321,1780,1
321,1778,1
616,1980,1
321,1774,1
321,1765,1
321,1764,1
321,1756,1
321,1743,1
321,1735,1
617,454,1
617,466,1
320,1622,1
320,1583,1
627,1145,1
625,1622,1
625,1136,1
319,489,1
625,1139,1
625,1140,1
625,1144,1
625,1145,1
625,1174,1
625,1241,1
318,1920,1
625,1619,1
625,1620,1
625,1675,1
621,1179,1
626,163,1
626,215,1
318,1909,1
318,1885,1
626,452,1
318,1825,1
626,518,1
626,548,1
626,553,1
626,561,1
626,565,1
625,1120,1
625,1075,1
319,491,1
625,609,1
624,1134,1
319,1316,1
624,1136,1
624,1137,1
624,1138,1
624,1139,1
319,1315,1
624,1202,1
624,1235,1
624,1619,1
624,1638,1
625,413,1
319,977,1
625,455,1
625,513,1
625,514,1
625,561,1
625,563,1
319,913,1
625,577,1
319,576,1
625,583,1
625,608,1
626,568,1
626,573,1
626,582,1
627,551,1
627,565,1
627,567,1
627,571,1
627,576,1
318,1750,1
627,581,1
627,582,1
627,583,1
627,654,1
627,743,1
627,751,1
627,762,1
318,1741,1
627,979,1
627,1000,1
627,1024,1
627,1027,1
627,1071,1
627,1087,1
627,1099,1
627,1118,1
627,1124,1
627,1141,1
318,1760,1
627,520,1
626,765,1
318,1761,1
318,1821,1
626,1088,1
626,1123,1
318,1816,1
626,1141,1
626,1145,1
318,1813,1
626,1199,1
318,1797,1
626,1441,1
626,1622,1
626,1685,1
626,1696,1
626,1715,1
626,1936,1
626,1939,1
318,1785,1
627,327,1
318,1783,1
318,1776,1
318,1767,1
318,1765,1
627,457,1
624,1076,1
624,911,1
624,801,1
622,576,1
320,291,1
320,286,1
622,683,1
622,754,1
622,1122,1
622,1132,1
622,1133,1
622,1135,1
622,1136,1
320,210,1
622,1177,1
622,1178,1
319,1992,1
622,1241,1
319,1977,1
622,1369,1
319,1923,1
319,1912,1
622,1375,1
622,1381,1
319,1895,1
622,1638,1
622,1689,1
320,448,1
320,1030,1
319,1835,1
622,472,1
320,1411,1
320,1318,1
621,1369,1
621,1372,1
320,1317,1
320,1316,1
621,1597,1
621,1603,1
621,1604,1
621,1646,1
621,1681,1
320,1227,1
621,1708,1
320,1221,1
621,1727,1
621,1733,1
621,1757,1
621,1782,1
621,1783,1
621,1870,1
621,1986,1
622,442,1
622,453,1
319,1893,1
622,1758,1
319,1317,1
623,1142,1
623,1198,1
319,1722,1
623,1558,1
623,1584,1
623,1619,1
623,1638,1
319,1721,1
623,1911,1
623,1917,1
623,1999,1
319,1704,1
319,1629,1
319,1615,1
624,454,1
624,455,1
624,532,1
624,562,1
624,566,1
624,567,1
319,1583,1
624,577,1
624,578,1
624,755,1
623,1177,1
623,1139,1
623,162,1
623,1137,1
319,1812,1
319,1805,1
319,1798,1
319,1785,1
319,1781,1
623,454,1
623,475,1
319,1774,1
623,566,1
623,569,1
319,1772,1
623,576,1
319,1761,1
319,1756,1
623,621,1
623,753,1
623,754,1
623,762,1
623,763,1
319,1742,1
623,1133,1
623,1134,1
319,1725,1
639,1420,1
639,1453,1
639,1532,1
308,1781,1
659,800,1
308,1889,1
308,1848,1
659,1095,1
659,1139,1
659,1177,1
308,1813,1
308,1801,1
308,1794,1
308,1792,1
659,1373,1
659,1605,1
308,8,1
308,1774,1
659,1613,1
308,1772,1
659,1714,1
659,1715,1
308,1770,1
659,1785,1
308,1769,1
308,1768,1
659,1845,1
659,1958,1
659,590,1
659,589,1
659,582,1
659,575,1
309,591,1
658,1349,1
658,1372,1
658,1373,1
309,438,1
309,215,1
658,1615,1
658,1704,1
309,126,1
308,1989,1
658,1811,1
659,21,1
659,123,1
659,222,1
659,223,1
308,1983,1
659,249,1
659,252,1
659,473,1
659,564,1
659,570,1
659,571,1
659,572,1
659,1995,1
660,223,1
308,1767,1
308,1112,1
661,1282,1
661,1350,1
661,1352,1
661,1573,1
661,1614,1
661,1622,1
661,1714,1
661,1721,1
661,1744,1
661,1794,1
661,1800,1
661,1802,1
661,1803,1
661,1807,1
661,1813,1
661,1899,1
661,1995,1
662,22,1
308,380,1
308,242,1
308,105,1
662,464,1
662,525,1
661,1224,1
661,1142,1
660,472,1
308,1153,1
660,475,1
308,1731,1
308,1721,1
660,840,1
308,1708,1
308,1627,1
660,1134,1
308,1301,1
660,1177,1
308,1241,1
660,1293,1
308,1231,1
660,1573,1
660,1613,1
308,1224,1
660,1796,1
660,1801,1
660,1812,1
660,1845,1
660,1882,1
661,21,1
661,221,1
308,1223,1
309,825,1
658,1228,1
658,1177,1
309,1769,1
655,1697,1
309,1767,1
309,1763,1
656,130,1
656,135,1
656,224,1
656,250,1
656,269,1
656,329,1
656,466,1
309,1760,1
656,561,1
656,562,1
656,565,1
656,574,1
656,578,1
656,588,1
656,590,1
656,781,1
656,1174,1
309,1723,1
309,1694,1
656,1227,1
309,1768,1
655,1633,1
656,1233,1
655,1615,1
654,1922,1
654,1948,1
654,1984,1
654,1985,1
655,269,1
310,576,1
309,1999,1
655,550,1
309,1986,1
309,1984,1
309,1901,1
655,901,1
309,1894,1
655,988,1
309,1830,1
655,1255,1
655,1265,1
655,1355,1
309,1785,1
655,1579,1
655,1583,1
655,1587,1
655,1600,1
309,1686,1
656,1529,1
658,1176,1
657,1574,1
657,1605,1
309,1232,1
309,1229,1
309,1217,1
657,1610,1
657,1611,1
657,1791,1
657,1796,1
657,1798,1
657,1800,1
309,1211,1
657,1926,1
657,1970,1
658,21,1
658,225,1
658,362,1
309,1155,1
309,1013,1
658,540,1
658,570,1
658,575,1
309,908,1
658,1166,1
657,1599,1
309,1233,1
656,1601,1
309,1238,1
656,1603,1
656,1611,1
656,1616,1
656,1757,1
656,1851,1
656,1924,1
656,1925,1
657,209,1
657,224,1
657,420,1
657,455,1
657,567,1
657,568,1
657,760,1
309,1546,1
657,990,1
657,1167,1
657,1228,1
309,1252,1
657,1234,1
657,1319,1
657,1343,1
657,1352,1
662,528,1
662,829,1
654,1611,1
667,46,1
306,622,1
666,1441,1
666,1553,1
666,1575,1
666,1592,1
666,1708,1
666,1732,1
666,1777,1
666,1778,1
666,1787,1
306,412,1
667,251,1
307,1984,1
306,405,1
667,440,1
667,458,1
667,702,1
667,1246,1
306,94,1
667,1338,1
667,1376,1
667,1486,1
667,1510,1
667,1581,1
666,1289,1
306,632,1
306,696,1
666,1280,1
665,1577,1
306,1382,1
665,1777,1
666,220,1
306,1251,1
666,444,1
666,454,1
666,460,1
306,1248,1
306,1247,1
666,673,1
666,708,1
666,859,1
666,948,1
666,1001,1
306,1246,1
306,1130,1
666,1012,1
666,1032,1
666,1089,1
666,1177,1
306,1084,1
306,922,1
305,1821,1
667,1716,1
667,1731,1
305,1380,1
669,425,1
305,1248,1
669,454,1
305,1247,1
305,1246,1
669,497,1
669,563,1
669,568,1
669,569,1
669,570,1
669,744,1
305,1240,1
305,1237,1
669,1338,1
669,1357,1
669,1376,1
669,1451,1
669,1517,1
669,1587,1
669,1599,1
305,1229,1
305,1104,1
669,1761,1
669,317,1
305,1658,1
667,1762,1
668,1761,1
667,1797,1
667,1809,1
667,1992,1
668,186,1
305,1790,1
668,453,1
305,1789,1
668,490,1
305,1773,1
668,779,1
305,1757,1
668,1217,1
305,1743,1
305,1736,1
305,1720,1
305,1713,1
668,1338,1
668,1376,1
668,1382,1
668,1576,1
668,1582,1
305,1706,1
668,1754,1
665,1425,1
665,1424,1
306,1512,1
307,1767,1
307,1746,1
663,223,1
307,1723,1
307,1704,1
663,357,1
663,402,1
663,440,1
663,441,1
307,1689,1
663,763,1
663,1136,1
663,1171,1
663,1172,1
307,1655,1
307,1505,1
307,1250,1
663,1210,1
307,1132,1
307,1059,1
307,977,1
307,883,1
307,534,1
663,1250,1
307,1757,1
663,90,1
307,437,1
662,1953,1
307,1841,1
662,1153,1
307,1806,1
307,1785,1
662,1237,1
662,1275,1
662,1287,1
662,1339,1
307,1776,1
662,1350,1
662,1351,1
662,1352,1
662,1424,1
662,1494,1
662,1559,1
662,1579,1
662,1608,1
662,1610,1
307,1770,1
307,1769,1
662,1721,1
662,1787,1
662,1800,1
663,1290,1
663,1318,1
306,1571,1
664,1351,1
664,1574,1
664,1578,1
664,1686,1
664,1757,1
306,1719,1
664,1776,1
664,1777,1
664,1787,1
664,1906,1
665,8,1
665,238,1
665,435,1
665,443,1
306,1705,1
306,1686,1
665,862,1
665,1011,1
665,1015,1
665,1029,1
306,1619,1
306,1618,1
665,1218,1
306,1586,1
664,1393,1
664,1350,1
307,220,1
306,1745,1
663,1560,1
306,1991,1
663,1709,1
663,1776,1
663,1777,1
663,1956,1
663,1984,1
306,1804,1
664,440,1
664,441,1
664,442,1
664,582,1
306,1782,1
664,762,1
306,1777,1
664,1140,1
664,1144,1
306,1771,1
306,1769,1
306,1768,1
664,1214,1
306,1749,1
664,1250,1
654,1614,1
654,1600,1
639,1574,1
644,560,1
643,1581,1
312,1738,1
312,1736,1
312,1734,1
312,1726,1
643,1970,1
644,219,1
644,230,1
644,231,1
644,473,1
312,1719,1
644,583,1
646,1355,1
312,1709,1
644,980,1
644,1061,1
644,1118,1
312,1693,1
312,1684,1
644,1276,1
644,1277,1
644,1303,1
644,1357,1
644,1762,1
643,1537,1
312,1754,1
643,1437,1
643,1419,1
312,1803,1
312,1796,1
642,1803,1
312,1787,1
642,1993,1
643,62,1
643,230,1
643,272,1
312,1776,1
643,485,1
643,576,1
643,580,1
312,1772,1
312,1767,1
643,926,1
643,1158,1
312,1765,1
643,1185,1
643,1260,1
312,1761,1
643,1275,1
643,1371,1
643,1372,1
644,1785,1
644,1798,1
644,1799,1
645,1724,1
312,638,1
645,1797,1
645,1798,1
646,30,1
646,240,1
312,637,1
312,483,1
646,501,1
646,563,1
646,564,1
646,566,1
646,572,1
646,573,1
646,576,1
646,928,1
646,952,1
646,978,1
312,431,1
646,1061,1
646,1083,1
646,1102,1
646,1167,1
646,1177,1
645,1795,1
645,1670,1
644,1845,1
645,1579,1
644,1969,1
312,1631,1
645,335,1
312,1630,1
312,1625,1
312,1512,1
645,517,1
645,558,1
645,563,1
645,577,1
645,914,1
312,1414,1
312,1252,1
312,1239,1
645,1122,1
312,1201,1
312,1077,1
645,1277,1
645,1278,1
645,1344,1
312,800,1
312,799,1
645,1391,1
642,1457,1
642,1300,1
642,1260,1
313,1847,1
640,703,1
640,790,1
313,1792,1
313,1777,1
640,938,1
313,1771,1
640,1161,1
313,1769,1
640,1359,1
313,1768,1
640,1577,1
313,1762,1
640,1673,1
640,1720,1
640,1724,1
640,1752,1
640,1753,1
640,1754,1
640,1766,1
313,1751,1
641,3,1
641,61,1
641,236,1
313,1809,1
313,1880,1
641,286,1
313,1884,1
639,1575,1
639,1576,1
314,230,1
639,1752,1
639,1753,1
639,1754,1
639,1766,1
639,1949,1
313,1892,1
640,254,1
640,287,1
640,288,1
640,289,1
640,291,1
640,292,1
640,293,1
640,356,1
640,419,1
640,460,1
640,466,1
640,489,1
640,545,1
640,555,1
641,269,1
641,287,1
642,1259,1
641,1665,1
313,1605,1
313,1592,1
313,1332,1
313,1238,1
642,338,1
313,1237,1
642,512,1
313,1150,1
313,988,1
642,556,1
642,578,1
313,964,1
313,529,1
313,380,1
642,932,1
642,933,1
642,935,1
642,947,1
312,1890,1
642,1096,1
312,1833,1
312,1813,1
642,1244,1
641,1721,1
641,1579,1
641,288,1
641,1562,1
641,289,1
641,290,1
641,291,1
641,292,1
641,293,1
641,317,1
641,364,1
641,365,1
641,436,1
641,460,1
641,467,1
313,1736,1
641,552,1
641,568,1
641,581,1
641,586,1
641,960,1
641,1030,1
313,1733,1
641,1171,1
641,1199,1
641,1417,1
641,1501,1
646,1279,1
312,60,1
654,1591,1
310,1771,1
651,1253,1
651,1255,1
651,1312,1
651,1512,1
651,1649,1
651,1655,1
651,1758,1
651,1759,1
651,1797,1
651,1904,1
652,230,1
652,375,1
311,1999,1
652,456,1
652,459,1
652,593,1
310,1769,1
310,1768,1
652,740,1
652,771,1
652,779,1
652,783,1
310,1767,1
652,1166,1
651,1234,1
651,1221,1
310,1774,1
651,1038,1
650,1231,1
650,1252,1
310,1978,1
650,1511,1
650,1564,1
650,1797,1
650,1812,1
650,1889,1
650,1966,1
650,1968,1
310,1925,1
651,231,1
310,1923,1
651,429,1
651,460,1
310,1793,1
651,554,1
651,571,1
651,679,1
651,741,1
651,936,1
310,1791,1
310,1788,1
310,1752,1
652,1223,1
652,1227,1
310,1378,1
310,1252,1
653,1334,1
310,1250,1
653,1499,1
653,1524,1
653,1538,1
653,1565,1
653,1586,1
310,1230,1
653,1775,1
653,1796,1
653,1964,1
654,268,1
654,453,1
654,576,1
654,1151,1
654,1160,1
310,1191,1
310,1167,1
654,1313,1
654,1353,1
654,1457,1
654,1525,1
310,1253,1
653,1227,1
652,1337,1
310,1547,1
652,1347,1
652,1360,1
652,1383,1
652,1564,1
652,1566,1
310,1749,1
652,1787,1
652,1826,1
652,1904,1
652,1997,1
653,29,1
310,1727,1
310,1725,1
653,354,1
310,1720,1
653,587,1
310,1713,1
653,675,1
310,1652,1
653,743,1
653,770,1
653,840,1
310,1620,1
650,1088,1
650,1026,1
310,1984,1
311,1800,1
647,1014,1
647,1067,1
647,1251,1
311,1793,1
311,1789,1
647,1384,1
647,1573,1
647,1690,1
311,1777,1
647,1796,1
648,217,1
648,225,1
311,1755,1
311,1744,1
311,1741,1
311,1740,1
648,416,1
648,467,1
648,468,1
311,1730,1
311,1717,1
648,889,1
648,936,1
647,1001,1
647,995,1
648,1016,1
311,1807,1
646,1525,1
311,1998,1
646,1724,1
646,1740,1
646,1742,1
646,1795,1
311,1994,1
646,1815,1
646,1894,1
646,1965,1
646,1967,1
647,188,1
311,1986,1
647,406,1
647,415,1
647,416,1
647,446,1
647,570,1
647,587,1
647,714,1
647,721,1
647,802,1
311,1875,1
648,982,1
311,1716,1
650,921,1
649,1234,1
649,1265,1
649,1300,1
649,1324,1
649,1359,1
649,1565,1
649,1776,1
311,1173,1
649,1796,1
649,1797,1
650,10,1
650,36,1
311,1168,1
650,335,1
311,1077,1
650,468,1
650,469,1
650,501,1
650,587,1
650,678,1
310,1988,1
650,728,1
650,759,1
650,774,1
649,1251,1
311,1175,1
648,1250,1
649,1134,1
311,1711,1
648,1693,1
648,1726,1
648,1727,1
648,1796,1
311,1291,1
649,36,1
311,1252,1
311,1244,1
311,1199,1
649,442,1
311,1180,1
649,469,1
649,475,1
649,565,1
649,569,1
649,570,1
649,677,1
649,678,1
649,681,1
649,682,1
649,962,1
649,1025,1
322,1031,1
614,1137,1
669,1778,1
333,1612,1
576,1341,1
576,1394,1
333,1689,1
333,1634,1
333,1627,1
576,1511,1
576,1515,1
576,1749,1
576,1762,1
576,1951,1
333,1614,1
577,480,1
333,1770,1
333,1338,1
577,783,1
333,1286,1
577,839,1
577,1054,1
333,1246,1
333,1177,1
577,1060,1
577,1063,1
577,1205,1
577,1228,1
576,1340,1
576,1338,1
576,1336,1
576,1322,1
576,1265,1
333,1769,1
333,1767,1
576,1270,1
333,1766,1
333,1765,1
333,1764,1
333,1762,1
333,1757,1
576,1278,1
576,1281,1
576,1283,1
333,1753,1
333,1751,1
333,1739,1
576,1295,1
576,1298,1
576,1308,1
576,1310,1
576,1311,1
333,1725,1
333,1706,1
576,1319,1
333,777,1
333,517,1
577,1260,1
332,1769,1
577,1335,1
577,1342,1
577,1517,1
577,1520,1
577,1781,1
577,1897,1
578,247,1
332,1767,1
578,546,1
578,597,1
578,1054,1
578,1055,1
332,1764,1
578,1059,1
578,1060,1
578,1200,1
578,1205,1
332,1761,1
332,1757,1
332,1750,1
332,1741,1
578,1246,1
332,1736,1
577,1334,1
332,1771,1
577,1261,1
332,1772,1
577,1265,1
577,1267,1
333,497,1
333,253,1
332,1919,1
332,1846,1
332,1799,1
332,1793,1
332,1787,1
577,1277,1
332,1785,1
332,1783,1
577,1281,1
332,1781,1
577,1285,1
332,1778,1
577,1296,1
332,1777,1
332,1776,1
332,1775,1
332,1774,1
332,1773,1
577,1318,1
576,1263,1
576,1250,1
614,1136,1
575,438,1
574,1518,1
574,1736,1
574,1786,1
574,1796,1
574,1797,1
574,1798,1
574,1829,1
574,1844,1
334,502,1
575,147,1
575,425,1
575,469,1
576,1242,1
575,534,1
575,541,1
334,330,1
334,328,1
575,545,1
334,284,1
334,253,1
575,1014,1
334,65,1
575,1112,1
575,1113,1
574,1504,1
574,1447,1
574,1445,1
574,1339,1
574,578,1
574,1115,1
574,1167,1
574,1233,1
574,1240,1
334,1687,1
334,1613,1
574,1259,1
574,1261,1
574,1264,1
574,1265,1
574,1273,1
574,1276,1
334,1201,1
334,1025,1
574,1296,1
574,1310,1
574,1311,1
334,712,1
574,1315,1
574,1320,1
574,1322,1
334,616,1
575,1114,1
575,1115,1
575,1121,1
575,1312,1
575,1314,1
575,1317,1
575,1318,1
575,1320,1
575,1325,1
575,1340,1
333,1783,1
575,1623,1
333,1780,1
575,1780,1
575,1781,1
575,1822,1
333,1778,1
575,1843,1
576,147,1
333,1776,1
576,555,1
576,609,1
576,776,1
576,1205,1
333,1775,1
333,1774,1
333,1773,1
575,1313,1
575,1311,1
575,1126,1
575,1310,1
575,1205,1
334,49,1
333,1964,1
333,1919,1
575,1259,1
333,1818,1
575,1261,1
575,1263,1
575,1265,1
575,1266,1
575,1270,1
575,1272,1
575,1273,1
575,1274,1
333,1812,1
575,1279,1
333,1805,1
333,1803,1
575,1289,1
575,1293,1
333,1794,1
575,1307,1
575,1309,1
578,1258,1
578,1264,1
578,1266,1
330,1770,1
330,1784,1
330,1779,1
581,1265,1
330,1778,1
330,1777,1
581,1271,1
330,1776,1
330,1774,1
330,1772,1
330,1771,1
581,1277,1
330,1769,1
332,1697,1
330,1768,1
330,1762,1
330,1759,1
581,1296,1
330,1758,1
581,1311,1
581,1313,1
581,1315,1
581,1317,1
581,1326,1
581,1333,1
330,1789,1
330,1791,1
581,1241,1
330,1795,1
331,440,1
580,1296,1
331,162,1
580,1299,1
580,1312,1
580,1316,1
580,1332,1
580,1334,1
580,1341,1
580,1518,1
580,1521,1
580,1778,1
580,1782,1
580,1793,1
330,1909,1
330,1859,1
330,1849,1
581,925,1
581,1056,1
581,1141,1
330,1824,1
330,1814,1
330,1798,1
581,1341,1
581,1350,1
330,1754,1
582,1321,1
582,1325,1
330,528,1
582,1332,1
582,1333,1
582,1336,1
582,1339,1
582,1341,1
582,1730,1
582,1742,1
582,1779,1
582,1780,1
583,17,1
583,58,1
583,303,1
330,290,1
329,1881,1
583,325,1
583,543,1
583,809,1
583,1057,1
583,1063,1
329,1807,1
583,1230,1
582,1323,1
582,1314,1
581,1821,1
330,590,1
330,1753,1
582,546,1
582,925,1
330,1749,1
582,1063,1
582,1064,1
330,1747,1
330,1743,1
582,1248,1
330,1738,1
582,1258,1
582,1266,1
330,1733,1
330,1719,1
330,1709,1
330,1634,1
330,1574,1
330,1475,1
582,1280,1
582,1285,1
330,663,1
582,1311,1
582,1312,1
580,1293,1
331,583,1
331,882,1
578,1774,1
578,1827,1
579,569,1
331,1839,1
331,1833,1
579,1055,1
579,1060,1
579,1194,1
331,1808,1
579,1244,1
579,1245,1
579,1248,1
579,1250,1
579,1253,1
579,1259,1
579,1260,1
579,1262,1
331,1791,1
579,1266,1
579,1267,1
331,1787,1
331,1785,1
331,1782,1
331,1778,1
578,1781,1
578,1747,1
579,1276,1
578,1517,1
332,1687,1
332,1634,1
332,1613,1
332,1274,1
332,1237,1
332,1198,1
332,1187,1
578,1278,1
578,1280,1
578,1282,1
578,1284,1
578,1285,1
332,673,1
332,514,1
332,384,1
332,328,1
578,1317,1
578,1333,1
578,1336,1
578,1340,1
578,1432,1
331,1887,1
578,1505,1
331,1777,1
331,1775,1
331,1126,1
331,1742,1
331,1736,1
331,1735,1
580,1055,1
580,1056,1
331,1728,1
580,1195,1
580,1224,1
331,1725,1
331,1690,1
331,1634,1
331,1625,1
580,1263,1
580,1267,1
580,1268,1
331,1620,1
331,1496,1
331,1485,1
331,1330,1
331,1262,1
331,1214,1
580,1277,1
331,1127,1
580,1282,1
580,767,1
579,1997,1
331,1774,1
579,1965,1
331,1773,1
331,1771,1
579,1288,1
579,1289,1
331,1769,1
331,1768,1
579,1299,1
579,1308,1
579,1310,1
579,1311,1
331,1767,1
579,1313,1
579,1314,1
579,1316,1
579,1341,1
579,1517,1
579,1518,1
579,1521,1
331,1758,1
331,1746,1
579,1811,1
579,1819,1
579,1822,1
334,1756,1
334,1762,1
574,534,1
567,1287,1
567,1272,1
336,1764,1
336,1763,1
567,1276,1
567,1277,1
336,1762,1
336,1761,1
336,1759,1
567,1282,1
567,1283,1
567,1285,1
567,1288,1
569,457,1
336,1758,1
336,1757,1
567,1308,1
567,1309,1
567,1311,1
567,1312,1
567,1313,1
336,1755,1
567,1337,1
567,1342,1
567,1362,1
336,1765,1
567,1270,1
567,1269,1
567,1268,1
567,719,1
336,1774,1
567,882,1
567,1057,1
567,1058,1
567,1059,1
567,1060,1
567,1067,1
567,1155,1
336,1773,1
567,1234,1
567,1235,1
336,1772,1
567,1254,1
567,1255,1
567,1257,1
336,1770,1
336,1768,1
567,1261,1
567,1262,1
567,1263,1
567,1264,1
336,1766,1
567,1455,1
567,1743,1
567,1799,1
568,1271,1
568,1275,1
336,650,1
568,1280,1
568,1281,1
568,1298,1
568,1301,1
336,641,1
568,1308,1
568,1309,1
336,623,1
568,1312,1
568,1326,1
568,1338,1
568,1339,1
568,1387,1
568,1389,1
568,1391,1
568,1396,1
568,1502,1
568,1831,1
568,1869,1
569,141,1
569,354,1
568,1274,1
336,1201,1
336,1750,1
568,1263,1
568,194,1
568,325,1
336,1745,1
336,1736,1
568,537,1
568,540,1
336,1724,1
568,1057,1
336,1721,1
568,1059,1
568,1060,1
568,1067,1
568,1118,1
568,1239,1
336,1713,1
568,1244,1
336,1710,1
336,1671,1
336,1647,1
336,1613,1
336,1465,1
336,1338,1
336,1264,1
567,691,1
336,1775,1
567,536,1
565,1502,1
337,1716,1
565,1788,1
565,1910,1
565,1911,1
566,470,1
566,522,1
566,529,1
566,540,1
337,1705,1
337,1696,1
566,1050,1
566,1063,1
566,1067,1
566,1080,1
566,1145,1
566,1187,1
337,1693,1
337,1678,1
337,1665,1
337,1658,1
566,1243,1
337,1647,1
566,1251,1
565,1758,1
565,1501,1
337,1096,1
337,1737,1
337,1764,1
565,1286,1
565,1287,1
565,1289,1
337,1763,1
337,1760,1
337,1757,1
565,1295,1
337,1756,1
565,1303,1
337,1755,1
337,1754,1
337,1753,1
565,1311,1
337,1752,1
565,1315,1
565,1316,1
337,1751,1
337,1748,1
565,1335,1
565,1337,1
565,1358,1
337,1745,1
337,1492,1
566,1255,1
567,535,1
566,1308,1
566,1312,1
336,1792,1
566,1318,1
566,1322,1
566,1331,1
566,1333,1
566,1338,1
566,1348,1
336,1790,1
336,1789,1
336,1785,1
336,1784,1
566,1783,1
336,1781,1
336,1779,1
566,1827,1
566,1844,1
566,1912,1
567,365,1
336,1777,1
336,1776,1
567,462,1
567,534,1
566,1309,1
566,1307,1
566,1257,1
566,1299,1
566,1259,1
337,534,1
337,409,1
337,375,1
566,1265,1
337,173,1
566,1270,1
336,1850,1
566,1272,1
566,1273,1
566,1274,1
566,1275,1
336,1826,1
336,1801,1
336,1800,1
336,1799,1
336,1794,1
566,1283,1
336,1793,1
566,1285,1
566,1287,1
566,1289,1
566,1290,1
569,456,1
569,480,1
573,1990,1
572,1237,1
572,586,1
572,600,1
572,605,1
572,698,1
572,837,1
572,1053,1
572,1061,1
572,1220,1
335,519,1
335,140,1
335,78,1
335,64,1
569,490,1
572,1251,1
334,1883,1
572,1253,1
572,1258,1
572,1259,1
572,1263,1
334,1882,1
572,1274,1
572,1287,1
334,1823,1
572,1293,1
572,523,1
572,478,1
572,477,1
572,461,1
335,804,1
571,1284,1
571,1295,1
571,1306,1
571,1310,1
335,699,1
571,1315,1
571,1316,1
571,1317,1
571,1333,1
571,1340,1
571,1483,1
571,1502,1
571,1503,1
571,1504,1
571,1723,1
571,1724,1
571,1726,1
571,1781,1
571,1819,1
571,1956,1
572,159,1
572,460,1
572,1294,1
572,1295,1
572,1298,1
334,1777,1
573,1260,1
573,1265,1
573,1268,1
573,1272,1
573,1275,1
334,1775,1
573,1279,1
334,1774,1
334,1770,1
334,1769,1
334,1765,1
573,1317,1
573,1318,1
573,1321,1
573,1323,1
573,1338,1
573,1340,1
573,1503,1
573,1505,1
573,1735,1
334,1764,1
573,1836,1
573,1843,1
334,1776,1
334,1780,1
334,1814,1
573,1062,1
334,1801,1
334,1800,1
572,1310,1
572,1311,1
334,1797,1
572,1318,1
572,1319,1
572,1329,1
572,1333,1
572,1335,1
572,1336,1
572,1349,1
572,1488,1
334,1795,1
572,1503,1
572,1504,1
334,1792,1
573,360,1
334,1790,1
573,460,1
573,581,1
334,1788,1
573,753,1
571,1279,1
335,1051,1
571,1270,1
335,1778,1
569,1308,1
335,1777,1
569,1312,1
569,1313,1
569,1323,1
569,1331,1
335,1776,1
335,1775,1
569,1689,1
569,1743,1
569,1758,1
335,1774,1
569,1831,1
569,1934,1
570,477,1
570,487,1
570,495,1
570,540,1
570,618,1
335,1773,1
570,1028,1
570,1073,1
570,1118,1
569,1307,1
335,1782,1
570,1240,1
335,1786,1
336,563,1
336,534,1
569,1057,1
569,1058,1
569,1059,1
336,494,1
336,139,1
569,1164,1
336,123,1
569,1250,1
335,1847,1
569,1257,1
569,1260,1
335,1811,1
335,1800,1
335,1793,1
335,1791,1
569,1269,1
335,1790,1
569,1282,1
335,1789,1
335,1788,1
569,1293,1
335,1771,1
570,1246,1
335,1098,1
335,1678,1
571,109,1
335,1625,1
571,460,1
571,469,1
571,477,1
571,526,1
335,1493,1
571,825,1
571,1019,1
571,1049,1
571,1061,1
571,1080,1
571,1087,1
571,1120,1
571,1205,1
335,1492,1
335,1485,1
571,1243,1
335,1338,1
571,1254,1
571,1256,1
335,1215,1
571,1261,1
570,1831,1
335,1702,1
335,1768,1
570,1503,1
570,1260,1
570,1274,1
335,1766,1
335,1764,1
570,1293,1
570,1296,1
570,1298,1
335,1763,1
570,1302,1
335,1757,1
570,1312,1
570,1316,1
570,1317,1
570,1319,1
335,1743,1
570,1330,1
570,1332,1
570,1337,1
570,1339,1
570,1340,1
570,1428,1
335,1724,1
335,1713,1
329,1803,1
583,1249,1
329,1798,1
324,1803,1
601,589,1
601,597,1
601,601,1
324,1873,1
601,618,1
601,619,1
601,620,1
324,1850,1
324,1846,1
324,1825,1
324,1818,1
324,1793,1
605,201,1
324,1791,1
601,740,1
601,1169,1
601,1542,1
601,1734,1
324,1782,1
601,1971,1
601,1987,1
602,167,1
602,204,1
602,451,1
601,588,1
324,1882,1
324,1947,1
601,455,1
600,714,1
600,715,1
600,716,1
600,717,1
600,811,1
325,286,1
600,871,1
600,930,1
600,1164,1
600,1172,1
600,1182,1
325,284,1
325,77,1
325,36,1
600,1276,1
325,34,1
600,1455,1
600,1657,1
600,1954,1
600,1988,1
600,1991,1
601,116,1
601,271,1
324,1781,1
324,1775,1
602,625,1
603,1498,1
603,1733,1
603,1982,1
324,1751,1
324,1746,1
324,1736,1
604,481,1
604,589,1
324,1726,1
604,731,1
604,779,1
604,1096,1
604,1147,1
604,1182,1
604,1201,1
604,1475,1
604,1494,1
604,1495,1
604,1757,1
604,1820,1
604,1985,1
605,2,1
605,115,1
605,155,1
603,1658,1
603,1394,1
602,715,1
603,1298,1
602,717,1
602,737,1
602,1016,1
602,1017,1
324,1771,1
602,1129,1
602,1164,1
602,1268,1
602,1455,1
602,1458,1
602,1507,1
602,1734,1
324,1765,1
602,1983,1
324,1759,1
603,547,1
603,594,1
603,597,1
603,753,1
603,844,1
603,890,1
603,1129,1
324,1753,1
325,532,1
325,534,1
600,608,1
598,523,1
598,547,1
598,549,1
325,1812,1
598,713,1
325,1806,1
598,716,1
598,717,1
598,728,1
598,870,1
325,1799,1
598,894,1
598,923,1
598,1170,1
598,1211,1
325,1793,1
598,1214,1
325,1789,1
325,1787,1
598,1269,1
598,1270,1
598,1271,1
325,1786,1
598,1273,1
325,1843,1
598,520,1
325,1777,1
325,1849,1
326,1495,1
597,717,1
597,774,1
326,1332,1
326,1250,1
597,888,1
326,1219,1
326,1030,1
326,995,1
597,1267,1
326,662,1
597,1295,1
597,1297,1
597,1299,1
597,1490,1
597,1609,1
597,1710,1
597,1954,1
597,1987,1
598,457,1
326,65,1
326,34,1
598,515,1
598,1274,1
325,1763,1
600,586,1
599,520,1
599,597,1
325,1734,1
325,1731,1
599,715,1
599,775,1
599,881,1
599,1119,1
599,1210,1
325,1623,1
599,1238,1
325,1621,1
325,1315,1
599,1276,1
325,1188,1
325,1030,1
599,1300,1
599,1396,1
599,1590,1
599,1801,1
600,22,1
600,459,1
600,518,1
325,612,1
599,533,1
599,517,1
325,1760,1
325,1739,1
598,1281,1
598,1284,1
598,1288,1
598,1290,1
598,1291,1
598,1292,1
598,1293,1
325,1759,1
598,1295,1
598,1296,1
598,1298,1
325,1757,1
598,1340,1
325,1748,1
598,1840,1
598,1954,1
598,1971,1
599,458,1
599,466,1
599,467,1
599,503,1
599,510,1
325,1741,1
605,198,1
605,271,1
326,1570,1
612,457,1
322,1771,1
611,1410,1
322,1766,1
611,1585,1
611,1679,1
322,1765,1
322,1762,1
612,9,1
322,1754,1
322,1753,1
322,1745,1
612,465,1
324,1724,1
612,482,1
612,546,1
612,548,1
322,1741,1
612,782,1
612,1128,1
612,1130,1
612,1132,1
612,1134,1
612,1135,1
612,1136,1
611,1181,1
611,1135,1
611,1134,1
611,1001,1
323,178,1
323,47,1
610,1393,1
322,1882,1
322,1821,1
610,1429,1
610,1501,1
610,1568,1
610,1597,1
610,1619,1
322,1816,1
611,216,1
322,1808,1
322,1800,1
322,1792,1
322,1787,1
322,1776,1
611,457,1
611,483,1
611,548,1
611,624,1
611,810,1
611,836,1
612,1235,1
322,1740,1
612,1310,1
613,1397,1
613,1454,1
613,1591,1
322,1632,1
613,1916,1
614,8,1
614,9,1
614,199,1
614,420,1
322,1631,1
322,1315,1
614,460,1
614,475,1
614,836,1
322,1093,1
614,905,1
614,1087,1
614,1127,1
614,1130,1
614,1131,1
614,1132,1
614,1133,1
614,1134,1
614,1135,1
322,1694,1
613,1395,1
612,1392,1
613,1208,1
612,1393,1
612,1397,1
322,1738,1
322,1735,1
612,1427,1
612,1571,1
612,1588,1
612,1589,1
322,1734,1
612,1826,1
612,1968,1
613,204,1
322,1710,1
322,1703,1
613,452,1
322,1699,1
613,465,1
613,1130,1
613,1131,1
613,1133,1
613,1135,1
613,1136,1
613,1137,1
610,1193,1
610,1192,1
610,1134,1
606,1822,1
606,1999,1
324,265,1
607,18,1
607,91,1
323,1922,1
323,1866,1
323,1810,1
607,444,1
607,883,1
607,884,1
607,940,1
607,1158,1
607,1205,1
323,1789,1
607,1286,1
323,1783,1
607,1609,1
607,1866,1
608,213,1
608,220,1
323,1768,1
323,1761,1
608,621,1
606,1838,1
606,1608,1
608,774,1
606,1414,1
605,437,1
324,1716,1
605,731,1
605,732,1
324,1689,1
324,1679,1
324,1315,1
324,1219,1
324,1030,1
605,1838,1
606,114,1
606,155,1
324,1019,1
324,779,1
324,641,1
324,536,1
606,789,1
324,535,1
324,534,1
606,939,1
606,1129,1
606,1235,1
606,1285,1
608,745,1
608,1068,1
610,1128,1
609,928,1
609,1219,1
609,1303,1
323,973,1
323,750,1
323,532,1
323,418,1
609,1566,1
609,1609,1
609,1656,1
609,1913,1
609,1934,1
323,392,1
609,1985,1
610,119,1
610,219,1
610,419,1
610,462,1
323,275,1
610,624,1
323,263,1
610,780,1
323,262,1
610,838,1
609,1125,1
323,984,1
608,1126,1
609,909,1
608,1183,1
323,1743,1
608,1287,1
323,1739,1
608,1463,1
608,1471,1
608,1566,1
608,1608,1
608,1609,1
608,1640,1
608,1782,1
608,1974,1
609,217,1
609,218,1
609,219,1
609,220,1
323,1730,1
323,1713,1
323,1317,1
323,1316,1
609,456,1
609,627,1
323,1315,1
597,514,1
597,440,1
583,1265,1
587,1282,1
587,1169,1
328,1872,1
328,1871,1
328,1858,1
328,1843,1
328,1840,1
328,1817,1
587,1260,1
587,1273,1
587,1275,1
587,1280,1
328,1798,1
589,1314,1
328,1790,1
587,1300,1
328,1788,1
587,1309,1
587,1310,1
328,1783,1
587,1312,1
587,1325,1
587,1336,1
587,1337,1
587,1338,1
587,1158,1
587,1058,1
587,1057,1
587,1056,1
586,1274,1
329,1023,1
586,1310,1
586,1311,1
586,1312,1
586,1320,1
586,1322,1
586,1326,1
586,1328,1
586,1331,1
329,1014,1
586,1335,1
586,1394,1
586,1560,1
586,1781,1
586,1854,1
329,642,1
329,505,1
329,289,1
329,52,1
587,962,1
329,47,1
587,986,1
587,1390,1
328,1781,1
328,1780,1
588,1841,1
588,1965,1
589,240,1
589,686,1
589,735,1
589,744,1
589,768,1
589,770,1
328,1723,1
589,1057,1
589,1080,1
589,1082,1
589,1170,1
589,1211,1
328,1719,1
328,1718,1
589,1277,1
328,1633,1
328,1629,1
589,1282,1
589,1296,1
328,1613,1
328,1562,1
328,1556,1
588,1963,1
328,1740,1
587,1511,1
588,1326,1
587,1791,1
588,144,1
328,1776,1
588,1056,1
588,1070,1
588,1082,1
588,1149,1
588,1169,1
328,1775,1
588,1215,1
588,1223,1
328,1773,1
328,1769,1
328,1768,1
588,1273,1
328,1756,1
328,1750,1
328,1749,1
588,1295,1
588,1307,1
328,1746,1
328,1745,1
588,1325,1
586,1272,1
586,1270,1
329,1028,1
329,1774,1
329,1773,1
584,530,1
329,1771,1
584,1082,1
329,1770,1
329,1768,1
329,1767,1
329,1766,1
584,1267,1
584,1268,1
584,1269,1
584,1271,1
329,1765,1
329,1762,1
584,1278,1
584,1282,1
584,1287,1
584,1289,1
584,1292,1
584,1293,1
329,1753,1
584,1299,1
329,1749,1
584,325,1
329,1775,1
584,1309,1
584,304,1
583,1269,1
583,1270,1
583,1273,1
329,1791,1
583,1275,1
583,1277,1
583,1288,1
329,1789,1
329,1787,1
329,1785,1
583,1310,1
329,1782,1
583,1312,1
583,1313,1
583,1316,1
583,1319,1
583,1322,1
583,1350,1
583,1520,1
329,1778,1
583,1778,1
583,1843,1
584,71,1
329,1748,1
584,1311,1
329,1032,1
585,1282,1
329,1712,1
329,1677,1
585,1309,1
329,1634,1
329,1574,1
585,1315,1
585,1325,1
329,1474,1
585,1351,1
329,1431,1
585,1775,1
585,1779,1
585,1785,1
585,1815,1
585,1931,1
585,1944,1
329,1417,1
586,905,1
586,1053,1
586,1057,1
586,1221,1
329,1313,1
586,1240,1
329,1714,1
585,1271,1
584,1313,1
585,1268,1
584,1321,1
584,1322,1
584,1327,1
584,1330,1
584,1333,1
329,1745,1
584,1511,1
584,1777,1
584,1820,1
584,1824,1
584,1846,1
585,556,1
585,602,1
585,610,1
329,1742,1
585,954,1
585,963,1
585,1056,1
585,1088,1
585,1191,1
329,1737,1
329,1718,1
585,1250,1
589,1313,1
589,1319,1
326,1620,1
594,1313,1
594,767,1
327,65,1
327,34,1
594,1219,1
594,1261,1
594,1301,1
594,1303,1
326,1859,1
326,1801,1
326,1788,1
594,1310,1
326,1776,1
589,1321,1
594,1455,1
594,1457,1
594,1458,1
594,1571,1
594,1603,1
594,1609,1
595,114,1
595,203,1
326,1774,1
595,436,1
595,437,1
594,697,1
327,613,1
594,512,1
594,471,1
327,1634,1
593,776,1
327,1251,1
327,1173,1
327,1123,1
593,1294,1
593,1305,1
327,1027,1
593,1308,1
327,1008,1
593,1312,1
327,778,1
593,1316,1
593,1341,1
593,1473,1
593,1609,1
593,1637,1
593,1638,1
593,1886,1
327,680,1
594,434,1
594,438,1
594,439,1
595,514,1
326,1773,1
326,1771,1
596,323,1
596,439,1
596,463,1
596,511,1
596,512,1
326,1741,1
326,1737,1
596,516,1
596,555,1
326,1719,1
326,1700,1
326,1668,1
596,1265,1
596,1266,1
326,1633,1
596,1299,1
326,1632,1
596,1301,1
596,1311,1
596,1318,1
596,1343,1
596,1463,1
596,1609,1
596,1610,1
596,436,1
596,55,1
595,639,1
595,1944,1
595,717,1
595,718,1
326,1769,1
326,1765,1
595,1139,1
595,1211,1
326,1760,1
595,1263,1
595,1275,1
326,1758,1
595,1284,1
595,1302,1
326,1755,1
326,1754,1
326,1752,1
326,1750,1
326,1745,1
595,1340,1
595,1456,1
595,1550,1
595,1601,1
595,1609,1
595,1610,1
593,757,1
593,536,1
327,1675,1
328,502,1
328,65,1
328,57,1
327,1834,1
327,1833,1
327,1830,1
590,1256,1
327,1826,1
327,1813,1
327,1808,1
590,1291,1
590,1306,1
327,1791,1
327,1787,1
327,1785,1
590,1312,1
590,1315,1
590,1318,1
590,1322,1
590,1323,1
590,1341,1
590,1381,1
590,1504,1
590,1638,1
328,287,1
328,723,1
590,1928,1
328,1008,1
589,1322,1
589,1326,1
589,1332,1
589,1333,1
589,1334,1
589,1335,1
589,1336,1
589,1337,1
589,1339,1
328,1400,1
589,1469,1
328,1314,1
328,1196,1
589,1982,1
589,1985,1
590,72,1
328,1170,1
590,240,1
590,315,1
590,430,1
590,772,1
590,1065,1
590,1083,1
590,1716,1
590,1965,1
327,1691,1
592,552,1
592,1104,1
592,1145,1
327,1744,1
592,1217,1
327,1732,1
592,1258,1
592,1261,1
592,1277,1
592,1293,1
592,1306,1
327,1725,1
327,1700,1
592,1313,1
592,1324,1
592,1497,1
592,1736,1
592,1842,1
592,1982,1
592,1991,1
593,262,1
593,263,1
593,423,1
593,434,1
327,1754,1
327,1766,1
590,1966,1
592,474,1
591,111,1
591,150,1
327,1780,1
327,1776,1
591,613,1
327,1775,1
591,739,1
591,790,1
591,1135,1
591,1217,1
591,1257,1
591,1286,1
591,1307,1
327,1774,1
327,1773,1
591,1310,1
591,1314,1
327,1772,1
591,1521,1
591,1638,1
592,70,1
592,263,1
592,441,1
669,1776,1
669,1901,1
1302,693,1
743,677,1
267,1836,1
267,1824,1
267,1756,1
267,1689,1
267,1680,1
267,1210,1
267,1083,1
267,1077,1
743,635,1
743,649,1
743,652,1
743,680,1
741,1573,1
743,697,1
267,952,1
267,899,1
743,1124,1
743,1155,1
267,724,1
743,1248,1
743,1289,1
267,720,1
267,697,1
743,1444,1
743,419,1
743,96,1
743,95,1
743,94,1
268,655,1
741,1669,1
741,1755,1
741,1756,1
741,1821,1
741,1947,1
742,245,1
742,449,1
742,602,1
742,610,1
742,855,1
742,956,1
267,1859,1
742,1230,1
267,1850,1
742,1441,1
742,1552,1
742,1645,1
742,1656,1
742,1679,1
742,1682,1
742,1948,1
743,51,1
743,1455,1
743,1470,1
743,1474,1
745,218,1
745,435,1
745,437,1
745,438,1
266,1834,1
745,510,1
266,1766,1
266,1763,1
745,570,1
745,635,1
266,1712,1
266,1082,1
266,1080,1
745,774,1
745,785,1
266,1076,1
745,836,1
745,1052,1
745,1126,1
266,1075,1
745,1205,1
745,1313,1
745,1361,1
745,1379,1
745,419,1
745,94,1
743,1476,1
745,16,1
743,1551,1
743,1669,1
267,671,1
743,1986,1
744,46,1
744,94,1
744,96,1
744,418,1
267,668,1
744,635,1
744,647,1
267,656,1
267,652,1
266,1881,1
266,1844,1
744,1366,1
744,1451,1
744,1469,1
744,1470,1
744,1472,1
744,1475,1
744,1476,1
744,1965,1
741,1617,1
741,1570,1
281,1758,1
739,1028,1
270,959,1
270,957,1
739,501,1
270,694,1
270,677,1
739,678,1
270,383,1
270,339,1
739,776,1
739,837,1
739,1011,1
739,1067,1
741,1555,1
269,1886,1
739,1166,1
269,1773,1
269,1767,1
739,1535,1
739,1679,1
739,1681,1
269,1751,1
269,1702,1
269,1514,1
739,1895,1
270,1092,1
739,406,1
270,1206,1
270,1510,1
270,1787,1
738,572,1
738,706,1
270,1772,1
270,1744,1
270,1735,1
270,1715,1
738,1086,1
738,1109,1
738,1197,1
738,1210,1
738,1254,1
738,1278,1
738,1440,1
738,1443,1
738,1447,1
738,1615,1
738,1647,1
270,1697,1
738,1681,1
738,1682,1
738,1779,1
738,1941,1
269,1493,1
740,232,1
740,234,1
740,1681,1
268,1712,1
740,1941,1
741,247,1
741,355,1
268,1694,1
268,1224,1
741,570,1
741,571,1
268,1084,1
741,722,1
268,1075,1
268,899,1
268,676,1
268,671,1
741,792,1
741,858,1
741,993,1
741,1080,1
741,1186,1
741,1440,1
741,1452,1
741,1524,1
741,1538,1
740,1795,1
740,1646,1
740,250,1
740,1585,1
740,419,1
740,489,1
269,1225,1
269,1081,1
740,496,1
269,1038,1
740,511,1
740,570,1
740,654,1
269,778,1
269,774,1
268,1951,1
268,1739,1
740,857,1
740,1081,1
740,1123,1
740,1206,1
740,1212,1
740,1248,1
740,1443,1
740,1452,1
740,1572,1
740,1574,1
745,1452,1
745,1669,1
745,1960,1
263,1937,1
264,538,1
752,497,1
264,503,1
264,439,1
752,500,1
752,501,1
752,502,1
752,504,1
752,505,1
752,506,1
752,507,1
752,566,1
746,122,1
752,675,1
752,719,1
752,897,1
752,1020,1
263,1851,1
263,1850,1
263,1848,1
752,1112,1
752,1195,1
263,1757,1
752,1375,1
752,495,1
752,494,1
752,493,1
752,491,1
264,1508,1
264,1333,1
264,1169,1
264,1153,1
264,1023,1
751,510,1
264,762,1
751,567,1
264,656,1
751,797,1
264,655,1
264,574,1
751,1141,1
751,1239,1
751,1451,1
751,1474,1
751,1543,1
751,1768,1
751,1970,1
752,121,1
752,439,1
752,489,1
752,490,1
263,1706,1
752,1561,1
752,1578,1
754,1257,1
263,891,1
754,1669,1
754,1681,1
754,1752,1
755,341,1
755,437,1
755,646,1
755,737,1
263,390,1
755,1109,1
755,1116,1
755,1260,1
263,87,1
262,1982,1
755,1682,1
756,340,1
756,467,1
262,1932,1
756,745,1
262,1728,1
756,946,1
262,1697,1
756,1098,1
754,1452,1
754,1122,1
752,1755,1
754,1121,1
752,1768,1
753,81,1
753,473,1
263,1634,1
753,1121,1
753,1147,1
753,1275,1
753,1385,1
753,1439,1
753,1520,1
263,1633,1
753,1522,1
263,1624,1
263,1511,1
263,1509,1
263,1508,1
263,1507,1
263,1266,1
753,1827,1
263,1186,1
754,771,1
263,1141,1
754,1111,1
264,1509,1
750,1978,1
750,1914,1
747,3,1
266,651,1
747,487,1
747,747,1
747,908,1
747,1167,1
747,1180,1
747,1266,1
747,1361,1
266,635,1
747,1388,1
747,1389,1
747,1544,1
747,1944,1
748,29,1
748,273,1
266,16,1
265,1846,1
748,498,1
265,1822,1
748,551,1
748,567,1
265,1738,1
748,747,1
747,418,1
266,652,1
265,1679,1
746,1684,1
746,219,1
266,1074,1
266,985,1
266,704,1
266,687,1
746,512,1
266,672,1
746,654,1
266,665,1
266,664,1
746,912,1
746,1038,1
266,659,1
746,1053,1
746,1088,1
746,1126,1
746,1167,1
746,1186,1
746,1313,1
746,1442,1
746,1532,1
746,1545,1
746,1575,1
265,1693,1
748,1266,1
750,1689,1
749,1775,1
750,227,1
750,251,1
750,374,1
265,187,1
750,418,1
750,419,1
750,473,1
750,567,1
265,174,1
264,1972,1
264,1778,1
750,985,1
264,1754,1
750,1135,1
750,1141,1
750,1159,1
750,1169,1
750,1172,1
264,1711,1
264,1593,1
750,1299,1
750,1400,1
750,1681,1
749,1963,1
749,1542,1
748,1362,1
749,1449,1
748,1377,1
748,1390,1
748,1532,1
748,1542,1
748,1676,1
748,1678,1
265,1566,1
265,1077,1
265,1023,1
749,221,1
749,375,1
265,706,1
749,461,1
265,665,1
265,657,1
749,567,1
749,678,1
265,655,1
265,527,1
749,799,1
265,493,1
749,1180,1
749,1196,1
270,1788,1
270,1847,1
738,497,1
278,1151,1
278,1659,1
729,1155,1
278,1656,1
729,1401,1
729,1402,1
729,1644,1
729,1672,1
278,1647,1
729,1960,1
278,1494,1
278,1155,1
278,1131,1
276,1572,1
278,1092,1
730,226,1
278,1080,1
730,268,1
730,286,1
278,1079,1
278,989,1
730,499,1
278,961,1
278,910,1
278,898,1
278,1716,1
278,1754,1
278,1764,1
278,1780,1
279,1154,1
729,285,1
729,287,1
279,1152,1
279,1088,1
729,437,1
729,464,1
279,1080,1
279,988,1
279,724,1
729,490,1
279,597,1
729,495,1
729,496,1
729,498,1
279,517,1
279,53,1
729,602,1
729,658,1
278,1924,1
278,1799,1
729,707,1
278,1792,1
730,511,1
730,652,1
730,745,1
731,504,1
277,1572,1
731,735,1
277,1494,1
277,1493,1
277,1203,1
731,1085,1
731,1146,1
277,1077,1
731,1463,1
731,1524,1
277,501,1
731,1614,1
731,1669,1
731,1755,1
731,1984,1
731,1992,1
732,136,1
732,236,1
732,266,1
276,1957,1
276,1781,1
276,1761,1
276,1745,1
731,698,1
277,1657,1
730,870,1
277,1658,1
730,1167,1
730,1186,1
278,793,1
730,1245,1
730,1299,1
730,1543,1
278,501,1
730,1617,1
730,1624,1
730,1676,1
277,1835,1
277,1793,1
277,1759,1
277,1736,1
731,235,1
731,237,1
277,1712,1
731,440,1
731,471,1
277,1703,1
277,1681,1
277,1678,1
277,1659,1
279,1212,1
279,1386,1
729,151,1
281,78,1
280,1808,1
280,1791,1
280,1771,1
280,1739,1
280,1728,1
280,1723,1
280,1702,1
280,1575,1
280,1492,1
280,1490,1
280,1280,1
280,1150,1
280,1088,1
280,1057,1
280,1022,1
280,964,1
280,900,1
727,1231,1
727,1269,1
280,637,1
727,1321,1
727,1341,1
727,1343,1
280,1988,1
281,499,1
727,1448,1
727,455,1
281,1711,1
281,1575,1
281,1495,1
726,1124,1
726,1133,1
726,1169,1
726,1269,1
726,1448,1
726,1449,1
726,1451,1
726,1469,1
726,1639,1
726,1750,1
726,1762,1
726,1763,1
281,1412,1
727,135,1
281,1166,1
727,267,1
727,343,1
281,1124,1
727,434,1
281,1090,1
727,1358,1
727,1460,1
728,1882,1
728,728,1
728,766,1
728,800,1
728,828,1
279,1576,1
279,1573,1
728,1073,1
279,1491,1
728,1095,1
728,1175,1
728,1196,1
728,1269,1
728,1294,1
728,1343,1
728,1401,1
728,1402,1
279,1488,1
728,1443,1
728,1495,1
728,1575,1
728,1585,1
728,1626,1
728,1683,1
728,1763,1
279,1578,1
279,1642,1
727,1470,1
728,688,1
280,331,1
727,1543,1
727,1547,1
727,1672,1
727,1681,1
280,84,1
727,1762,1
279,1925,1
728,435,1
728,464,1
279,1924,1
728,489,1
728,492,1
728,496,1
279,1909,1
279,1850,1
279,1827,1
279,1792,1
279,1790,1
279,1780,1
728,520,1
279,1721,1
728,660,1
276,1716,1
276,1529,1
738,495,1
736,495,1
735,1483,1
735,1568,1
735,1574,1
272,1883,1
735,1599,1
735,1719,1
736,29,1
272,1856,1
272,1835,1
272,1809,1
272,1690,1
272,1417,1
732,508,1
272,1079,1
272,1026,1
272,947,1
272,716,1
272,715,1
736,767,1
736,1079,1
272,500,1
736,1187,1
736,1396,1
736,1440,1
735,1482,1
272,1903,1
735,1387,1
735,1369,1
735,480,1
735,494,1
273,1103,1
273,811,1
273,787,1
273,715,1
735,558,1
273,434,1
273,394,1
273,183,1
273,182,1
273,177,1
272,1958,1
735,772,1
272,1928,1
735,1123,1
735,1136,1
272,1924,1
272,1920,1
735,1242,1
735,1258,1
735,1277,1
735,1315,1
736,1447,1
272,494,1
272,403,1
737,762,1
737,863,1
737,864,1
271,1123,1
737,1109,1
737,1175,1
737,1259,1
737,1268,1
737,1443,1
271,961,1
737,1446,1
737,1496,1
737,1563,1
737,1590,1
737,1608,1
738,214,1
271,678,1
271,654,1
271,52,1
738,456,1
738,464,1
270,1948,1
738,474,1
270,1901,1
737,862,1
737,747,1
736,1624,1
271,1144,1
272,388,1
736,1633,1
736,1681,1
736,1704,1
272,384,1
736,1819,1
736,1978,1
737,213,1
737,255,1
272,181,1
272,19,1
271,1833,1
271,1828,1
271,1796,1
271,1780,1
271,1764,1
271,1751,1
271,1744,1
271,1707,1
737,571,1
271,1506,1
737,723,1
271,1498,1
273,1138,1
273,1207,1
273,1318,1
275,1703,1
733,33,1
733,38,1
733,234,1
733,236,1
275,1559,1
275,1527,1
275,1511,1
733,494,1
275,1506,1
275,1493,1
733,499,1
733,514,1
275,1350,1
275,1311,1
275,1156,1
733,759,1
733,1123,1
733,1175,1
275,797,1
733,1269,1
733,1278,1
733,1344,1
733,1399,1
732,1906,1
732,1757,1
733,1452,1
732,1670,1
276,1224,1
732,710,1
276,1076,1
732,833,1
732,936,1
732,1123,1
732,1183,1
732,1205,1
732,1206,1
276,244,1
276,168,1
276,59,1
732,1281,1
732,1469,1
732,1542,1
732,1583,1
275,1806,1
275,1763,1
275,1707,1
275,1706,1
275,1705,1
275,1704,1
732,1669,1
733,1441,1
733,1462,1
273,1507,1
273,1784,1
273,1757,1
273,1734,1
734,1123,1
734,1206,1
734,1212,1
734,1256,1
734,1257,1
734,1258,1
734,1270,1
734,1275,1
734,1276,1
734,1314,1
734,1318,1
734,1451,1
734,1572,1
273,1607,1
734,1590,1
273,1606,1
273,1513,1
734,1606,1
734,1925,1
734,1999,1
735,51,1
734,776,1
273,1850,1
733,1463,1
273,1858,1
275,371,1
274,1942,1
274,1885,1
274,1797,1
733,1673,1
733,1681,1
734,208,1
274,1766,1
274,1731,1
734,283,1
274,1720,1
734,412,1
274,1704,1
734,495,1
274,1505,1
734,501,1
274,1075,1
274,1069,1
274,783,1
734,571,1
274,722,1
274,385,1
734,727,1
756,1102,1
756,1113,1
756,1168,1
782,1208,1
782,1187,1
782,1192,1
782,1193,1
782,1194,1
782,1198,1
782,1199,1
782,1200,1
782,1201,1
782,1203,1
782,1205,1
782,1206,1
782,1217,1
784,1196,1
252,49,1
782,1241,1
782,1255,1
782,1265,1
782,1268,1
782,1275,1
782,1312,1
782,1440,1
782,1451,1
782,1618,1
782,1684,1
252,445,1
252,547,1
782,1104,1
782,1045,1
781,1215,1
781,1227,1
781,1229,1
781,1240,1
781,1245,1
781,1278,1
781,1310,1
781,1311,1
781,1361,1
781,1467,1
781,1666,1
781,1814,1
781,1973,1
252,1676,1
781,1998,1
782,218,1
782,451,1
782,470,1
252,1130,1
252,1129,1
252,1128,1
782,894,1
782,1044,1
782,1933,1
782,1985,1
782,1996,1
783,1518,1
251,1853,1
783,1604,1
783,1618,1
783,1731,1
783,1746,1
783,1987,1
783,1992,1
784,1,1
784,2,1
251,1780,1
784,474,1
251,1676,1
251,1514,1
784,777,1
784,920,1
784,997,1
784,1040,1
784,1103,1
784,1114,1
784,1177,1
784,1189,1
784,1192,1
784,1194,1
783,1594,1
783,1459,1
783,159,1
251,1864,1
783,218,1
783,459,1
783,460,1
251,1966,1
783,677,1
251,1963,1
783,792,1
783,1016,1
783,1038,1
783,1170,1
783,1172,1
783,1190,1
783,1192,1
783,1193,1
783,1194,1
783,1196,1
251,1937,1
251,1868,1
783,1204,1
783,1215,1
783,1220,1
783,1235,1
251,1867,1
252,1690,1
252,1729,1
781,1203,1
778,1875,1
779,204,1
779,237,1
254,1943,1
779,677,1
254,1684,1
254,1683,1
779,911,1
779,912,1
779,994,1
779,996,1
254,1523,1
779,1046,1
779,1123,1
779,1143,1
254,1192,1
254,985,1
779,1189,1
779,1197,1
779,1199,1
779,1200,1
779,1204,1
254,176,1
253,1941,1
778,1978,1
778,1857,1
779,1282,1
778,1364,1
777,1335,1
255,182,1
777,1363,1
777,1364,1
777,1398,1
777,1557,1
777,1558,1
777,1600,1
777,1875,1
777,1892,1
254,1954,1
778,173,1
778,470,1
778,474,1
778,911,1
778,1115,1
778,1193,1
254,1946,1
778,1200,1
778,1224,1
778,1238,1
778,1270,1
778,1361,1
779,1278,1
779,1480,1
781,1077,1
253,1173,1
780,993,1
780,1004,1
780,1116,1
253,1128,1
780,1198,1
253,1120,1
253,945,1
780,1213,1
780,1214,1
780,1228,1
780,1305,1
780,1427,1
780,1907,1
780,1969,1
780,1987,1
252,1880,1
252,1879,1
252,1878,1
781,450,1
781,451,1
781,560,1
252,1862,1
252,1856,1
780,913,1
253,1604,1
253,1881,1
780,500,1
253,1859,1
779,1601,1
779,1604,1
253,1857,1
779,1632,1
779,1644,1
779,1855,1
779,1858,1
779,1876,1
779,1878,1
253,1851,1
779,1953,1
779,1987,1
779,1988,1
779,1990,1
779,1998,1
780,59,1
780,204,1
780,206,1
253,1747,1
780,306,1
253,1678,1
780,450,1
251,1509,1
784,1197,1
777,1310,1
787,1323,1
787,1216,1
787,1219,1
787,1221,1
787,1222,1
249,1932,1
787,1232,1
787,1236,1
787,1240,1
787,1241,1
787,1242,1
787,1244,1
787,1366,1
784,1198,1
787,1377,1
787,1528,1
787,1595,1
787,1877,1
787,1987,1
788,160,1
788,203,1
788,446,1
788,448,1
788,454,1
788,455,1
787,1215,1
787,1213,1
787,1212,1
787,1210,1
787,204,1
787,385,1
249,1953,1
787,457,1
787,458,1
787,518,1
249,1950,1
787,624,1
249,1948,1
787,1001,1
787,1015,1
249,1938,1
249,1937,1
787,1188,1
787,1191,1
249,1936,1
787,1195,1
787,1196,1
787,1197,1
787,1198,1
249,1933,1
787,1204,1
787,1206,1
788,456,1
788,569,1
249,1927,1
788,1228,1
788,1256,1
249,1228,1
788,1302,1
788,1366,1
788,1377,1
788,1536,1
788,1696,1
788,1733,1
249,1224,1
249,1154,1
788,1869,1
788,1878,1
788,1991,1
789,0,1
789,449,1
249,942,1
789,492,1
249,941,1
249,938,1
249,673,1
249,503,1
249,497,1
249,415,1
788,1231,1
788,1227,1
788,599,1
788,1221,1
788,612,1
249,1926,1
788,642,1
249,1909,1
249,1895,1
249,1885,1
249,1860,1
249,1859,1
788,1168,1
249,1832,1
788,1186,1
788,1188,1
788,1190,1
788,1192,1
788,1194,1
788,1199,1
788,1201,1
788,1203,1
788,1208,1
788,1209,1
788,1211,1
788,1212,1
788,1215,1
786,1984,1
786,1878,1
786,1842,1
785,757,1
251,25,1
785,920,1
785,1109,1
785,1110,1
785,1187,1
785,1188,1
785,1189,1
785,1190,1
785,1191,1
785,1192,1
250,1970,1
785,1197,1
785,1226,1
785,1228,1
785,1248,1
250,1942,1
785,1250,1
785,1277,1
785,1449,1
250,1940,1
785,1535,1
785,1547,1
785,1580,1
785,758,1
785,756,1
785,1806,1
785,695,1
784,1217,1
784,1276,1
251,1042,1
251,831,1
784,1581,1
784,1591,1
784,1592,1
251,742,1
784,1729,1
784,1850,1
784,1939,1
784,1942,1
784,1972,1
784,1973,1
784,1987,1
785,67,1
785,105,1
251,415,1
785,450,1
785,452,1
251,375,1
251,181,1
785,677,1
250,1829,1
785,1828,1
786,1741,1
786,1202,1
786,1208,1
786,1209,1
786,1210,1
786,1212,1
250,656,1
786,1220,1
786,1221,1
786,1223,1
786,1226,1
786,1231,1
250,399,1
786,1242,1
786,1243,1
250,374,1
786,1246,1
786,1256,1
250,356,1
786,1269,1
786,1278,1
786,1374,1
786,1387,1
786,1580,1
250,166,1
786,1206,1
786,1201,1
785,1987,1
786,1200,1
786,446,1
250,1677,1
786,455,1
786,464,1
250,1083,1
786,471,1
786,472,1
250,1026,1
250,923,1
786,795,1
786,1010,1
786,1018,1
786,1109,1
786,1111,1
250,894,1
786,1185,1
786,1186,1
786,1188,1
786,1189,1
250,774,1
786,1194,1
786,1195,1
786,1198,1
255,646,1
777,1229,1
262,1511,1
764,1546,1
764,497,1
764,661,1
260,1615,1
260,1150,1
260,944,1
764,844,1
764,952,1
764,1024,1
764,1206,1
764,1211,1
764,1305,1
764,1778,1
769,969,1
764,1988,1
765,11,1
765,362,1
765,420,1
260,522,1
765,438,1
765,737,1
765,1211,1
765,1443,1
765,1781,1
260,427,1
260,1696,1
764,131,1
764,3,1
260,1716,1
762,1531,1
762,1532,1
762,1533,1
762,1534,1
762,1535,1
762,1546,1
762,1583,1
762,1823,1
762,1959,1
763,5,1
260,1757,1
763,497,1
763,829,1
763,845,1
763,1058,1
763,1149,1
763,1171,1
763,1212,1
763,1335,1
763,1494,1
763,1531,1
763,1532,1
763,1534,1
765,1949,1
765,1956,1
765,1958,1
767,1285,1
767,1289,1
259,1151,1
768,126,1
768,127,1
259,975,1
768,445,1
259,969,1
259,968,1
259,956,1
259,950,1
768,744,1
768,1047,1
768,1049,1
768,1051,1
768,1150,1
768,1201,1
768,1282,1
768,1284,1
259,731,1
768,1562,1
768,1637,1
768,1754,1
769,621,1
767,1286,1
767,1235,1
765,1983,1
259,1173,1
765,1985,1
259,1837,1
766,438,1
766,444,1
766,471,1
766,472,1
766,998,1
766,1024,1
766,1289,1
259,1746,1
766,1561,1
259,1679,1
766,1950,1
259,1678,1
767,1,1
767,10,1
767,245,1
767,468,1
259,1627,1
767,1006,1
767,1088,1
259,1319,1
767,1168,1
762,1530,1
762,1452,1
260,1762,1
758,343,1
758,654,1
758,657,1
262,411,1
758,1448,1
758,1450,1
758,1453,1
262,87,1
758,1455,1
261,1961,1
758,1635,1
261,1939,1
261,1727,1
759,608,1
261,1544,1
759,838,1
261,1323,1
759,908,1
759,1161,1
759,1187,1
759,1214,1
261,1267,1
759,1296,1
759,1312,1
758,473,1
758,340,1
759,1449,1
758,131,1
756,1282,1
756,1385,1
756,1386,1
756,1430,1
756,1452,1
756,1464,1
262,1508,1
756,1669,1
756,1731,1
756,1960,1
756,1999,1
262,950,1
757,450,1
757,655,1
757,741,1
757,1101,1
757,1135,1
757,1280,1
262,575,1
757,1283,1
757,1306,1
757,1312,1
757,1397,1
759,1446,1
261,1213,1
762,1419,1
761,275,1
261,666,1
761,747,1
761,843,1
761,901,1
761,980,1
761,1113,1
761,1154,1
761,1166,1
761,1442,1
761,1443,1
261,439,1
261,437,1
761,1603,1
761,1669,1
761,1779,1
261,398,1
762,471,1
261,181,1
260,1859,1
260,1854,1
762,876,1
762,952,1
762,978,1
761,439,1
761,234,1
759,1455,1
761,119,1
261,1150,1
759,1692,1
759,1731,1
261,1137,1
261,1041,1
760,74,1
760,166,1
760,1100,1
760,1155,1
760,1176,1
261,684,1
760,1212,1
760,1288,1
760,1364,1
760,1365,1
760,1445,1
760,1453,1
760,1455,1
760,1456,1
760,1731,1
261,675,1
761,11,1
261,667,1
259,665,1
769,1111,1
777,1218,1
775,1234,1
256,1136,1
775,737,1
256,957,1
256,944,1
775,1097,1
775,1161,1
775,1168,1
775,1202,1
775,1204,1
775,1216,1
775,1217,1
775,1296,1
259,282,1
775,1546,1
775,1555,1
775,1610,1
775,1731,1
775,1950,1
775,1951,1
775,1955,1
775,1956,1
775,1964,1
775,1968,1
775,1969,1
256,1164,1
775,676,1
775,123,1
774,1481,1
773,999,1
773,1201,1
773,1402,1
773,1441,1
773,1682,1
773,1744,1
773,1905,1
774,304,1
774,473,1
774,474,1
256,1786,1
256,1679,1
774,738,1
256,1527,1
256,1520,1
774,784,1
774,1105,1
774,1170,1
774,1198,1
774,1205,1
774,1219,1
774,1271,1
774,1286,1
775,1970,1
776,44,1
256,574,1
256,175,1
256,27,1
255,1889,1
255,1880,1
776,1986,1
255,1879,1
777,1,1
777,2,1
777,3,1
777,114,1
777,276,1
255,1877,1
255,1868,1
255,1858,1
255,1850,1
255,1787,1
255,1589,1
255,1522,1
255,1215,1
777,836,1
777,984,1
777,1150,1
777,1201,1
777,1202,1
776,1973,1
776,1970,1
776,237,1
776,1967,1
776,253,1
776,336,1
776,399,1
256,573,1
256,536,1
776,577,1
776,720,1
256,504,1
256,426,1
776,916,1
776,1187,1
776,1194,1
776,1199,1
776,1201,1
776,1216,1
776,1228,1
776,1239,1
776,1362,1
776,1363,1
776,1378,1
776,1442,1
256,289,1
776,1858,1
256,1799,1
256,1837,1
773,740,1
770,1481,1
770,1546,1
770,1562,1
770,1985,1
771,189,1
258,1542,1
258,1180,1
771,309,1
258,950,1
771,701,1
257,1941,1
257,1932,1
257,1858,1
257,1850,1
257,1836,1
257,1481,1
771,821,1
771,838,1
771,1092,1
771,1159,1
771,1196,1
771,1200,1
771,1203,1
771,1204,1
770,1489,1
770,1218,1
257,1092,1
770,1205,1
259,130,1
769,1289,1
769,1858,1
769,1982,1
770,132,1
258,1940,1
770,341,1
258,1933,1
258,1932,1
258,1850,1
770,497,1
258,1833,1
258,1786,1
258,1777,1
258,1769,1
258,1736,1
770,829,1
770,917,1
770,1005,1
770,1049,1
770,1063,1
770,1200,1
258,1611,1
771,1207,1
771,1239,1
256,1850,1
257,726,1
772,1287,1
772,1288,1
257,625,1
772,1442,1
772,1682,1
772,1890,1
772,1892,1
772,1894,1
772,1908,1
772,1964,1
773,0,1
257,503,1
773,284,1
773,285,1
773,286,1
773,287,1
773,299,1
257,35,1
773,548,1
257,34,1
773,666,1
256,1933,1
256,1877,1
772,1244,1
772,1202,1
771,1442,1
772,1190,1
771,1445,1
771,1642,1
771,1743,1
771,1744,1
771,1746,1
771,1893,1
771,1964,1
771,1975,1
772,0,1
772,8,1
772,295,1
772,308,1
772,326,1
772,327,1
772,441,1
772,454,1
257,940,1
257,784,1
257,733,1
772,783,1
772,949,1
772,958,1
772,1128,1
281,1747,1
726,507,1
669,1977,1
696,1714,1
299,1770,1
696,621,1
299,1762,1
696,748,1
299,1747,1
696,767,1
696,812,1
299,1741,1
299,1688,1
696,1181,1
696,1668,1
696,1798,1
695,518,1
696,1816,1
299,1686,1
697,134,1
697,264,1
697,471,1
697,491,1
299,1622,1
299,1621,1
697,509,1
299,1502,1
299,1242,1
696,525,1
299,1781,1
696,509,1
696,493,1
695,528,1
695,545,1
695,546,1
695,735,1
695,766,1
300,415,1
695,824,1
695,943,1
695,946,1
300,406,1
695,1318,1
695,1377,1
695,1395,1
695,1396,1
300,368,1
695,1804,1
695,1816,1
696,22,1
300,292,1
299,1881,1
696,363,1
696,473,1
299,1799,1
299,1241,1
697,738,1
299,1167,1
698,890,1
698,1103,1
698,1153,1
299,466,1
698,1335,1
698,1414,1
698,1535,1
698,1611,1
698,1763,1
698,1764,1
698,1800,1
698,1871,1
299,465,1
698,1956,1
698,1983,1
699,134,1
699,135,1
299,400,1
298,1880,1
298,1800,1
699,434,1
699,436,1
699,437,1
298,1786,1
698,1018,1
698,768,1
697,830,1
698,724,1
697,1138,1
299,1122,1
299,1113,1
697,1302,1
697,1305,1
697,1358,1
697,1499,1
697,1581,1
299,913,1
697,1744,1
697,1981,1
299,911,1
697,1998,1
698,19,1
698,20,1
698,134,1
698,204,1
698,205,1
299,802,1
698,489,1
299,736,1
698,556,1
698,585,1
695,525,1
695,512,1
281,1802,1
691,1552,1
691,678,1
691,711,1
301,1138,1
691,980,1
301,1098,1
691,983,1
691,1313,1
691,1484,1
691,1535,1
691,1545,1
691,1547,1
691,1583,1
300,490,1
691,1757,1
301,559,1
691,1791,1
692,200,1
692,204,1
692,452,1
692,508,1
301,550,1
301,485,1
301,374,1
692,695,1
691,543,1
301,1240,1
301,1620,1
301,1697,1
690,428,1
690,438,1
690,439,1
690,495,1
690,512,1
690,902,1
301,1756,1
301,1737,1
690,1175,1
690,1308,1
690,1643,1
690,1784,1
301,1734,1
691,129,1
691,274,1
691,320,1
691,324,1
691,364,1
691,396,1
691,439,1
691,442,1
691,451,1
301,1720,1
692,744,1
692,829,1
301,343,1
300,1392,1
694,1143,1
694,1181,1
300,1113,1
694,1309,1
694,1310,1
694,1312,1
694,1318,1
300,746,1
694,1394,1
694,1395,1
694,1518,1
694,1770,1
694,1822,1
694,1990,1
694,1991,1
695,188,1
695,264,1
695,266,1
695,423,1
695,469,1
695,488,1
300,736,1
300,543,1
300,1241,1
694,517,1
692,1099,1
300,1754,1
692,1314,1
692,1519,1
692,1913,1
693,192,1
693,219,1
693,435,1
300,1844,1
300,1832,1
300,1828,1
300,1812,1
300,1776,1
693,1180,1
693,1311,1
693,1519,1
693,1546,1
300,1774,1
693,1705,1
694,2,1
694,69,1
694,422,1
694,444,1
694,495,1
300,1758,1
699,505,1
298,1750,1
699,511,1
703,1678,1
703,1169,1
703,1331,1
703,1332,1
703,1333,1
296,1206,1
296,1160,1
703,1404,1
703,1405,1
703,1413,1
703,1441,1
703,1494,1
703,1715,1
298,1747,1
703,1800,1
703,1816,1
703,1858,1
703,1958,1
703,1963,1
704,201,1
704,223,1
296,1094,1
704,268,1
704,340,1
296,959,1
703,1165,1
703,1019,1
703,831,1
296,1475,1
702,873,1
702,928,1
296,1850,1
702,1099,1
296,1823,1
702,1343,1
296,1814,1
296,1782,1
702,1402,1
702,1406,1
296,1752,1
702,1414,1
296,1740,1
703,279,1
703,434,1
703,439,1
296,1736,1
296,1709,1
703,485,1
296,1701,1
296,1680,1
296,1513,1
703,660,1
296,958,1
296,956,1
296,918,1
295,1792,1
295,1778,1
295,1773,1
295,1768,1
705,1018,1
705,1091,1
295,1715,1
705,1117,1
705,1183,1
295,1695,1
705,1232,1
705,1326,1
705,1331,1
295,1557,1
295,1443,1
705,1406,1
705,1467,1
705,1601,1
295,1114,1
705,1801,1
705,1816,1
705,1864,1
295,1093,1
706,3,1
295,1791,1
705,499,1
296,739,1
295,1803,1
704,507,1
704,511,1
704,690,1
704,830,1
704,839,1
704,953,1
296,345,1
296,181,1
704,1104,1
704,1111,1
704,1164,1
296,174,1
704,1331,1
704,1404,1
704,1587,1
704,1614,1
704,1662,1
296,24,1
704,1793,1
704,1816,1
705,222,1
295,1924,1
295,1840,1
702,794,1
702,726,1
702,723,1
298,1611,1
700,435,1
700,445,1
700,467,1
700,493,1
700,495,1
298,1479,1
298,1405,1
298,1347,1
700,729,1
700,799,1
700,819,1
700,876,1
298,1241,1
700,1101,1
700,1102,1
700,1136,1
700,1144,1
298,840,1
700,1305,1
298,739,1
700,1382,1
700,1387,1
298,450,1
700,224,1
700,203,1
700,1413,1
298,1616,1
298,1731,1
699,768,1
699,797,1
699,877,1
699,1145,1
699,1168,1
699,1202,1
699,1306,1
699,1373,1
298,1726,1
699,1403,1
699,1516,1
699,1549,1
298,1646,1
699,1943,1
298,1622,1
298,1621,1
700,37,1
700,38,1
700,134,1
700,135,1
700,136,1
700,146,1
700,1391,1
700,1415,1
297,1078,1
701,1439,1
701,1616,1
701,1795,1
297,1921,1
297,1838,1
702,424,1
297,1837,1
297,1824,1
702,448,1
297,1803,1
702,480,1
702,481,1
702,482,1
297,1797,1
702,484,1
297,1779,1
297,1776,1
297,1745,1
297,1744,1
297,1732,1
297,1729,1
297,1705,1
702,512,1
297,1481,1
701,1465,1
701,1413,1
700,1575,1
701,1356,1
700,1675,1
700,1877,1
700,1897,1
298,413,1
701,263,1
298,412,1
701,420,1
701,475,1
701,486,1
701,489,1
701,495,1
701,505,1
298,373,1
298,370,1
701,675,1
701,727,1
701,1018,1
701,1020,1
701,1099,1
701,1102,1
701,1169,1
701,1326,1
298,33,1
301,1767,1
690,274,1
689,1982,1
677,103,1
676,1116,1
676,1177,1
304,402,1
676,1264,1
676,1600,1
676,1760,1
676,1764,1
676,1778,1
676,1858,1
676,1899,1
677,3,1
303,1978,1
680,368,1
303,1941,1
677,494,1
303,1823,1
677,729,1
303,1821,1
677,834,1
303,1820,1
677,1146,1
677,1178,1
303,1816,1
677,1259,1
304,455,1
676,833,1
676,759,1
676,721,1
674,1918,1
675,3,1
675,39,1
675,462,1
304,1009,1
675,494,1
675,582,1
304,975,1
675,790,1
304,742,1
675,1114,1
675,1265,1
675,1267,1
304,504,1
675,1572,1
675,1649,1
675,1778,1
675,1861,1
676,3,1
676,39,1
676,193,1
676,194,1
676,652,1
677,1265,1
677,1339,1
677,1554,1
679,431,1
679,488,1
679,493,1
679,685,1
303,1721,1
679,1155,1
679,1158,1
679,1303,1
303,1715,1
679,1376,1
679,1377,1
303,1630,1
679,1405,1
679,1413,1
679,1477,1
679,1486,1
679,1582,1
679,1606,1
679,1778,1
679,1782,1
679,1964,1
679,1991,1
680,9,1
303,1620,1
679,443,1
303,1723,1
677,1575,1
679,218,1
677,1705,1
677,1799,1
677,1815,1
678,100,1
303,1811,1
678,204,1
678,330,1
678,369,1
303,1784,1
303,1776,1
303,1768,1
303,1761,1
303,1749,1
678,1323,1
678,1336,1
678,1381,1
678,1555,1
678,1557,1
678,1587,1
303,1730,1
678,1778,1
678,1801,1
678,1867,1
674,1917,1
674,1662,1
674,1638,1
670,1708,1
670,1778,1
670,1807,1
670,1884,1
304,1795,1
304,1767,1
670,1971,1
671,185,1
304,1759,1
671,367,1
671,832,1
671,1176,1
671,1232,1
304,1752,1
671,1353,1
671,1380,1
304,1748,1
671,1485,1
671,1584,1
672,23,1
304,1742,1
672,727,1
672,735,1
672,749,1
670,1766,1
304,1804,1
672,752,1
670,1611,1
670,33,1
304,1993,1
670,490,1
304,1898,1
670,585,1
670,670,1
670,715,1
670,745,1
304,1847,1
304,1837,1
670,1079,1
304,1827,1
670,1231,1
670,1242,1
670,1380,1
670,1543,1
670,1544,1
670,1545,1
670,1546,1
304,1825,1
670,1549,1
304,1807,1
670,1588,1
672,750,1
672,795,1
304,1240,1
673,1235,1
673,1555,1
673,1580,1
673,1590,1
673,1663,1
673,1800,1
673,1883,1
304,1250,1
673,1916,1
673,1971,1
673,1987,1
304,1248,1
674,375,1
674,446,1
674,477,1
674,494,1
674,821,1
674,1172,1
674,1232,1
304,1247,1
674,1268,1
674,1322,1
674,1380,1
674,1557,1
673,1322,1
673,1221,1
672,818,1
673,899,1
672,839,1
304,1733,1
672,1244,1
304,1723,1
672,1318,1
672,1340,1
672,1401,1
672,1595,1
672,1636,1
672,1692,1
672,1765,1
672,1775,1
672,1778,1
304,1715,1
672,1780,1
672,1883,1
672,1884,1
304,1713,1
673,180,1
304,1409,1
673,447,1
673,701,1
673,709,1
680,304,1
303,1558,1
689,1970,1
687,566,1
686,1220,1
686,1309,1
686,1317,1
686,1413,1
686,1573,1
686,1749,1
686,1860,1
687,443,1
687,491,1
687,492,1
687,493,1
687,711,1
303,1385,1
687,1218,1
687,1219,1
687,1222,1
687,1356,1
687,1413,1
687,1484,1
302,1173,1
302,1140,1
687,1541,1
687,1698,1
687,1827,1
686,1219,1
686,1218,1
686,1177,1
686,1175,1
685,1245,1
685,1247,1
685,1307,1
302,1740,1
685,1742,1
685,1759,1
685,1795,1
685,1813,1
685,1817,1
686,203,1
686,340,1
302,1739,1
686,493,1
686,527,1
302,1681,1
302,1645,1
302,1607,1
686,922,1
302,1360,1
302,1245,1
686,1055,1
686,1117,1
686,1171,1
687,1956,1
687,1979,1
687,1980,1
689,117,1
302,150,1
302,121,1
689,511,1
689,708,1
689,766,1
301,1907,1
689,936,1
689,974,1
689,1075,1
301,1841,1
301,1828,1
689,1300,1
689,1414,1
301,1808,1
689,1514,1
689,1516,1
689,1517,1
689,1518,1
689,1547,1
301,1783,1
689,1616,1
689,1789,1
689,1948,1
689,215,1
688,1816,1
688,268,1
688,1797,1
688,269,1
688,271,1
688,284,1
688,350,1
302,1125,1
688,495,1
688,552,1
302,1039,1
688,700,1
688,982,1
688,1174,1
688,1177,1
302,479,1
302,452,1
688,1272,1
688,1300,1
688,1322,1
688,1492,1
688,1548,1
302,436,1
688,1757,1
688,1767,1
688,1785,1
302,1741,1
685,1219,1
685,1218,1
681,1775,1
681,1970,1
681,1976,1
681,1982,1
681,1995,1
303,1246,1
303,1242,1
303,1131,1
303,1039,1
303,716,1
682,1128,1
682,1167,1
682,1252,1
682,1321,1
682,1709,1
682,1774,1
682,1801,1
682,1810,1
682,1949,1
682,1968,1
682,1974,1
682,1975,1
303,443,1
303,441,1
681,1806,1
303,1247,1
683,491,1
681,1521,1
680,681,1
680,706,1
680,1175,1
680,1231,1
680,1385,1
680,1392,1
680,1410,1
680,1420,1
681,105,1
681,251,1
681,344,1
681,495,1
681,516,1
681,624,1
681,706,1
681,746,1
681,904,1
681,956,1
303,1279,1
681,1174,1
681,1231,1
681,1249,1
681,1322,1
683,323,1
683,515,1
685,1176,1
302,1896,1
684,1219,1
684,1225,1
684,1326,1
684,1363,1
684,1444,1
302,1818,1
684,1844,1
684,1955,1
684,1959,1
684,1968,1
684,1971,1
684,1974,1
302,1812,1
685,231,1
302,1804,1
302,1802,1
302,1798,1
302,1779,1
302,1771,1
302,1762,1
302,1754,1
685,1121,1
685,1174,1
684,1175,1
302,1991,1
683,704,1
684,898,1
683,705,1
303,153,1
683,1174,1
683,1176,1
683,1228,1
683,1327,1
683,1367,1
683,1392,1
683,1446,1
683,1490,1
683,1575,1
683,1578,1
683,1800,1
683,1810,1
683,1971,1
303,152,1
303,151,1
684,429,1
303,118,1
684,491,1
684,492,1
684,696,1
684,835,1
295,958,1
295,820,1
706,440,1
719,1875,1
719,1459,1
719,1485,1
719,1512,1
719,1596,1
719,1605,1
719,1671,1
719,1808,1
719,1809,1
719,1826,1
719,1865,1
719,1870,1
719,1886,1
286,481,1
719,1887,1
719,1962,1
720,115,1
287,1092,1
720,266,1
720,282,1
287,1073,1
720,373,1
287,1039,1
287,944,1
287,528,1
719,1456,1
719,1455,1
287,1165,1
287,1496,1
287,1699,1
719,748,1
719,985,1
719,1038,1
719,1125,1
719,1126,1
719,1127,1
719,1128,1
719,1129,1
719,1130,1
719,1131,1
719,1171,1
719,1191,1
287,1687,1
719,1341,1
287,1658,1
719,1362,1
287,1649,1
719,1441,1
287,1546,1
719,1450,1
719,1451,1
719,1452,1
720,489,1
720,493,1
720,496,1
286,1698,1
720,1371,1
720,1439,1
720,1444,1
286,1658,1
286,1632,1
720,1451,1
720,1452,1
720,1453,1
720,1454,1
286,1546,1
720,1459,1
720,1494,1
720,1581,1
720,1673,1
720,1738,1
720,1826,1
720,1868,1
720,1869,1
720,1946,1
286,1087,1
286,485,1
286,482,1
721,265,1
286,1679,1
720,1336,1
720,497,1
720,1335,1
720,501,1
720,503,1
287,328,1
287,234,1
720,521,1
287,146,1
287,111,1
286,1820,1
720,704,1
720,721,1
286,1789,1
720,744,1
720,777,1
720,945,1
286,1752,1
720,951,1
720,1123,1
286,1748,1
720,1129,1
286,1745,1
720,1143,1
720,1177,1
720,1267,1
719,729,1
287,1731,1
287,1757,1
717,1450,1
717,1454,1
717,1460,1
717,1463,1
717,1483,1
717,1493,1
717,1524,1
717,1526,1
717,1527,1
717,1671,1
717,1835,1
717,1852,1
717,1859,1
717,1861,1
717,1870,1
717,1966,1
288,1841,1
718,237,1
718,440,1
718,495,1
288,1837,1
288,1781,1
288,1771,1
718,512,1
717,1451,1
717,1447,1
718,650,1
288,1906,1
717,712,1
717,718,1
289,1439,1
289,1148,1
289,1100,1
289,977,1
717,937,1
717,1125,1
717,1127,1
717,1128,1
717,1129,1
717,1130,1
717,1132,1
717,1181,1
717,1193,1
717,1195,1
717,1257,1
289,479,1
717,1371,1
717,1402,1
717,1403,1
289,474,1
288,1926,1
718,572,1
718,652,1
287,1798,1
718,1673,1
718,1817,1
718,1832,1
718,1862,1
718,1873,1
718,1916,1
719,26,1
719,236,1
719,263,1
719,265,1
288,824,1
288,748,1
719,456,1
288,672,1
288,493,1
288,411,1
287,1918,1
719,502,1
287,1866,1
287,1838,1
719,572,1
719,660,1
287,1837,1
287,1817,1
718,1783,1
718,1607,1
288,1758,1
718,1587,1
288,1757,1
288,1749,1
718,724,1
288,1723,1
718,1125,1
718,1126,1
718,1128,1
718,1129,1
718,1131,1
718,1192,1
718,1194,1
288,1720,1
718,1198,1
288,1649,1
288,1546,1
288,1409,1
718,1450,1
288,1154,1
718,1452,1
718,1453,1
718,1464,1
718,1527,1
718,1582,1
721,474,1
286,330,1
717,667,1
283,886,1
724,496,1
283,1644,1
283,1634,1
724,509,1
283,1587,1
283,1385,1
283,1382,1
283,1197,1
724,573,1
283,1051,1
283,1016,1
283,837,1
721,492,1
724,713,1
724,726,1
283,477,1
724,732,1
283,293,1
283,292,1
283,159,1
283,146,1
724,953,1
283,4,1
282,1859,1
283,1672,1
724,424,1
724,214,1
723,1961,1
723,715,1
283,1706,1
283,1702,1
283,1693,1
283,1690,1
723,745,1
723,930,1
723,945,1
723,950,1
723,1096,1
723,1127,1
723,1129,1
723,1268,1
723,1443,1
723,1444,1
723,1449,1
723,1450,1
723,1451,1
723,1456,1
723,1498,1
723,1639,1
283,1674,1
723,1793,1
282,1844,1
724,1444,1
724,1454,1
282,1240,1
282,1190,1
282,1079,1
725,779,1
725,832,1
282,955,1
725,1125,1
725,1144,1
725,1199,1
725,1269,1
725,1405,1
725,1593,1
725,1669,1
725,1670,1
725,1866,1
282,766,1
726,214,1
282,693,1
726,454,1
726,491,1
282,502,1
282,146,1
281,1934,1
281,1858,1
282,1191,1
725,718,1
724,1495,1
282,1248,1
724,1496,1
282,1795,1
724,1959,1
724,1992,1
725,0,1
725,34,1
282,1774,1
282,1763,1
725,222,1
725,284,1
725,285,1
282,1748,1
725,388,1
725,435,1
282,1746,1
282,1743,1
282,1732,1
282,1729,1
282,1627,1
282,1598,1
282,1389,1
725,646,1
282,1250,1
283,1717,1
723,674,1
723,645,1
721,1161,1
721,1198,1
721,1199,1
721,1347,1
285,1487,1
721,1446,1
285,1312,1
721,1453,1
721,1460,1
721,1479,1
285,1226,1
721,1591,1
721,1760,1
721,1785,1
721,1786,1
721,1841,1
721,1903,1
721,1955,1
285,1114,1
722,32,1
285,1088,1
722,327,1
285,1082,1
285,731,1
721,1193,1
721,1128,1
285,8,1
721,1125,1
721,494,1
286,150,1
721,496,1
286,81,1
721,498,1
286,31,1
286,18,1
285,1937,1
285,1820,1
285,1813,1
285,1796,1
721,677,1
721,725,1
285,1790,1
285,1765,1
285,1764,1
285,1748,1
285,1733,1
285,1720,1
285,1688,1
721,947,1
721,949,1
285,1546,1
285,485,1
284,1809,1
723,572,1
722,1451,1
722,1459,1
722,1469,1
722,1474,1
722,1491,1
284,476,1
722,1868,1
284,153,1
284,1,1
723,154,1
283,1867,1
283,1856,1
283,1837,1
283,1806,1
283,1796,1
723,449,1
283,1776,1
723,489,1
283,1769,1
723,497,1
723,499,1
283,1754,1
283,1739,1
283,1733,1
722,1456,1
722,1450,1
284,1776,1
722,1449,1
722,572,1
284,1773,1
722,645,1
284,1754,1
284,1735,1
284,1702,1
722,709,1
284,1684,1
284,1657,1
284,1386,1
284,1314,1
284,1140,1
284,1139,1
284,1114,1
722,743,1
722,752,1
722,945,1
722,949,1
284,764,1
722,1128,1
722,1135,1
722,1240,1
722,1267,1
289,1445,1
717,515,1
706,459,1
710,1511,1
710,1084,1
293,1241,1
293,1192,1
710,1188,1
293,1180,1
293,1114,1
710,1405,1
710,1407,1
710,1458,1
710,1492,1
710,1493,1
710,1741,1
712,1317,1
710,1755,1
710,1845,1
711,353,1
293,1065,1
711,437,1
711,478,1
293,919,1
711,491,1
293,907,1
293,905,1
293,771,1
293,1267,1
710,736,1
710,676,1
710,622,1
709,1177,1
709,1261,1
709,1367,1
709,1403,1
709,1407,1
709,1480,1
709,1493,1
293,1833,1
293,1811,1
709,1805,1
293,1792,1
293,1780,1
710,235,1
710,264,1
710,305,1
293,1777,1
293,1763,1
293,1760,1
293,1726,1
293,1707,1
293,1409,1
710,508,1
710,512,1
293,643,1
293,151,1
292,1968,1
712,140,1
712,406,1
712,435,1
712,438,1
712,464,1
292,1899,1
292,1898,1
292,1890,1
292,1823,1
712,507,1
292,1814,1
712,512,1
292,1775,1
292,1743,1
292,1741,1
292,1720,1
712,1126,1
712,1127,1
712,1128,1
712,1130,1
712,1133,1
292,1682,1
712,1217,1
712,1257,1
712,356,1
712,129,1
292,1961,1
711,1986,1
711,730,1
711,981,1
292,1953,1
711,1131,1
711,1159,1
711,1204,1
711,1218,1
292,1950,1
711,1352,1
711,1354,1
711,1356,1
711,1357,1
711,1363,1
711,1372,1
292,1948,1
711,1403,1
711,1404,1
711,1442,1
711,1455,1
711,1463,1
711,1754,1
711,1755,1
711,1773,1
709,1135,1
709,1133,1
709,1131,1
707,509,1
294,1793,1
294,1792,1
294,1791,1
707,677,1
707,680,1
294,1787,1
294,1776,1
294,1748,1
707,776,1
707,779,1
707,838,1
707,1136,1
707,1194,1
294,1737,1
294,1726,1
707,1337,1
707,1404,1
707,1558,1
707,1800,1
707,1816,1
707,1989,1
707,1993,1
708,223,1
294,1805,1
294,1823,1
708,435,1
294,1859,1
706,466,1
706,483,1
295,477,1
706,497,1
706,498,1
295,475,1
295,473,1
706,512,1
706,516,1
295,379,1
706,726,1
295,370,1
295,199,1
706,1404,1
706,1405,1
706,1459,1
706,1595,1
706,1963,1
707,70,1
707,330,1
707,406,1
294,1957,1
294,1929,1
294,1696,1
708,481,1
709,779,1
708,1560,1
708,1865,1
708,1963,1
709,142,1
709,222,1
709,264,1
294,764,1
709,436,1
294,726,1
294,486,1
709,491,1
294,472,1
294,403,1
294,71,1
294,0,1
293,1962,1
709,569,1
709,580,1
709,662,1
709,696,1
709,714,1
293,1957,1
709,765,1
709,778,1
708,1816,1
708,1524,1
294,1438,1
708,1495,1
294,1410,1
294,1347,1
294,1171,1
708,512,1
708,682,1
294,1147,1
708,715,1
294,1114,1
294,1084,1
708,758,1
708,815,1
708,820,1
708,821,1
708,954,1
708,1177,1
708,1193,1
708,1194,1
294,914,1
708,1367,1
708,1404,1
708,1405,1
708,1406,1
708,1493,1
712,1258,1
292,1477,1
289,1448,1
716,421,1
715,1740,1
715,1826,1
715,1846,1
715,1948,1
715,1980,1
716,0,1
716,6,1
716,10,1
716,133,1
716,199,1
716,352,1
716,422,1
712,1361,1
716,435,1
290,1148,1
716,489,1
716,490,1
716,495,1
290,1073,1
716,508,1
290,792,1
716,566,1
716,571,1
290,782,1
715,1681,1
715,1673,1
715,1672,1
290,1498,1
715,529,1
715,707,1
715,720,1
715,1122,1
715,1127,1
715,1130,1
715,1131,1
715,1132,1
715,1143,1
715,1191,1
715,1359,1
715,1369,1
715,1405,1
290,1548,1
715,1442,1
715,1446,1
715,1447,1
715,1448,1
715,1449,1
715,1451,1
715,1454,1
715,1455,1
715,1468,1
716,651,1
290,245,1
290,243,1
716,1463,1
716,1495,1
289,1768,1
716,1591,1
716,1655,1
289,1764,1
716,1679,1
716,1937,1
289,1744,1
717,232,1
717,264,1
717,386,1
289,1738,1
717,450,1
289,1731,1
289,1713,1
717,487,1
289,1679,1
289,1658,1
289,1649,1
289,1647,1
289,1546,1
289,1451,1
717,504,1
716,1465,1
289,1784,1
290,186,1
716,1452,1
289,1859,1
289,1837,1
289,1823,1
716,1116,1
716,1122,1
716,1126,1
716,1128,1
716,1129,1
716,1130,1
716,1140,1
716,1141,1
716,1142,1
289,1821,1
716,1194,1
716,1196,1
716,1319,1
716,1403,1
716,1405,1
289,1804,1
716,1444,1
716,1446,1
716,1449,1
716,1450,1
715,518,1
290,1633,1
290,1698,1
291,1959,1
713,528,1
291,1823,1
713,569,1
713,650,1
291,1822,1
713,727,1
713,761,1
291,1807,1
713,1130,1
713,1132,1
713,1133,1
713,1174,1
713,1258,1
291,1805,1
713,1319,1
713,1357,1
713,1360,1
291,1787,1
291,1740,1
713,1366,1
291,1737,1
713,1405,1
291,1731,1
291,1927,1
291,1961,1
713,1443,1
292,152,1
292,1392,1
712,1363,1
712,1364,1
712,1403,1
712,1404,1
712,1439,1
292,1390,1
712,1583,1
712,1615,1
292,1181,1
712,1841,1
712,1959,1
292,1114,1
292,1079,1
292,798,1
713,370,1
713,371,1
292,525,1
713,480,1
292,492,1
292,320,1
713,493,1
292,189,1
713,1441,1
713,1454,1
290,1744,1
714,1130,1
714,1132,1
714,1133,1
714,1140,1
714,1272,1
714,1362,1
714,1405,1
714,1407,1
714,1442,1
714,1453,1
714,1458,1
714,1463,1
714,1493,1
714,1500,1
714,1579,1
714,1752,1
715,199,1
290,1858,1
715,330,1
290,1842,1
290,1807,1
290,1799,1
715,497,1
290,1793,1
714,1131,1
714,1129,1
713,1486,1
714,1128,1
713,1487,1
713,1491,1
713,1654,1
713,1751,1
713,1832,1
713,1960,1
713,1999,1
714,212,1
291,1691,1
714,250,1
714,276,1
291,1681,1
291,1555,1
291,1128,1
714,499,1
291,1089,1
291,944,1
291,465,1
291,189,1
714,703,1
714,917,1
714,1125,1
714,1126,1
337,1765,1
337,1766,1
337,1767,1
492,1516,1
491,1992,1
382,1005,1
492,442,1
492,448,1
382,773,1
492,696,1
492,987,1
492,1284,1
492,1287,1
492,1289,1
492,1325,1
492,1517,1
491,1161,1
492,1562,1
492,1785,1
492,1836,1
492,1839,1
492,1911,1
382,612,1
492,1960,1
493,1,1
493,138,1
493,210,1
382,433,1
491,1955,1
491,1917,1
382,1040,1
491,1892,1
382,1395,1
491,1278,1
491,1281,1
491,1284,1
491,1286,1
491,1289,1
491,1291,1
491,1292,1
491,1298,1
491,1299,1
491,1310,1
491,1312,1
491,1319,1
382,1289,1
491,1338,1
491,1355,1
491,1428,1
382,1287,1
491,1566,1
491,1647,1
491,1729,1
491,1784,1
382,1247,1
493,450,1
493,451,1
493,452,1
494,451,1
381,1951,1
494,819,1
494,1132,1
494,1133,1
494,1167,1
494,1168,1
494,1281,1
494,1286,1
494,1298,1
494,1321,1
494,1472,1
381,1820,1
381,1801,1
494,1581,1
494,1582,1
494,1583,1
381,1783,1
494,1836,1
494,1886,1
494,1893,1
494,1941,1
494,1942,1
494,1951,1
494,459,1
381,1953,1
493,453,1
493,1917,1
493,472,1
493,526,1
382,389,1
382,368,1
382,322,1
493,1280,1
493,1291,1
493,1294,1
493,1313,1
493,1325,1
493,1409,1
493,1415,1
493,1517,1
493,1563,1
493,1564,1
493,1581,1
493,1582,1
493,1651,1
493,1796,1
493,1838,1
493,1881,1
493,1903,1
493,1908,1
382,1396,1
491,810,1
473,1283,1
487,1961,1
487,1281,1
487,1283,1
487,1284,1
487,1296,1
487,1329,1
487,1658,1
487,1668,1
382,1778,1
487,1940,1
382,1773,1
382,1751,1
487,1969,1
491,797,1
488,41,1
488,281,1
488,407,1
382,1738,1
382,1733,1
488,1285,1
488,1307,1
488,1311,1
488,1316,1
382,1732,1
488,1658,1
487,1252,1
487,1170,1
487,1169,1
487,1168,1
486,1299,1
486,1314,1
486,1318,1
486,1346,1
486,1355,1
382,1796,1
486,1590,1
486,1667,1
486,1670,1
486,1672,1
486,1673,1
486,1752,1
486,1962,1
486,1966,1
487,251,1
487,272,1
382,1795,1
487,499,1
487,784,1
487,853,1
487,1094,1
487,1132,1
382,1787,1
488,1669,1
382,1722,1
382,1712,1
489,1749,1
490,461,1
490,796,1
490,989,1
382,1424,1
490,1280,1
490,1284,1
490,1285,1
490,1297,1
490,1302,1
490,1359,1
490,1460,1
490,1545,1
490,1658,1
490,1725,1
490,1756,1
490,1960,1
490,1999,1
491,164,1
491,439,1
491,440,1
491,442,1
491,449,1
491,575,1
489,1958,1
489,1658,1
382,1695,1
489,1560,1
488,1674,1
382,1648,1
488,1745,1
488,1750,1
488,1752,1
488,1758,1
488,1951,1
488,1958,1
488,1959,1
488,1961,1
489,60,1
382,1617,1
382,1507,1
489,451,1
489,524,1
489,1278,1
489,1285,1
489,1306,1
489,1310,1
489,1311,1
489,1316,1
489,1317,1
489,1517,1
495,295,1
495,457,1
495,458,1
380,1626,1
380,1736,1
380,1730,1
499,1276,1
499,1277,1
499,1278,1
499,1279,1
499,1281,1
499,1282,1
380,1729,1
499,1293,1
380,1707,1
499,1299,1
495,787,1
499,1300,1
499,1304,1
499,1305,1
499,1309,1
499,1319,1
499,1321,1
499,1322,1
499,1329,1
499,1335,1
499,1356,1
499,1357,1
380,1740,1
499,1272,1
499,1271,1
380,1742,1
499,495,1
499,555,1
499,627,1
499,772,1
499,814,1
499,1193,1
380,1952,1
499,1213,1
499,1217,1
499,1218,1
380,1951,1
380,1897,1
380,1895,1
380,1815,1
380,1793,1
380,1766,1
499,1259,1
499,1260,1
380,1749,1
380,1746,1
499,1265,1
499,1268,1
499,1269,1
499,1699,1
499,1836,1
499,1869,1
500,1287,1
380,1376,1
380,1372,1
500,1297,1
380,1260,1
500,1299,1
380,1202,1
500,1301,1
500,1312,1
380,1040,1
500,1326,1
500,1330,1
500,1338,1
500,1437,1
380,824,1
500,1447,1
500,1529,1
500,1577,1
500,1578,1
500,1686,1
380,460,1
380,390,1
500,1869,1
500,1870,1
500,1293,1
500,1285,1
499,1871,1
380,1395,1
499,1873,1
500,471,1
500,496,1
500,540,1
380,1509,1
500,781,1
500,810,1
500,969,1
500,1128,1
500,1129,1
380,1484,1
500,1213,1
500,1214,1
500,1215,1
500,1216,1
380,1481,1
380,1396,1
500,1219,1
500,1257,1
500,1261,1
500,1262,1
500,1263,1
500,1281,1
499,471,1
381,77,1
498,1870,1
381,1703,1
496,818,1
496,1132,1
496,1175,1
381,1691,1
381,1563,1
381,1480,1
496,1335,1
496,1440,1
496,1519,1
496,1582,1
496,1586,1
496,1647,1
496,1823,1
496,1868,1
496,1913,1
496,1917,1
496,1958,1
497,366,1
497,493,1
497,500,1
497,540,1
497,809,1
497,1046,1
496,812,1
496,794,1
497,1161,1
496,737,1
381,1771,1
495,818,1
381,1764,1
381,1759,1
495,1150,1
495,1166,1
495,1167,1
495,1278,1
495,1283,1
495,1292,1
495,1293,1
495,1310,1
495,1419,1
495,1517,1
495,1520,1
495,1581,1
495,1582,1
495,1917,1
495,1918,1
495,1941,1
495,1943,1
495,1958,1
381,1725,1
381,1320,1
497,1278,1
498,1726,1
498,1223,1
498,1264,1
498,1270,1
498,1278,1
381,1035,1
381,1005,1
498,1294,1
381,641,1
498,1296,1
498,1305,1
498,1308,1
498,1310,1
498,1318,1
498,1320,1
498,1331,1
498,1352,1
498,1436,1
381,265,1
498,1570,1
381,106,1
498,1584,1
498,1588,1
498,1589,1
498,1660,1
381,1277,1
498,1217,1
497,1294,1
498,1161,1
381,1288,1
497,1298,1
497,1304,1
497,1305,1
497,1306,1
497,1308,1
497,1321,1
497,1351,1
497,1438,1
497,1440,1
497,1581,1
497,1582,1
497,1583,1
497,1691,1
497,1755,1
497,1869,1
497,1870,1
497,1871,1
497,1872,1
497,1955,1
498,688,1
498,817,1
498,1009,1
486,1298,1
486,1291,1
486,1290,1
386,1049,1
477,1282,1
477,1286,1
477,1287,1
477,1288,1
477,1296,1
477,1301,1
477,1317,1
477,1319,1
477,1327,1
477,1522,1
477,1580,1
477,1730,1
479,1603,1
477,1761,1
477,1873,1
477,1876,1
477,1877,1
386,442,1
477,1900,1
478,65,1
386,217,1
386,62,1
385,1918,1
385,1910,1
477,1281,1
477,1280,1
477,1064,1
477,921,1
476,1303,1
476,1306,1
476,1309,1
476,1313,1
476,1315,1
386,1469,1
476,1327,1
476,1408,1
476,1871,1
476,1873,1
476,1875,1
476,1907,1
477,67,1
477,127,1
386,1445,1
386,1339,1
477,346,1
477,451,1
477,627,1
477,740,1
477,741,1
477,743,1
477,744,1
385,1909,1
478,452,1
478,476,1
385,1719,1
479,428,1
479,437,1
385,1288,1
479,447,1
479,448,1
479,468,1
479,567,1
479,627,1
385,1050,1
479,933,1
385,1013,1
479,1086,1
479,1087,1
479,1127,1
479,1295,1
479,1297,1
479,1298,1
479,1307,1
479,1309,1
479,1331,1
479,1353,1
385,1006,1
385,1005,1
385,1527,1
478,1965,1
478,577,1
478,1875,1
478,578,1
478,596,1
385,1873,1
385,1814,1
478,1074,1
478,1171,1
478,1282,1
478,1283,1
478,1292,1
478,1296,1
478,1301,1
478,1314,1
478,1315,1
478,1317,1
478,1327,1
478,1350,1
478,1399,1
478,1401,1
478,1767,1
385,1786,1
478,1870,1
478,1871,1
385,1732,1
476,1293,1
476,1287,1
476,1286,1
474,1283,1
474,1285,1
474,1286,1
474,1287,1
474,1289,1
474,1291,1
474,1292,1
474,1295,1
474,1297,1
474,1302,1
474,1303,1
474,1305,1
474,1307,1
474,1308,1
474,1309,1
474,1315,1
474,1329,1
474,1336,1
474,1339,1
474,1478,1
474,1680,1
474,1707,1
387,1747,1
474,1872,1
474,1284,1
474,1281,1
474,1895,1
474,1279,1
387,1978,1
473,1293,1
473,1296,1
473,1306,1
473,1312,1
473,1314,1
387,1901,1
473,1319,1
473,1328,1
473,1332,1
473,1870,1
473,1871,1
473,1872,1
387,1840,1
387,1777,1
474,342,1
474,431,1
387,1775,1
474,641,1
474,933,1
474,1237,1
387,1774,1
387,1761,1
387,1743,1
474,1898,1
476,1285,1
475,1411,1
475,1570,1
475,1577,1
387,266,1
475,1835,1
475,1870,1
475,1875,1
476,68,1
386,1831,1
476,476,1
386,1820,1
386,1811,1
386,1771,1
476,625,1
476,701,1
386,1758,1
476,870,1
386,1749,1
386,1740,1
386,1737,1
476,982,1
386,1727,1
476,1282,1
476,1284,1
475,1444,1
475,1337,1
474,1914,1
475,1334,1
387,1699,1
475,435,1
387,1661,1
387,1611,1
475,740,1
475,743,1
475,1008,1
475,1219,1
387,1523,1
387,1508,1
387,1402,1
387,1034,1
387,624,1
475,1244,1
387,435,1
387,328,1
475,1284,1
475,1295,1
475,1300,1
475,1313,1
475,1316,1
475,1325,1
475,1330,1
479,1505,1
385,1004,1
486,1278,1
383,1722,1
483,1291,1
483,1307,1
483,1309,1
383,1740,1
483,1353,1
383,1732,1
483,1404,1
483,1587,1
483,1629,1
383,1730,1
483,1669,1
383,1708,1
479,1690,1
483,1673,1
483,1740,1
483,1770,1
383,1648,1
483,1964,1
484,1,1
484,322,1
484,327,1
484,364,1
383,1643,1
383,1625,1
483,1284,1
483,1278,1
383,1757,1
383,1780,1
482,1331,1
482,1355,1
482,1399,1
384,12,1
482,1662,1
482,1667,1
383,1922,1
482,1670,1
482,1740,1
482,1766,1
482,1827,1
482,1872,1
482,1874,1
482,1875,1
383,1920,1
482,1956,1
482,1957,1
483,409,1
383,1879,1
483,610,1
483,720,1
383,1830,1
483,903,1
484,1278,1
484,1289,1
484,1291,1
485,1280,1
485,1283,1
485,1284,1
485,1293,1
485,1302,1
485,1310,1
485,1358,1
383,165,1
485,1404,1
485,1671,1
485,1742,1
485,1875,1
485,1949,1
383,116,1
486,449,1
486,688,1
486,927,1
486,934,1
486,1130,1
486,1131,1
382,1924,1
486,1148,1
486,1149,1
382,1819,1
485,1282,1
485,1147,1
383,1288,1
485,702,1
484,1296,1
484,1298,1
484,1300,1
484,1306,1
484,1308,1
484,1310,1
484,1311,1
484,1333,1
484,1334,1
383,1286,1
484,1461,1
484,1660,1
484,1668,1
484,1737,1
484,1746,1
484,1872,1
383,1040,1
484,1949,1
485,364,1
485,432,1
485,462,1
383,374,1
383,343,1
384,147,1
482,1323,1
482,1310,1
480,808,1
384,1780,1
480,1010,1
480,1218,1
480,1292,1
480,1295,1
480,1299,1
480,1301,1
480,1315,1
384,1765,1
480,1352,1
480,1353,1
480,1399,1
384,1763,1
384,1759,1
384,1756,1
480,1692,1
480,1768,1
384,1755,1
480,1871,1
480,1874,1
480,1875,1
480,1959,1
480,1961,1
480,926,1
480,744,1
384,1744,1
480,706,1
385,443,1
479,1872,1
479,1873,1
479,1874,1
385,415,1
479,1877,1
480,126,1
385,116,1
480,345,1
384,1927,1
384,1921,1
384,1919,1
384,1879,1
480,435,1
384,1836,1
384,1827,1
384,1807,1
384,1797,1
384,1793,1
480,541,1
480,622,1
480,623,1
480,627,1
481,38,1
384,1733,1
482,1306,1
481,1661,1
384,1096,1
384,1087,1
481,1669,1
384,1053,1
384,1014,1
384,1009,1
481,1738,1
482,430,1
384,1002,1
482,434,1
482,472,1
384,504,1
482,560,1
482,784,1
482,878,1
482,1065,1
482,1085,1
482,1086,1
384,224,1
482,1134,1
482,1173,1
482,1294,1
482,1297,1
481,1662,1
384,1259,1
481,346,1
481,1318,1
384,1731,1
384,1725,1
384,1717,1
481,433,1
384,1693,1
481,540,1
384,1523,1
481,615,1
481,634,1
481,782,1
481,783,1
384,1489,1
384,1288,1
481,927,1
481,1080,1
481,1217,1
384,1287,1
481,1277,1
481,1281,1
481,1288,1
481,1307,1
481,1308,1
481,1315,1
500,1872,1
500,1975,1
380,359,1
511,1330,1
373,1700,1
511,1291,1
511,1292,1
373,1678,1
373,1609,1
511,1308,1
511,1314,1
511,1316,1
511,1327,1
511,1328,1
373,1559,1
511,1331,1
512,1324,1
511,1332,1
511,1333,1
511,1337,1
511,1338,1
511,1343,1
511,1354,1
511,1569,1
511,1597,1
511,1697,1
511,1698,1
511,1826,1
373,1716,1
511,1287,1
511,1286,1
511,1281,1
374,137,1
511,1239,1
373,1945,1
373,1914,1
373,1817,1
511,1248,1
511,1252,1
511,1253,1
373,1809,1
511,1264,1
511,1265,1
373,1793,1
373,1790,1
511,1268,1
511,1269,1
511,1270,1
373,1779,1
511,1272,1
373,1764,1
511,1274,1
511,1276,1
373,1750,1
511,1279,1
511,1827,1
373,1291,1
512,492,1
373,547,1
512,1277,1
373,522,1
512,1279,1
512,1280,1
373,175,1
512,1284,1
512,1287,1
512,1289,1
512,1290,1
512,1291,1
372,1966,1
372,1955,1
512,1297,1
372,1905,1
512,1301,1
372,1895,1
512,1307,1
372,1890,1
512,1309,1
512,1311,1
512,1315,1
512,1316,1
512,1317,1
512,1276,1
512,1273,1
512,577,1
512,1272,1
512,886,1
512,887,1
373,1280,1
373,1173,1
512,1233,1
373,1041,1
512,1235,1
512,1237,1
512,1238,1
512,1239,1
512,1240,1
373,1009,1
373,1008,1
512,1245,1
512,1253,1
512,1255,1
512,1264,1
512,1265,1
373,1006,1
512,1267,1
512,1268,1
512,1269,1
512,1270,1
374,404,1
374,407,1
374,523,1
375,1259,1
509,1542,1
509,1692,1
375,524,1
509,1975,1
375,496,1
375,445,1
509,1988,1
509,1989,1
510,479,1
510,481,1
510,491,1
510,492,1
375,292,1
510,544,1
510,643,1
510,1220,1
510,1222,1
510,1224,1
375,180,1
374,1933,1
374,1915,1
374,1850,1
374,1840,1
375,596,1
509,1345,1
510,1242,1
375,1286,1
509,1261,1
509,1263,1
509,1265,1
375,1601,1
509,1267,1
509,1269,1
509,1271,1
509,1272,1
375,1500,1
509,1276,1
509,1283,1
509,1288,1
375,1365,1
375,1353,1
509,1293,1
509,1299,1
509,1302,1
509,1304,1
509,1313,1
509,1316,1
509,1319,1
509,1321,1
509,1323,1
374,1832,1
510,1243,1
374,740,1
374,1726,1
374,1715,1
510,1314,1
510,1318,1
374,1605,1
374,1416,1
374,1355,1
510,1330,1
374,1291,1
510,1334,1
510,1341,1
510,1344,1
510,1542,1
510,1588,1
510,1654,1
510,1898,1
510,1899,1
510,1905,1
511,492,1
511,887,1
511,889,1
511,998,1
511,1062,1
511,1171,1
510,1309,1
510,1304,1
374,1824,1
510,1300,1
510,1249,1
510,1253,1
510,1257,1
510,1260,1
510,1261,1
510,1262,1
374,1795,1
374,1788,1
510,1265,1
510,1267,1
510,1268,1
510,1269,1
374,1784,1
374,1771,1
510,1273,1
510,1274,1
374,1770,1
374,1767,1
510,1286,1
510,1288,1
510,1291,1
510,1292,1
374,1741,1
372,1820,1
372,1784,1
509,1257,1
370,1606,1
370,1749,1
370,1747,1
514,1253,1
514,1267,1
370,1746,1
370,1733,1
370,1727,1
370,1712,1
514,1273,1
370,1705,1
370,1676,1
370,1595,1
372,1777,1
514,1278,1
370,1583,1
370,1467,1
370,1361,1
370,1311,1
514,1284,1
514,1285,1
514,1286,1
514,1287,1
370,1310,1
370,1271,1
514,1243,1
514,1240,1
514,1239,1
370,1751,1
513,1589,1
370,1792,1
513,1765,1
513,1990,1
370,1788,1
514,84,1
370,1787,1
514,335,1
370,1776,1
514,469,1
370,1754,1
514,966,1
514,986,1
370,1753,1
514,1219,1
514,1221,1
514,1223,1
514,1229,1
514,1230,1
514,1232,1
514,1234,1
514,1235,1
514,1236,1
370,1266,1
370,1188,1
370,1185,1
369,1601,1
514,1327,1
369,1584,1
514,1331,1
369,1233,1
369,1188,1
514,1334,1
514,1335,1
369,1184,1
514,1337,1
514,1338,1
369,1131,1
514,1341,1
514,1342,1
514,1345,1
514,1594,1
514,1857,1
369,1130,1
514,1986,1
369,1099,1
515,86,1
515,433,1
515,564,1
369,1081,1
514,1326,1
514,1323,1
370,455,1
369,1672,1
514,1294,1
370,284,1
370,175,1
514,1300,1
514,1301,1
369,1941,1
369,1882,1
369,1804,1
369,1801,1
369,1798,1
369,1772,1
369,1763,1
369,1757,1
514,1311,1
369,1756,1
369,1744,1
369,1743,1
369,1739,1
514,1316,1
514,1318,1
369,1734,1
369,1721,1
369,1720,1
370,1795,1
513,1412,1
513,1345,1
372,1529,1
513,859,1
513,869,1
513,887,1
513,954,1
513,963,1
513,1142,1
513,1222,1
513,1224,1
372,1397,1
372,1105,1
513,1233,1
513,1239,1
513,1240,1
372,1011,1
372,1008,1
513,1261,1
372,455,1
513,1267,1
372,390,1
372,387,1
513,1270,1
372,176,1
371,1948,1
513,471,1
372,1621,1
513,1276,1
513,463,1
512,1327,1
512,1329,1
372,1748,1
512,1332,1
512,1333,1
512,1334,1
372,1741,1
512,1339,1
512,1340,1
372,1738,1
372,1690,1
512,1412,1
512,1541,1
512,1595,1
512,1892,1
512,1981,1
512,1982,1
512,1983,1
512,1984,1
372,1685,1
372,1677,1
372,1635,1
513,174,1
371,1896,1
371,1895,1
513,1344,1
513,1312,1
513,1314,1
371,758,1
513,1316,1
513,1317,1
371,609,1
513,1320,1
371,606,1
513,1322,1
513,1325,1
513,1326,1
371,134,1
513,1328,1
513,1329,1
513,1330,1
513,1332,1
513,1333,1
513,1334,1
513,1335,1
513,1336,1
370,1961,1
370,1951,1
370,1847,1
370,1808,1
513,1313,1
513,1310,1
371,1838,1
513,1309,1
371,1824,1
371,1821,1
371,1817,1
371,1794,1
513,1284,1
513,1285,1
371,1778,1
513,1287,1
371,1771,1
513,1289,1
513,1290,1
513,1292,1
371,1759,1
371,1733,1
513,1295,1
513,1296,1
371,1717,1
371,1716,1
371,1524,1
371,1277,1
513,1305,1
371,1236,1
513,1308,1
509,1258,1
375,1711,1
379,1848,1
503,1310,1
503,1278,1
503,1280,1
503,1282,1
503,1288,1
503,1291,1
503,1292,1
503,1297,1
503,1298,1
503,1305,1
503,1307,1
503,1308,1
503,1323,1
377,1779,1
503,1693,1
503,1770,1
503,1771,1
503,1779,1
503,1838,1
504,218,1
504,369,1
378,1102,1
378,1081,1
504,484,1
378,1010,1
503,1277,1
503,1275,1
503,1274,1
503,1273,1
378,1733,1
378,1705,1
378,1685,1
378,1617,1
378,1607,1
503,686,1
503,779,1
503,943,1
503,1202,1
503,1211,1
503,1214,1
378,1605,1
503,1222,1
378,1525,1
378,1521,1
378,1509,1
503,1253,1
378,1289,1
503,1255,1
503,1259,1
503,1260,1
503,1264,1
503,1272,1
504,557,1
378,1005,1
504,1158,1
504,1304,1
504,1307,1
504,1314,1
504,1316,1
504,1319,1
504,1322,1
504,1325,1
378,75,1
377,1986,1
504,1482,1
504,1520,1
504,1801,1
504,1911,1
504,1937,1
504,1993,1
505,200,1
505,495,1
505,498,1
377,1888,1
377,1804,1
505,1212,1
377,1801,1
505,1221,1
505,1222,1
378,105,1
378,144,1
504,1220,1
504,1298,1
504,1223,1
378,528,1
378,511,1
504,1251,1
504,1253,1
504,1254,1
504,1255,1
378,477,1
504,1257,1
378,431,1
378,405,1
504,1261,1
504,1266,1
504,1274,1
504,1276,1
504,1278,1
504,1280,1
504,1281,1
504,1283,1
504,1286,1
378,264,1
378,183,1
504,1297,1
503,471,1
503,218,1
503,23,1
501,1282,1
379,1519,1
379,1360,1
379,1289,1
501,1301,1
501,1302,1
501,1306,1
501,1309,1
501,1318,1
501,1323,1
501,1324,1
501,1327,1
501,1328,1
379,972,1
501,1335,1
501,1337,1
501,1359,1
501,1572,1
501,1591,1
501,1701,1
379,624,1
501,1791,1
501,1858,1
501,1865,1
501,1288,1
379,1523,1
379,405,1
379,1650,1
379,1838,1
379,1823,1
379,1809,1
379,1805,1
501,742,1
501,780,1
501,1076,1
501,1128,1
501,1129,1
379,1804,1
501,1214,1
379,1781,1
379,1772,1
379,1770,1
501,1221,1
379,1768,1
379,1762,1
501,1255,1
379,1713,1
501,1264,1
501,1265,1
379,1698,1
501,1275,1
501,1868,1
502,569,1
378,1754,1
378,1780,1
502,1311,1
502,1315,1
502,1319,1
502,1324,1
502,1328,1
502,1329,1
502,1330,1
502,1332,1
502,1334,1
502,1337,1
502,1344,1
502,1345,1
502,1479,1
502,1767,1
378,1774,1
502,1774,1
502,1836,1
502,1837,1
502,1838,1
378,1763,1
502,1871,1
502,1902,1
502,1915,1
502,1310,1
502,1301,1
502,844,1
502,1300,1
379,180,1
378,1892,1
378,1857,1
502,1254,1
502,1256,1
502,1257,1
502,1259,1
502,1261,1
502,1263,1
502,1268,1
378,1834,1
502,1278,1
502,1282,1
502,1284,1
502,1287,1
502,1288,1
378,1825,1
378,1812,1
378,1803,1
378,1795,1
378,1789,1
502,1298,1
378,1782,1
377,1792,1
377,1774,1
509,1250,1
508,1220,1
376,1776,1
376,1757,1
376,1738,1
376,1691,1
376,1502,1
508,768,1
508,967,1
376,1286,1
508,1071,1
376,1258,1
508,1212,1
376,1034,1
505,1255,1
508,1245,1
508,1246,1
376,497,1
508,1248,1
508,1249,1
508,1252,1
508,1254,1
376,283,1
508,1256,1
508,1259,1
508,1260,1
376,1791,1
376,1797,1
507,1912,1
507,1692,1
507,1255,1
507,1256,1
507,1257,1
507,1259,1
507,1261,1
507,1271,1
507,1274,1
507,1275,1
507,1279,1
376,1913,1
376,1823,1
376,1817,1
507,1295,1
507,1297,1
507,1302,1
507,1303,1
507,1306,1
507,1312,1
507,1325,1
507,1331,1
507,1337,1
507,1469,1
507,1691,1
508,1261,1
508,1272,1
508,1274,1
508,1898,1
508,1982,1
375,1840,1
509,156,1
509,424,1
375,1815,1
375,1787,1
509,758,1
375,1780,1
509,1217,1
509,1218,1
509,1223,1
375,1768,1
375,1762,1
375,1761,1
375,1760,1
375,1751,1
375,1746,1
375,1744,1
509,1243,1
375,1730,1
509,1245,1
509,1247,1
375,1712,1
508,1899,1
508,1897,1
376,180,1
508,1781,1
376,176,1
508,1284,1
376,105,1
508,1292,1
508,1293,1
508,1300,1
508,1302,1
508,1304,1
376,75,1
508,1306,1
508,1307,1
508,1309,1
508,1311,1
376,74,1
375,1841,1
508,1320,1
508,1328,1
508,1334,1
508,1339,1
508,1340,1
508,1352,1
508,1416,1
508,1692,1
507,1254,1
507,1251,1
507,1247,1
505,1325,1
505,1329,1
505,1330,1
505,1332,1
505,1338,1
505,1414,1
505,1483,1
505,1565,1
505,1988,1
506,148,1
506,336,1
506,370,1
506,454,1
506,496,1
506,765,1
506,1219,1
506,1223,1
506,1224,1
377,1479,1
377,1387,1
377,1288,1
506,1246,1
377,1071,1
377,943,1
505,1327,1
505,1317,1
377,633,1
505,1315,1
505,1256,1
505,1258,1
505,1259,1
505,1263,1
505,1265,1
505,1268,1
505,1272,1
505,1274,1
505,1275,1
505,1276,1
505,1277,1
505,1282,1
505,1286,1
505,1289,1
377,1773,1
377,1771,1
505,1293,1
377,1767,1
377,1733,1
505,1303,1
377,1720,1
505,1312,1
377,1626,1
506,1250,1
506,1252,1
507,1246,1
506,1315,1
506,1323,1
377,234,1
506,1334,1
506,1339,1
506,1479,1
506,1517,1
506,1541,1
506,1692,1
506,1870,1
377,180,1
506,1937,1
377,144,1
507,151,1
507,496,1
507,499,1
507,1099,1
507,1216,1
507,1221,1
507,1224,1
377,74,1
376,1990,1
376,1989,1
507,1244,1
506,1316,1
506,1313,1
506,1257,1
506,1310,1
377,523,1
506,1259,1
506,1264,1
506,1267,1
506,1270,1
506,1271,1
506,1273,1
506,1274,1
377,461,1
506,1278,1
506,1280,1
377,460,1
506,1286,1
377,404,1
506,1288,1
506,1292,1
506,1293,1
506,1294,1
506,1297,1
506,1302,1
506,1306,1
506,1308,1
377,393,1
473,1285,1
388,311,1
337,1768,1
425,1240,1
425,447,1
425,918,1
425,919,1
425,920,1
425,965,1
425,976,1
425,1020,1
402,101,1
425,1063,1
425,1130,1
425,1212,1
425,1248,1
424,1384,1
425,1253,1
425,1338,1
425,1413,1
425,1496,1
425,1603,1
425,1605,1
425,1611,1
425,1672,1
425,1677,1
425,1679,1
425,1681,1
425,437,1
425,435,1
425,400,1
425,399,1
424,1521,1
424,1603,1
424,1604,1
402,1036,1
424,1679,1
424,1685,1
402,997,1
424,1726,1
424,1731,1
424,1733,1
424,1774,1
424,1789,1
424,1797,1
424,1850,1
424,1859,1
424,1862,1
424,1882,1
402,996,1
402,372,1
402,354,1
402,311,1
425,386,1
425,398,1
425,1682,1
425,1685,1
425,1698,1
401,1602,1
426,1231,1
426,1248,1
426,1392,1
426,1393,1
426,1622,1
401,1482,1
426,1677,1
426,1682,1
426,1685,1
401,1455,1
426,1687,1
426,1688,1
426,1689,1
426,1691,1
426,1693,1
426,1700,1
401,1450,1
426,1729,1
426,1731,1
401,1393,1
426,1736,1
426,1741,1
426,1865,1
426,1196,1
426,922,1
425,1731,1
426,919,1
425,1733,1
425,1734,1
425,1736,1
425,1765,1
425,1768,1
425,1770,1
425,1781,1
425,1842,1
425,1851,1
425,1859,1
425,1864,1
425,1867,1
401,1860,1
426,167,1
426,174,1
401,1823,1
401,1811,1
401,1788,1
426,316,1
401,1710,1
401,1706,1
401,1692,1
426,777,1
402,1072,1
424,1382,1
388,342,1
422,1630,1
422,1199,1
422,1224,1
422,1228,1
422,1244,1
422,1264,1
422,1310,1
403,671,1
403,647,1
422,1524,1
422,1547,1
422,1604,1
422,1648,1
424,1241,1
422,1672,1
422,1676,1
422,1679,1
422,1683,1
422,1701,1
422,1816,1
422,1849,1
422,1850,1
422,1865,1
422,1986,1
423,176,1
403,690,1
403,984,1
403,985,1
422,924,1
421,1859,1
421,1862,1
421,1863,1
421,1883,1
421,1884,1
421,1949,1
422,151,1
403,1756,1
403,1752,1
403,1733,1
422,316,1
422,349,1
403,1726,1
403,1613,1
403,1475,1
403,1444,1
403,1443,1
403,1393,1
403,1321,1
422,463,1
403,1299,1
403,1118,1
422,923,1
403,444,1
423,396,1
403,414,1
423,1986,1
402,1686,1
402,1657,1
424,398,1
402,1525,1
424,432,1
424,450,1
402,1495,1
402,1493,1
424,714,1
424,805,1
424,915,1
402,1451,1
402,1363,1
424,929,1
402,1346,1
402,1329,1
402,1259,1
424,1064,1
424,1128,1
424,1129,1
402,1127,1
424,1150,1
424,1221,1
402,1752,1
423,1944,1
403,358,1
423,1867,1
403,357,1
402,1997,1
402,1866,1
423,451,1
402,1865,1
402,1823,1
402,1809,1
423,1123,1
402,1795,1
423,1195,1
402,1784,1
423,1231,1
423,1232,1
423,1282,1
423,1524,1
423,1603,1
423,1609,1
423,1672,1
423,1673,1
423,1687,1
423,1786,1
423,1813,1
423,1834,1
426,1906,1
426,1909,1
427,39,1
399,1790,1
400,272,1
400,257,1
431,1547,1
431,1572,1
431,1586,1
400,67,1
399,1994,1
431,1743,1
431,1910,1
431,1986,1
432,209,1
432,374,1
427,176,1
432,447,1
399,1783,1
432,450,1
432,824,1
399,1751,1
432,1338,1
432,1339,1
432,1343,1
399,1746,1
432,1434,1
432,1523,1
431,1435,1
400,371,1
400,399,1
431,1269,1
430,1385,1
430,1403,1
400,1340,1
430,1432,1
430,1497,1
430,1527,1
430,1531,1
430,1546,1
430,1549,1
400,1299,1
400,984,1
430,1706,1
430,1753,1
430,1926,1
430,1927,1
430,1928,1
430,1969,1
400,705,1
400,493,1
431,419,1
400,418,1
431,1241,1
431,1264,1
432,1524,1
432,1549,1
432,1572,1
433,1389,1
399,1321,1
433,1403,1
433,1407,1
399,1319,1
399,1318,1
433,1506,1
433,1549,1
433,1550,1
433,1551,1
433,1572,1
433,1584,1
433,1685,1
433,1704,1
433,1749,1
433,1812,1
434,35,1
434,159,1
434,211,1
434,215,1
434,364,1
434,421,1
434,600,1
399,1317,1
433,1393,1
433,1258,1
432,1573,1
433,1243,1
432,1585,1
432,1705,1
399,1737,1
432,1752,1
432,1836,1
432,1846,1
432,1859,1
433,209,1
433,212,1
399,1733,1
433,289,1
399,1725,1
399,1718,1
433,371,1
399,1603,1
433,910,1
433,932,1
399,1513,1
399,1336,1
433,984,1
399,1331,1
399,1325,1
433,1128,1
430,1366,1
430,1338,1
430,1257,1
427,1704,1
427,1723,1
427,1727,1
427,1728,1
401,372,1
401,371,1
427,1731,1
401,261,1
427,1735,1
427,1741,1
427,1744,1
427,1748,1
427,1754,1
427,1768,1
427,1770,1
427,1772,1
427,1773,1
427,1786,1
427,1796,1
427,1863,1
400,1884,1
427,1909,1
428,13,1
428,174,1
427,1720,1
427,1703,1
428,377,1
427,1686,1
401,1345,1
427,423,1
427,922,1
427,1020,1
401,1344,1
401,1343,1
401,1342,1
427,1245,1
427,1252,1
427,1253,1
427,1434,1
427,1435,1
401,1291,1
401,1035,1
427,1498,1
401,983,1
427,1546,1
427,1548,1
427,1573,1
427,1587,1
427,1625,1
427,1677,1
401,495,1
400,1849,1
428,382,1
430,983,1
429,421,1
429,712,1
400,1700,1
429,1130,1
400,1676,1
429,1227,1
429,1334,1
429,1425,1
429,1431,1
429,1433,1
400,1625,1
429,1546,1
429,1572,1
429,1701,1
429,1759,1
429,1963,1
429,1964,1
400,1529,1
430,186,1
430,213,1
400,1522,1
400,1481,1
430,713,1
430,791,1
400,1701,1
400,1733,1
400,1834,1
429,372,1
400,1823,1
428,999,1
428,1227,1
428,1230,1
428,1232,1
428,1241,1
428,1245,1
428,1248,1
428,1254,1
428,1256,1
428,1303,1
428,1338,1
428,1339,1
400,1816,1
400,1802,1
400,1796,1
428,1501,1
400,1774,1
428,1632,1
428,1744,1
428,1763,1
428,1830,1
428,1909,1
421,1855,1
421,1846,1
421,1733,1
414,1233,1
414,464,1
414,640,1
414,908,1
414,918,1
408,1289,1
408,1288,1
408,990,1
408,902,1
408,900,1
408,534,1
408,462,1
414,1242,1
416,782,1
414,1264,1
414,1299,1
414,1310,1
414,1436,1
414,1471,1
414,1474,1
414,1475,1
414,1515,1
414,1609,1
414,1610,1
414,1693,1
414,390,1
408,1290,1
408,1299,1
408,1483,1
413,923,1
413,1010,1
408,1857,1
408,1779,1
408,1740,1
413,1207,1
413,1232,1
413,1239,1
408,1704,1
408,1686,1
408,1623,1
413,1473,1
413,1475,1
413,1611,1
408,1510,1
413,1768,1
413,1804,1
413,1849,1
413,1864,1
413,1940,1
413,1941,1
413,1946,1
414,192,1
414,1827,1
414,1837,1
414,1841,1
407,1787,1
415,1605,1
415,1606,1
407,1766,1
415,1608,1
415,1609,1
415,1684,1
407,1742,1
415,1721,1
415,1741,1
415,1994,1
416,27,1
407,1691,1
416,167,1
407,1524,1
407,1331,1
407,1299,1
407,1068,1
407,926,1
407,893,1
416,384,1
416,399,1
416,438,1
407,793,1
415,1515,1
415,1458,1
414,1846,1
407,1807,1
414,1854,1
414,1883,1
414,1910,1
414,1917,1
414,1945,1
415,374,1
415,391,1
415,714,1
415,781,1
408,261,1
408,257,1
408,223,1
408,193,1
408,190,1
407,1982,1
415,1128,1
415,1129,1
415,1131,1
415,1135,1
415,1190,1
415,1233,1
415,1239,1
415,1251,1
413,921,1
413,920,1
413,919,1
411,285,1
411,303,1
409,1907,1
409,1836,1
409,1813,1
411,893,1
411,919,1
411,1010,1
411,1110,1
411,1111,1
411,1122,1
411,1131,1
411,1132,1
411,1205,1
411,1240,1
411,1283,1
411,1286,1
411,1290,1
411,1296,1
409,1794,1
409,1774,1
411,1491,1
411,1528,1
409,1720,1
410,213,1
411,192,1
411,1632,1
411,166,1
410,976,1
410,1137,1
410,719,1
410,1222,1
410,1240,1
410,418,1
410,1299,1
410,1530,1
410,1613,1
410,1614,1
410,1618,1
410,1620,1
410,1630,1
410,1631,1
410,1728,1
410,1749,1
410,1754,1
410,1758,1
410,1799,1
410,1810,1
410,1819,1
410,268,1
411,120,1
411,1611,1
411,1685,1
413,781,1
409,811,1
412,1232,1
412,1299,1
409,803,1
412,1337,1
412,1382,1
409,490,1
412,1602,1
412,1610,1
412,1624,1
409,440,1
412,1734,1
412,1768,1
412,1771,1
412,1787,1
412,1795,1
412,1929,1
412,1930,1
413,11,1
413,166,1
409,261,1
409,260,1
413,389,1
408,1992,1
412,1198,1
409,896,1
411,1688,1
412,722,1
409,1632,1
411,1757,1
411,1774,1
411,1784,1
411,1827,1
411,1847,1
411,1920,1
412,166,1
409,1627,1
412,262,1
409,1613,1
412,280,1
409,1482,1
409,1301,1
409,1287,1
409,1255,1
409,1253,1
409,1231,1
409,1230,1
409,1225,1
409,1222,1
412,388,1
409,927,1
416,591,1
416,883,1
403,1760,1
419,1953,1
419,1414,1
419,1415,1
405,983,1
419,1489,1
419,1529,1
419,1607,1
419,1610,1
419,1613,1
419,1681,1
419,1701,1
419,1854,1
405,909,1
416,896,1
405,497,1
420,377,1
404,1850,1
404,1844,1
404,1833,1
404,1805,1
404,1752,1
404,1746,1
404,1718,1
420,459,1
420,500,1
419,1376,1
419,1371,1
419,1370,1
419,1369,1
405,1831,1
419,385,1
419,393,1
405,1803,1
405,1783,1
405,1690,1
405,1537,1
419,409,1
405,1527,1
405,1336,1
419,438,1
405,1330,1
419,1013,1
405,1299,1
419,1128,1
405,986,1
419,1242,1
405,984,1
419,1310,1
419,1342,1
419,1343,1
419,1344,1
419,1368,1
404,1714,1
404,1498,1
404,1396,1
404,495,1
404,361,1
421,379,1
421,385,1
404,260,1
404,259,1
404,257,1
404,180,1
421,427,1
421,440,1
403,1893,1
421,527,1
403,1788,1
421,739,1
421,919,1
403,1784,1
403,1764,1
421,1264,1
421,1331,1
421,1376,1
421,1393,1
421,1515,1
421,1521,1
421,1684,1
404,486,1
404,496,1
404,1394,1
404,551,1
404,1358,1
404,1318,1
404,1290,1
404,1263,1
404,988,1
420,1063,1
420,1193,1
404,966,1
420,1239,1
420,1333,1
420,1334,1
420,1350,1
420,1389,1
420,1391,1
420,1397,1
420,1488,1
420,1521,1
420,1632,1
420,1645,1
420,1701,1
420,1764,1
420,1895,1
404,926,1
419,381,1
419,379,1
419,378,1
416,1993,1
406,1812,1
406,1793,1
417,296,1
406,1746,1
406,1724,1
417,374,1
406,1706,1
417,394,1
417,602,1
406,1625,1
406,1607,1
417,1024,1
406,1521,1
417,1256,1
406,1477,1
406,1338,1
417,1476,1
417,1477,1
417,1490,1
417,1492,1
417,1516,1
417,1546,1
406,1261,1
406,1829,1
416,1978,1
417,1746,1
416,1947,1
407,522,1
416,922,1
416,923,1
407,378,1
416,984,1
407,371,1
416,1127,1
416,1234,1
416,1401,1
416,1430,1
416,1458,1
416,1479,1
416,1482,1
416,1512,1
416,1582,1
416,1607,1
416,1683,1
416,1701,1
407,283,1
407,190,1
416,1827,1
416,1866,1
416,1942,1
417,1701,1
417,1748,1
419,377,1
406,606,1
418,1546,1
418,1547,1
418,1610,1
418,1672,1
418,1675,1
418,1701,1
418,1754,1
418,1760,1
418,1777,1
418,1818,1
418,1858,1
418,1860,1
418,1861,1
418,1944,1
419,12,1
419,254,1
419,263,1
419,264,1
406,605,1
406,594,1
419,373,1
419,374,1
405,1856,1
418,1490,1
418,1364,1
417,1758,1
418,1358,1
417,1804,1
417,1846,1
417,1856,1
417,1920,1
406,1255,1
418,216,1
418,264,1
418,268,1
406,1234,1
418,396,1
406,1226,1
406,1225,1
418,911,1
406,1224,1
406,1221,1
406,1136,1
406,982,1
418,1193,1
418,1194,1
418,1289,1
418,1290,1
418,1300,1
418,1346,1
399,1314,1
399,1313,1
399,1312,1
461,165,1
392,1808,1
460,1310,1
460,1387,1
460,1436,1
460,1509,1
460,1601,1
460,1632,1
460,1633,1
460,1871,1
460,1983,1
460,1998,1
461,166,1
465,976,1
461,631,1
461,707,1
461,708,1
461,810,1
392,1745,1
392,1742,1
461,1430,1
461,1527,1
461,1539,1
461,1548,1
461,1556,1
460,1150,1
460,1114,1
460,829,1
460,617,1
458,1468,1
458,1522,1
458,1548,1
458,1632,1
458,1691,1
458,1876,1
458,1888,1
392,1977,1
459,85,1
392,1906,1
459,170,1
459,453,1
392,1893,1
392,1813,1
459,1081,1
459,1338,1
459,1468,1
459,1469,1
459,1522,1
459,1633,1
459,1730,1
459,1823,1
460,450,1
461,1970,1
392,1444,1
392,1291,1
464,228,1
464,446,1
464,549,1
391,1786,1
464,914,1
464,964,1
391,1774,1
464,1001,1
464,1012,1
391,1757,1
464,1279,1
464,1385,1
464,1390,1
464,1469,1
464,1518,1
464,1519,1
391,1731,1
464,1714,1
391,1726,1
391,1549,1
391,1508,1
391,1507,1
464,1965,1
465,60,1
391,1808,1
392,388,1
462,372,1
392,389,1
462,707,1
462,808,1
462,1267,1
392,1154,1
462,1464,1
462,1465,1
462,1466,1
462,1467,1
462,1469,1
462,1590,1
462,1653,1
462,1870,1
463,175,1
392,1124,1
463,711,1
463,1014,1
463,1219,1
392,427,1
392,391,1
463,1323,1
463,1384,1
463,1385,1
463,1399,1
458,1219,1
392,1998,1
458,909,1
454,170,1
393,1803,1
393,1788,1
454,1079,1
393,1774,1
454,1278,1
454,1378,1
454,1379,1
454,1402,1
454,1435,1
454,1511,1
454,1512,1
393,1740,1
454,1605,1
454,1617,1
454,1633,1
393,1738,1
454,1762,1
454,1873,1
393,1716,1
455,37,1
393,1710,1
455,164,1
393,1609,1
454,171,1
393,1808,1
455,170,1
454,142,1
452,1680,1
452,1682,1
452,1725,1
452,1766,1
452,1839,1
394,605,1
394,260,1
453,162,1
453,397,1
453,716,1
453,989,1
394,169,1
453,1123,1
393,1928,1
453,1281,1
453,1338,1
453,1353,1
453,1431,1
453,1435,1
453,1500,1
453,1508,1
453,1606,1
453,1874,1
455,169,1
393,1591,1
392,1999,1
456,1159,1
456,1517,1
456,1873,1
456,1969,1
393,1155,1
457,321,1
457,448,1
457,707,1
393,811,1
393,628,1
457,783,1
457,808,1
457,1184,1
457,1338,1
457,1544,1
457,1545,1
457,1632,1
457,1873,1
457,1927,1
458,206,1
393,577,1
393,258,1
458,626,1
458,781,1
456,1178,1
393,1292,1
455,172,1
456,590,1
455,173,1
393,1590,1
393,1589,1
455,562,1
455,754,1
455,783,1
455,1154,1
455,1162,1
393,1588,1
393,1578,1
455,1378,1
455,1390,1
455,1591,1
455,1625,1
455,1633,1
455,1685,1
455,1698,1
393,1524,1
393,1502,1
455,1930,1
393,1352,1
456,170,1
456,368,1
391,1495,1
391,1153,1
452,1278,1
388,1521,1
471,111,1
471,113,1
388,1779,1
471,609,1
471,613,1
388,1758,1
388,1752,1
388,1728,1
388,1708,1
388,1549,1
388,1522,1
471,1265,1
465,1383,1
388,1442,1
471,1287,1
471,1293,1
471,1294,1
471,1295,1
471,1296,1
471,1298,1
471,1299,1
471,1301,1
471,1302,1
471,1305,1
471,110,1
388,1790,1
388,1885,1
470,1724,1
470,519,1
470,535,1
470,578,1
470,602,1
470,641,1
470,1298,1
389,1357,1
470,1303,1
389,1195,1
470,1308,1
470,1309,1
389,550,1
470,1316,1
470,1318,1
470,1320,1
470,1324,1
470,1332,1
470,1333,1
470,1334,1
470,1337,1
389,440,1
388,1948,1
470,1645,1
471,1306,1
471,1309,1
471,1320,1
472,1306,1
472,1308,1
472,1309,1
472,1311,1
472,1313,1
472,1314,1
472,1316,1
472,1317,1
472,1318,1
472,1320,1
472,1322,1
472,1323,1
472,1324,1
472,1325,1
472,1328,1
472,1434,1
472,1498,1
388,554,1
388,514,1
473,287,1
388,383,1
473,444,1
473,458,1
473,1019,1
472,1307,1
472,1304,1
471,1324,1
472,1303,1
388,1403,1
471,1332,1
471,1335,1
471,1336,1
471,1425,1
471,1446,1
471,1529,1
471,1914,1
472,112,1
472,432,1
472,442,1
472,606,1
388,1129,1
472,780,1
472,785,1
472,809,1
472,843,1
472,940,1
388,946,1
472,1279,1
472,1285,1
472,1295,1
472,1301,1
470,475,1
470,473,1
470,437,1
467,247,1
390,1777,1
467,784,1
390,1773,1
467,1158,1
467,1218,1
390,1770,1
467,1340,1
467,1502,1
467,1541,1
467,1691,1
467,1698,1
390,1764,1
467,1897,1
467,1946,1
467,1969,1
390,1748,1
468,152,1
468,394,1
468,553,1
468,891,1
390,1548,1
390,1529,1
468,1280,1
467,427,1
466,1914,1
468,1305,1
466,1884,1
465,1384,1
465,1471,1
465,1641,1
391,576,1
391,536,1
465,1935,1
465,1966,1
465,1970,1
466,161,1
390,1849,1
390,1807,1
390,1805,1
390,1783,1
466,1064,1
466,1134,1
466,1318,1
466,1328,1
466,1340,1
466,1382,1
466,1383,1
466,1470,1
466,1585,1
466,1696,1
468,1304,1
468,1319,1
470,419,1
469,1039,1
389,1765,1
469,1288,1
469,1298,1
469,1300,1
389,1764,1
469,1309,1
469,1317,1
469,1319,1
469,1321,1
469,1325,1
469,1333,1
469,1401,1
469,1439,1
389,1739,1
389,1724,1
389,1703,1
389,1694,1
389,1615,1
389,1516,1
469,1968,1
470,110,1
470,137,1
470,161,1
389,1777,1
389,1779,1
468,1323,1
469,808,1
468,1329,1
468,1376,1
468,1393,1
468,1541,1
390,1353,1
468,1671,1
468,1709,1
468,1898,1
390,535,1
468,1986,1
469,128,1
469,332,1
469,358,1
469,418,1
469,445,1
469,447,1
390,176,1
389,1868,1
469,474,1
389,1838,1
469,516,1
389,1804,1
469,785,1
452,1433,1
452,1090,1
399,1311,1
439,1711,1
439,444,1
439,769,1
439,967,1
398,291,1
439,1230,1
439,1240,1
439,1339,1
439,1534,1
439,1535,1
439,1583,1
439,1702,1
439,1852,1
442,1240,1
439,1986,1
440,88,1
440,211,1
440,326,1
398,276,1
440,784,1
398,263,1
440,967,1
440,982,1
440,983,1
398,219,1
439,413,1
398,588,1
398,1039,1
398,1084,1
398,1409,1
438,339,1
438,426,1
398,1399,1
398,1394,1
438,782,1
438,1230,1
398,1331,1
438,1311,1
438,1337,1
438,1343,1
438,1493,1
438,1494,1
438,1535,1
438,1626,1
438,1702,1
438,1792,1
438,1808,1
438,1844,1
438,1847,1
438,1855,1
438,1858,1
438,1860,1
397,1850,1
397,1846,1
397,1826,1
441,1251,1
397,1607,1
441,1345,1
441,1468,1
397,1543,1
441,1531,1
441,1619,1
397,1530,1
441,1759,1
442,85,1
442,295,1
442,335,1
397,1436,1
397,1395,1
397,1272,1
397,1217,1
442,559,1
442,649,1
442,762,1
442,910,1
442,911,1
442,929,1
442,967,1
397,1072,1
441,1262,1
397,1689,1
397,1818,1
441,1245,1
440,1230,1
440,1241,1
397,1817,1
397,1797,1
440,1309,1
440,1362,1
440,1460,1
440,1506,1
397,1782,1
440,1846,1
440,1847,1
440,1860,1
440,1862,1
440,1988,1
441,174,1
397,1776,1
441,561,1
397,1735,1
441,912,1
441,930,1
441,981,1
397,1718,1
397,1708,1
438,212,1
438,113,1
437,1937,1
435,442,1
399,1288,1
435,1338,1
399,1287,1
435,1460,1
399,1261,1
435,1503,1
435,1572,1
435,1702,1
435,1705,1
399,1034,1
435,1750,1
435,1775,1
435,1810,1
435,1811,1
435,1860,1
435,1861,1
436,39,1
399,985,1
399,412,1
436,356,1
436,383,1
436,462,1
436,981,1
435,981,1
435,212,1
436,1117,1
435,210,1
434,1223,1
434,1252,1
434,1257,1
434,1263,1
434,1286,1
434,1287,1
434,1377,1
434,1393,1
434,1394,1
399,1308,1
434,1455,1
434,1461,1
399,1304,1
434,1520,1
434,1551,1
434,1750,1
434,1773,1
434,1836,1
434,1885,1
399,1300,1
399,1293,1
435,159,1
435,207,1
436,983,1
436,1231,1
437,1858,1
398,1743,1
398,1712,1
398,1707,1
437,448,1
437,449,1
398,1700,1
398,1696,1
398,1532,1
437,910,1
437,955,1
398,1527,1
437,983,1
398,1526,1
398,1499,1
398,1447,1
437,1244,1
437,1400,1
398,1444,1
437,1449,1
437,1509,1
398,1436,1
437,1572,1
437,1811,1
437,1847,1
398,1725,1
398,1800,1
436,1244,1
398,1808,1
436,1251,1
436,1252,1
399,209,1
436,1339,1
399,131,1
399,78,1
398,1952,1
436,1572,1
436,1606,1
436,1610,1
436,1623,1
436,1667,1
436,1693,1
398,1946,1
436,1845,1
436,1858,1
436,1860,1
436,1861,1
436,1935,1
436,1938,1
436,1965,1
437,211,1
437,212,1
397,1005,1
442,1247,1
394,1170,1
449,440,1
395,1450,1
448,1308,1
448,1397,1
448,1401,1
448,1415,1
448,1498,1
448,1512,1
395,1371,1
448,1620,1
449,191,1
449,196,1
395,1292,1
442,1248,1
449,575,1
395,1289,1
449,1105,1
449,1118,1
395,1284,1
395,1127,1
395,1034,1
395,578,1
449,1548,1
449,1556,1
449,1617,1
395,1458,1
448,1280,1
395,1482,1
395,1484,1
447,985,1
447,1218,1
395,1791,1
447,1268,1
395,1771,1
447,1270,1
395,1766,1
447,1274,1
395,1746,1
395,1733,1
395,1706,1
395,1691,1
447,1472,1
447,1527,1
447,1582,1
447,1657,1
447,1682,1
395,1676,1
447,1708,1
447,1859,1
448,1019,1
448,1257,1
395,1524,1
449,1620,1
395,428,1
449,1965,1
394,1716,1
451,1377,1
451,1501,1
451,1518,1
451,1611,1
451,1628,1
451,1679,1
451,1697,1
451,1703,1
451,1710,1
451,1711,1
451,1754,1
394,1451,1
451,1882,1
394,1378,1
452,25,1
452,83,1
452,151,1
452,157,1
452,214,1
452,328,1
394,1352,1
394,1337,1
452,574,1
451,1218,1
394,1735,1
449,1992,1
451,641,1
450,77,1
395,259,1
450,164,1
450,238,1
450,315,1
450,446,1
394,1985,1
394,1823,1
450,681,1
450,1146,1
394,1807,1
450,1464,1
450,1545,1
450,1549,1
450,1617,1
394,1802,1
450,1876,1
394,1781,1
451,157,1
451,159,1
394,1753,1
451,573,1
451,625,1
447,983,1
447,482,1
447,190,1
443,1242,1
443,1309,1
396,1750,1
443,1344,1
443,1472,1
443,1473,1
443,1630,1
396,1743,1
443,1683,1
396,1735,1
443,1812,1
443,1818,1
443,1908,1
443,1909,1
443,1935,1
444,82,1
444,399,1
444,400,1
444,905,1
396,1708,1
444,1117,1
444,1205,1
444,1248,1
444,1264,1
443,1264,1
443,1240,1
444,1338,1
443,1219,1
397,428,1
442,1337,1
442,1346,1
397,291,1
397,267,1
442,1621,1
397,264,1
442,1712,1
442,1942,1
442,1961,1
442,1993,1
443,196,1
443,337,1
443,388,1
443,435,1
396,1960,1
396,1959,1
396,1865,1
443,763,1
396,1847,1
396,1779,1
396,1757,1
443,1100,1
396,1693,1
444,1344,1
447,164,1
445,1680,1
445,1984,1
446,141,1
446,143,1
446,190,1
446,292,1
446,307,1
446,1246,1
446,1248,1
395,1893,1
446,1263,1
446,1264,1
446,1340,1
446,1345,1
446,1400,1
446,1401,1
446,1519,1
446,1573,1
446,1607,1
395,1834,1
446,1725,1
446,1859,1
447,144,1
447,163,1
395,1928,1
445,1648,1
444,1423,1
445,1516,1
444,1631,1
444,1650,1
396,1398,1
396,1329,1
396,613,1
444,1716,1
444,1854,1
444,1860,1
445,141,1
445,143,1
445,437,1
445,441,1
396,438,1
445,959,1
396,386,1
445,1221,1
445,1222,1
445,1223,1
445,1264,1
445,1344,1
396,262,1
396,254,1
445,1441,1
515,889,1
515,919,1
515,957,1
549,1294,1
549,1279,1
549,1280,1
549,1281,1
549,1283,1
549,1284,1
349,1603,1
349,1481,1
549,1287,1
349,1478,1
549,1291,1
549,1292,1
349,1477,1
548,1453,1
549,1300,1
349,1476,1
549,1305,1
349,1475,1
349,1473,1
349,1426,1
349,1347,1
349,1252,1
349,1148,1
349,957,1
349,896,1
549,1275,1
349,1614,1
349,1633,1
349,1708,1
548,1486,1
349,1753,1
548,1718,1
548,1863,1
349,1751,1
349,1746,1
549,1211,1
549,1218,1
549,1219,1
549,1234,1
349,1745,1
349,1744,1
349,1738,1
349,1736,1
549,1250,1
549,1260,1
349,1735,1
549,1264,1
349,1733,1
349,1731,1
349,1721,1
349,1718,1
349,1716,1
349,692,1
349,679,1
349,643,1
550,174,1
550,500,1
348,1950,1
348,1949,1
550,1213,1
348,1860,1
550,1233,1
550,1234,1
550,1237,1
348,1841,1
348,1800,1
348,1791,1
550,1250,1
348,1790,1
348,1789,1
348,1788,1
550,1265,1
348,1785,1
348,1783,1
550,1270,1
550,1272,1
348,1782,1
550,1274,1
550,1276,1
550,493,1
549,1866,1
349,502,1
549,1847,1
349,495,1
349,441,1
349,281,1
349,258,1
549,1326,1
349,220,1
349,206,1
349,194,1
349,124,1
348,1989,1
348,1983,1
549,1340,1
549,1341,1
549,1342,1
348,1982,1
549,1347,1
549,1348,1
549,1357,1
549,1493,1
348,1981,1
549,1613,1
549,1712,1
549,1786,1
548,1463,1
548,1343,1
369,1044,1
548,1210,1
547,1716,1
547,1969,1
548,293,1
548,351,1
548,450,1
350,678,1
350,495,1
350,470,1
548,747,1
548,1068,1
548,1127,1
350,449,1
548,1339,1
548,1220,1
350,443,1
350,441,1
350,362,1
548,1246,1
350,221,1
548,1248,1
548,1261,1
548,1263,1
350,172,1
548,1267,1
547,1715,1
547,1608,1
547,1606,1
547,1605,1
350,1730,1
547,1301,1
350,1642,1
547,1303,1
547,1304,1
547,1306,1
547,1307,1
350,1632,1
547,1312,1
547,1314,1
547,1316,1
350,1626,1
547,1320,1
350,1614,1
350,1477,1
350,1476,1
350,1474,1
350,1269,1
350,1252,1
350,1211,1
350,1010,1
350,896,1
350,752,1
548,1268,1
548,1269,1
350,96,1
548,1303,1
349,1788,1
548,1306,1
349,1787,1
349,1785,1
349,1784,1
548,1313,1
548,1314,1
349,1782,1
349,1781,1
349,1776,1
349,1775,1
349,1773,1
349,1771,1
349,1770,1
349,1769,1
349,1768,1
349,1766,1
349,1765,1
349,1762,1
349,1761,1
349,1760,1
349,1759,1
349,1755,1
349,1789,1
349,1791,1
548,1271,1
349,1794,1
548,1272,1
350,4,1
548,1275,1
548,1278,1
548,1279,1
548,1280,1
349,1983,1
349,1950,1
548,1283,1
349,1906,1
548,1286,1
349,1861,1
548,1288,1
548,1289,1
349,1834,1
349,1822,1
548,1293,1
548,1294,1
548,1295,1
349,1805,1
548,1297,1
548,1299,1
349,1799,1
348,1781,1
550,1278,1
348,1780,1
347,1749,1
552,1246,1
347,1759,1
347,1758,1
552,1267,1
347,1756,1
552,1276,1
552,1278,1
552,1289,1
552,1291,1
552,1292,1
347,1753,1
347,1747,1
550,1280,1
347,1746,1
347,1744,1
347,1743,1
347,1741,1
347,1737,1
347,1735,1
347,1732,1
347,1731,1
347,1726,1
347,1575,1
347,1569,1
552,1235,1
347,1763,1
347,1764,1
347,1765,1
551,1356,1
347,1782,1
347,1777,1
551,1715,1
551,1755,1
551,1756,1
551,1757,1
551,1790,1
551,1792,1
347,1776,1
551,1866,1
347,1774,1
347,1773,1
552,494,1
552,701,1
552,742,1
347,1772,1
552,882,1
552,887,1
552,1034,1
347,1768,1
347,1767,1
552,1069,1
347,1347,1
347,1346,1
347,1286,1
553,1229,1
553,1236,1
553,1237,1
553,1238,1
553,1239,1
553,1242,1
553,1244,1
347,222,1
347,117,1
553,1264,1
553,1265,1
553,1267,1
553,1268,1
347,75,1
346,1943,1
553,1275,1
346,1906,1
346,1878,1
346,1874,1
553,1293,1
346,1828,1
346,1824,1
346,1819,1
346,1812,1
553,1235,1
553,1227,1
347,1177,1
553,1226,1
347,1023,1
552,1327,1
347,1021,1
347,975,1
552,1331,1
552,1333,1
552,1337,1
552,1340,1
552,1345,1
552,1364,1
552,1755,1
347,643,1
553,33,1
347,497,1
553,259,1
553,298,1
553,505,1
347,495,1
553,791,1
347,426,1
553,1150,1
553,1168,1
347,326,1
347,1783,1
551,1342,1
551,1341,1
348,1753,1
550,1331,1
550,1332,1
550,1334,1
348,1748,1
550,1336,1
550,1337,1
550,1338,1
550,1339,1
550,1341,1
550,1344,1
550,1355,1
348,1746,1
550,1494,1
550,1516,1
550,1615,1
550,1616,1
550,1785,1
550,1788,1
550,1801,1
550,1819,1
550,1865,1
348,1744,1
551,298,1
348,1751,1
550,1325,1
551,500,1
348,1755,1
550,1288,1
550,1292,1
550,1301,1
550,1302,1
550,1303,1
348,1779,1
348,1777,1
550,1306,1
348,1776,1
348,1775,1
348,1774,1
348,1772,1
348,1770,1
348,1769,1
348,1767,1
348,1766,1
348,1764,1
348,1763,1
348,1761,1
348,1760,1
348,1758,1
348,1757,1
348,1756,1
551,467,1
348,1743,1
551,1340,1
551,1283,1
348,1427,1
551,1303,1
348,1417,1
348,676,1
348,494,1
348,470,1
348,380,1
348,276,1
348,222,1
348,104,1
347,1955,1
347,1862,1
347,1844,1
347,1810,1
347,1793,1
347,1791,1
347,1789,1
347,1788,1
347,1784,1
551,1333,1
551,1335,1
551,1337,1
551,1339,1
551,1298,1
551,1275,1
348,1734,1
348,1602,1
348,1733,1
551,886,1
551,1014,1
551,1023,1
551,1070,1
551,1212,1
348,1732,1
348,1730,1
348,1728,1
348,1719,1
551,1234,1
551,1243,1
551,1245,1
348,1704,1
348,1699,1
348,1694,1
551,1254,1
348,1685,1
551,1266,1
348,1614,1
348,1603,1
551,1272,1
551,1273,1
350,1732,1
547,1295,1
547,1293,1
543,768,1
542,1832,1
542,1949,1
543,166,1
543,168,1
543,292,1
543,338,1
543,435,1
543,471,1
352,1716,1
543,498,1
352,1705,1
543,1213,1
544,1243,1
543,1219,1
352,1697,1
352,1478,1
352,1422,1
352,1252,1
543,1254,1
543,1256,1
543,1258,1
543,1260,1
543,1262,1
543,1263,1
542,1804,1
352,1717,1
542,1675,1
542,1622,1
352,1751,1
352,1748,1
352,1746,1
352,1745,1
352,1744,1
352,1739,1
352,1738,1
352,1737,1
542,1293,1
352,1735,1
542,1298,1
542,1304,1
542,1305,1
542,1307,1
352,1734,1
352,1733,1
352,1732,1
352,1729,1
542,1322,1
542,1330,1
542,1332,1
542,1337,1
352,1720,1
352,1132,1
352,1036,1
352,1024,1
543,1335,1
543,1616,1
543,1718,1
543,1728,1
543,1829,1
543,1830,1
543,1857,1
543,1860,1
543,1913,1
544,173,1
544,286,1
544,289,1
351,1868,1
544,480,1
544,481,1
544,499,1
351,1866,1
351,1824,1
351,1796,1
351,1792,1
351,1789,1
544,1217,1
544,1227,1
544,1228,1
543,1533,1
543,1333,1
352,1017,1
351,1946,1
352,958,1
352,908,1
352,900,1
352,560,1
543,1278,1
352,445,1
352,385,1
352,384,1
543,1291,1
352,383,1
352,376,1
543,1296,1
543,1303,1
543,1305,1
543,1307,1
351,1988,1
351,1987,1
543,1312,1
351,1982,1
543,1314,1
543,1320,1
351,1968,1
543,1323,1
352,1752,1
542,1270,1
352,1753,1
541,1256,1
541,1258,1
541,1259,1
541,1261,1
541,1265,1
541,1266,1
352,1955,1
352,1842,1
352,1835,1
352,1823,1
352,1820,1
541,1274,1
352,1797,1
541,1277,1
352,1795,1
541,1283,1
352,1792,1
352,1788,1
352,1787,1
541,1289,1
541,1293,1
352,1783,1
541,1297,1
541,1300,1
541,1257,1
352,1988,1
352,1780,1
353,43,1
541,360,1
541,448,1
353,1617,1
541,474,1
541,477,1
541,479,1
541,480,1
353,1602,1
353,1601,1
541,758,1
353,1466,1
353,1254,1
541,1046,1
353,1252,1
541,1155,1
541,1168,1
353,1206,1
353,1058,1
353,1024,1
353,551,1
353,342,1
353,116,1
541,1250,1
352,1781,1
352,1778,1
352,1754,1
352,1762,1
352,1760,1
542,1137,1
542,1210,1
542,1226,1
542,1228,1
542,1233,1
352,1759,1
352,1758,1
352,1757,1
352,1756,1
352,1755,1
542,1251,1
542,1252,1
542,1253,1
542,1254,1
542,1255,1
542,1256,1
542,1257,1
542,1259,1
542,1260,1
542,1261,1
542,1263,1
542,1264,1
542,888,1
352,1763,1
541,1308,1
352,1764,1
352,1776,1
352,1774,1
352,1772,1
541,1313,1
541,1314,1
541,1318,1
541,1319,1
541,1325,1
541,1331,1
541,1334,1
541,1341,1
541,1345,1
541,1463,1
352,1766,1
541,1816,1
541,1852,1
541,1856,1
541,1861,1
541,1888,1
541,1912,1
352,1765,1
542,363,1
542,445,1
544,1229,1
351,1786,1
547,1291,1
546,1300,1
350,1786,1
350,1785,1
350,1784,1
546,1276,1
350,1783,1
546,1278,1
350,1782,1
350,1779,1
350,1777,1
546,1293,1
546,1295,1
546,1302,1
351,1785,1
546,1303,1
546,1304,1
546,1307,1
546,1309,1
350,1774,1
350,1772,1
350,1771,1
546,1315,1
546,1316,1
546,1320,1
350,1770,1
546,1271,1
350,1787,1
350,1788,1
350,1789,1
351,172,1
546,729,1
546,901,1
546,903,1
546,1160,1
546,1213,1
546,1222,1
546,1231,1
546,1236,1
351,171,1
546,1240,1
350,1989,1
350,1987,1
350,1984,1
350,1863,1
546,1251,1
350,1817,1
350,1798,1
546,1262,1
546,1264,1
546,1265,1
350,1794,1
350,1790,1
546,1328,1
546,1331,1
350,1767,1
350,1756,1
547,1229,1
547,1230,1
547,1240,1
547,1262,1
350,1748,1
547,1265,1
350,1747,1
350,1745,1
350,1744,1
350,1743,1
350,1741,1
350,1739,1
350,1737,1
547,1277,1
547,1280,1
547,1282,1
350,1735,1
547,1284,1
350,1734,1
547,1286,1
350,1733,1
547,1288,1
547,1290,1
547,1225,1
547,1223,1
350,1766,1
547,1221,1
350,1764,1
350,1762,1
350,1761,1
546,1344,1
546,1348,1
546,1356,1
350,1758,1
546,1400,1
546,1402,1
546,1713,1
546,1714,1
546,1715,1
546,1716,1
546,1910,1
546,1994,1
547,450,1
547,458,1
547,474,1
547,901,1
547,903,1
547,963,1
350,1757,1
547,1219,1
546,505,1
546,289,1
351,173,1
544,1312,1
544,1319,1
544,1323,1
351,1759,1
544,1334,1
351,1758,1
544,1344,1
544,1380,1
544,1528,1
351,1757,1
544,1714,1
544,1720,1
351,1756,1
544,1802,1
351,1754,1
544,1894,1
545,288,1
545,475,1
545,506,1
351,1751,1
351,1750,1
545,744,1
545,903,1
545,1045,1
544,1315,1
351,1760,1
545,1225,1
351,1761,1
544,1256,1
544,1259,1
544,1260,1
544,1262,1
544,1263,1
544,1264,1
544,1266,1
351,1784,1
351,1783,1
351,1778,1
351,1775,1
351,1773,1
351,1771,1
351,1769,1
544,1274,1
351,1767,1
351,1765,1
544,1277,1
544,1278,1
351,1764,1
544,1280,1
544,1290,1
351,1763,1
545,1211,1
545,1231,1
546,213,1
545,1292,1
351,1443,1
351,1338,1
351,1252,1
351,1022,1
545,1316,1
351,1018,1
351,1017,1
351,838,1
545,1328,1
545,1330,1
351,721,1
545,1343,1
545,1345,1
545,1348,1
545,1378,1
545,1380,1
545,1685,1
545,1695,1
545,1725,1
545,1729,1
351,190,1
545,1910,1
546,185,1
351,1613,1
351,1632,1
351,1745,1
351,1711,1
351,1744,1
545,1243,1
351,1743,1
351,1738,1
351,1737,1
545,1250,1
545,1262,1
545,1263,1
545,1264,1
545,1265,1
351,1736,1
351,1735,1
351,1734,1
351,1733,1
351,1732,1
351,1731,1
351,1728,1
351,1727,1
351,1715,1
351,1713,1
545,1277,1
545,1278,1
545,1279,1
346,1808,1
346,1804,1
346,1800,1
341,1211,1
561,1301,1
341,1743,1
341,1742,1
341,1736,1
341,1693,1
341,1676,1
341,1675,1
341,1640,1
341,1494,1
341,1448,1
341,1224,1
341,1125,1
340,1747,1
561,1319,1
561,1324,1
561,1329,1
561,1337,1
561,1348,1
561,1351,1
561,1375,1
341,437,1
561,1688,1
561,1819,1
561,1824,1
341,1744,1
341,1746,1
561,1298,1
341,1747,1
341,1768,1
341,1767,1
341,1766,1
341,1765,1
341,1764,1
341,1763,1
341,1762,1
341,1761,1
341,1759,1
561,1268,1
561,1270,1
561,1271,1
561,1274,1
341,1758,1
341,1757,1
561,1286,1
561,1287,1
341,1755,1
341,1754,1
341,1753,1
341,1750,1
341,1749,1
341,1748,1
562,427,1
562,508,1
341,160,1
340,1776,1
340,1773,1
340,1772,1
340,1771,1
562,1269,1
562,1270,1
340,1770,1
562,1276,1
340,1766,1
562,1280,1
562,1282,1
340,1764,1
340,1763,1
562,1286,1
340,1759,1
340,1758,1
340,1757,1
340,1755,1
340,1754,1
340,1753,1
340,1752,1
340,1751,1
340,1750,1
340,1749,1
340,1775,1
340,1777,1
340,1940,1
340,1780,1
340,1846,1
562,830,1
562,953,1
562,1047,1
562,1124,1
562,1146,1
562,1147,1
562,1148,1
562,1149,1
340,1829,1
562,1219,1
562,1223,1
562,1226,1
340,1815,1
340,1805,1
562,1249,1
340,1801,1
340,1800,1
340,1794,1
340,1792,1
340,1790,1
340,1783,1
562,1259,1
341,1770,1
341,1771,1
341,1773,1
560,1243,1
342,1767,1
342,1766,1
342,1765,1
342,1764,1
342,1763,1
342,1762,1
342,1760,1
342,1759,1
342,1757,1
560,1260,1
342,1755,1
342,1753,1
560,1264,1
560,1271,1
342,1752,1
342,1750,1
560,1285,1
342,1748,1
560,1292,1
342,1746,1
342,1742,1
342,1741,1
342,1736,1
342,1768,1
560,1242,1
342,1677,1
342,1769,1
559,1791,1
559,1845,1
559,1967,1
560,33,1
560,34,1
560,270,1
560,443,1
342,1778,1
342,1776,1
560,510,1
560,513,1
342,1774,1
342,1773,1
342,1772,1
342,1771,1
342,1770,1
560,951,1
560,952,1
560,953,1
560,956,1
560,957,1
560,1125,1
560,1221,1
342,1726,1
342,1481,1
341,1774,1
560,1752,1
560,1963,1
560,1965,1
561,473,1
341,1780,1
561,541,1
561,548,1
341,1779,1
561,724,1
561,792,1
561,830,1
561,894,1
561,953,1
561,1031,1
561,1147,1
561,1148,1
561,1220,1
561,1227,1
561,1245,1
561,1248,1
561,1249,1
341,1776,1
561,1252,1
341,1775,1
560,1830,1
560,1746,1
342,1417,1
341,1781,1
342,1339,1
342,1319,1
342,966,1
342,564,1
342,406,1
342,99,1
341,1827,1
341,1806,1
341,1803,1
560,1317,1
341,1801,1
560,1320,1
341,1800,1
560,1324,1
341,1799,1
560,1326,1
560,1327,1
560,1331,1
560,1335,1
560,1415,1
341,1793,1
341,1782,1
560,1495,1
340,1748,1
340,1745,1
559,1624,1
338,1752,1
338,1766,1
338,1765,1
564,1265,1
338,1764,1
338,1763,1
338,1762,1
564,1269,1
338,1759,1
338,1755,1
338,1754,1
338,1753,1
338,1751,1
340,1738,1
564,1280,1
338,1750,1
338,1749,1
564,1283,1
338,1747,1
564,1285,1
338,1741,1
338,1735,1
338,1732,1
338,1725,1
564,1292,1
338,1767,1
338,1768,1
338,1769,1
338,1770,1
563,1911,1
563,1950,1
338,1793,1
338,1791,1
338,1790,1
564,1071,1
564,1139,1
564,1187,1
564,1213,1
564,1218,1
338,1789,1
338,1785,1
338,1783,1
338,1782,1
564,1249,1
338,1779,1
338,1777,1
338,1776,1
338,1775,1
338,1774,1
338,1773,1
338,1772,1
338,1771,1
338,1721,1
338,1715,1
338,1702,1
565,1245,1
337,1824,1
337,1812,1
337,1804,1
337,1801,1
565,1256,1
565,1258,1
337,1793,1
337,1790,1
337,1789,1
337,1786,1
337,1784,1
337,1783,1
565,1268,1
337,1781,1
337,1778,1
337,1777,1
337,1775,1
337,1773,1
337,1772,1
337,1771,1
565,1277,1
337,1770,1
337,1769,1
338,187,1
338,461,1
338,1701,1
565,1229,1
338,1688,1
564,1311,1
564,1312,1
564,1313,1
564,1314,1
564,1323,1
338,1540,1
564,1424,1
564,1502,1
564,1574,1
564,1575,1
564,1645,1
564,1950,1
564,1952,1
338,637,1
565,141,1
565,197,1
565,250,1
565,280,1
565,516,1
565,726,1
565,1080,1
565,1081,1
563,1751,1
563,1742,1
563,1712,1
563,831,1
563,952,1
339,1858,1
563,956,1
563,957,1
339,1839,1
563,1069,1
563,1071,1
563,1145,1
563,1148,1
563,1180,1
339,1835,1
339,1819,1
339,1803,1
339,1801,1
339,1800,1
339,1798,1
339,1795,1
339,1791,1
339,1790,1
339,1789,1
339,1782,1
339,1776,1
339,1773,1
563,951,1
563,816,1
339,1771,1
339,1918,1
340,1724,1
340,1723,1
340,1493,1
562,1310,1
340,1491,1
340,1263,1
340,1222,1
562,1327,1
562,1328,1
562,1331,1
562,1335,1
562,1338,1
562,1341,1
562,1345,1
562,1364,1
562,1412,1
340,1032,1
562,1454,1
562,1493,1
562,1739,1
562,1969,1
563,511,1
563,512,1
339,1772,1
339,1770,1
563,1708,1
339,441,1
339,425,1
339,423,1
563,1299,1
339,161,1
338,1981,1
338,1908,1
563,1307,1
563,1309,1
563,1310,1
338,1809,1
563,1315,1
563,1330,1
563,1333,1
563,1335,1
563,1340,1
563,1366,1
563,1411,1
338,1806,1
563,1454,1
563,1473,1
338,1801,1
563,1502,1
338,1800,1
563,1295,1
339,466,1
339,1768,1
339,718,1
339,1767,1
339,1761,1
339,1759,1
339,1758,1
563,1268,1
339,1753,1
339,1752,1
339,1751,1
563,1272,1
563,1273,1
339,1750,1
339,1749,1
339,1748,1
339,1746,1
339,1742,1
339,1741,1
339,1568,1
563,1282,1
339,1205,1
339,1196,1
339,889,1
339,811,1
339,776,1
559,1728,1
559,1497,1
346,1797,1
555,1347,1
345,1776,1
555,1319,1
345,1775,1
345,1772,1
345,1771,1
555,1326,1
555,1327,1
555,1329,1
555,1335,1
555,1337,1
555,1340,1
555,1352,1
556,1407,1
555,1358,1
555,1578,1
555,1582,1
555,1720,1
555,1721,1
555,1727,1
555,1791,1
555,1872,1
556,169,1
345,1769,1
345,1768,1
345,1777,1
345,1778,1
345,1779,1
345,1780,1
346,38,1
555,1264,1
345,1940,1
555,1273,1
345,1909,1
345,1908,1
345,1885,1
555,1297,1
345,1841,1
345,1828,1
555,1301,1
345,1824,1
345,1802,1
345,1800,1
345,1791,1
345,1789,1
345,1788,1
345,1787,1
345,1786,1
345,1785,1
345,1784,1
345,1783,1
345,1782,1
345,1767,1
345,1766,1
345,1765,1
556,1294,1
345,1721,1
345,1677,1
345,1651,1
345,1632,1
345,1631,1
345,1630,1
345,1521,1
345,1352,1
345,1345,1
345,1230,1
345,1147,1
345,1128,1
345,984,1
345,832,1
345,277,1
345,266,1
345,218,1
345,213,1
556,1326,1
556,1329,1
556,1333,1
556,1346,1
556,1355,1
345,1728,1
556,1288,1
345,1763,1
556,1285,1
345,1762,1
345,1761,1
556,1032,1
556,1107,1
556,1217,1
556,1221,1
345,1758,1
345,1755,1
556,1234,1
556,1235,1
556,1244,1
345,1754,1
345,1752,1
345,1750,1
345,1749,1
345,1748,1
556,1260,1
345,1747,1
345,1746,1
345,1745,1
345,1744,1
556,1277,1
556,1284,1
346,75,1
555,1240,1
555,1238,1
553,1862,1
346,1773,1
554,249,1
346,1771,1
554,285,1
554,505,1
554,539,1
554,542,1
554,544,1
346,1769,1
346,1768,1
554,563,1
346,1767,1
346,1764,1
554,907,1
554,1077,1
554,1107,1
554,1212,1
554,1213,1
554,1215,1
554,1220,1
554,1221,1
554,1224,1
554,1228,1
553,1944,1
553,1845,1
554,1231,1
553,1756,1
346,1796,1
346,1791,1
346,1790,1
346,1789,1
346,1788,1
346,1787,1
346,1786,1
346,1785,1
346,1784,1
553,1321,1
346,1783,1
346,1782,1
553,1324,1
346,1781,1
553,1332,1
553,1337,1
346,1777,1
346,1776,1
553,1414,1
553,1719,1
553,1721,1
553,1722,1
553,1753,1
554,1230,1
346,1762,1
555,1235,1
346,1349,1
554,1655,1
554,1753,1
554,1757,1
346,1346,1
555,250,1
555,297,1
555,298,1
555,424,1
346,756,1
555,448,1
346,440,1
555,528,1
346,423,1
346,385,1
555,554,1
346,382,1
555,726,1
555,1213,1
555,1214,1
555,1221,1
346,76,1
555,1227,1
555,1230,1
554,1592,1
554,1347,1
346,1761,1
554,1341,1
554,1242,1
554,1252,1
346,1759,1
554,1285,1
554,1292,1
346,1758,1
346,1756,1
346,1751,1
346,1747,1
346,1745,1
346,1744,1
346,1741,1
346,1735,1
346,1734,1
346,1726,1
346,1713,1
346,1574,1
346,1569,1
346,1568,1
346,1567,1
554,1321,1
554,1325,1
346,1417,1
556,1403,1
344,1849,1
559,1489,1
559,586,1
558,1976,1
558,1983,1
559,17,1
559,217,1
343,1776,1
559,513,1
559,514,1
343,1774,1
343,1773,1
343,1772,1
559,543,1
559,618,1
556,1719,1
559,805,1
559,957,1
559,1055,1
343,1771,1
343,1770,1
559,1211,1
343,1769,1
343,1768,1
343,1767,1
343,1766,1
559,1242,1
343,1777,1
558,1822,1
558,1818,1
558,1755,1
344,177,1
343,1987,1
343,1911,1
343,1816,1
343,1804,1
343,1800,1
343,1799,1
343,1797,1
343,1794,1
343,1791,1
558,1319,1
558,1323,1
558,1324,1
558,1326,1
343,1788,1
558,1343,1
558,1387,1
558,1434,1
343,1787,1
343,1786,1
343,1785,1
558,1493,1
343,1779,1
559,1243,1
343,1764,1
343,1763,1
343,1335,1
343,474,1
343,423,1
343,405,1
342,1927,1
342,1827,1
342,1818,1
342,1810,1
342,1800,1
559,1317,1
559,1318,1
342,1799,1
559,1323,1
559,1328,1
559,1336,1
559,1337,1
559,1338,1
559,1341,1
559,1390,1
559,1391,1
342,1786,1
342,1785,1
342,1782,1
342,1781,1
343,1325,1
343,1701,1
343,1762,1
343,1711,1
343,1761,1
343,1758,1
343,1756,1
343,1755,1
343,1754,1
343,1753,1
559,1258,1
559,1261,1
343,1749,1
559,1266,1
343,1748,1
559,1271,1
559,1272,1
559,1275,1
343,1747,1
559,1281,1
343,1746,1
559,1294,1
559,1295,1
343,1745,1
343,1742,1
343,1732,1
343,1720,1
344,187,1
344,218,1
344,327,1
344,1786,1
557,1247,1
344,1783,1
344,1782,1
344,1781,1
557,1258,1
344,1780,1
344,1777,1
344,1776,1
344,1775,1
557,1286,1
557,1287,1
557,1296,1
557,1298,1
557,1299,1
344,1774,1
344,1773,1
344,1772,1
344,1771,1
344,1769,1
344,1767,1
344,1766,1
344,1765,1
344,1764,1
344,1785,1
557,1233,1
344,1760,1
557,1230,1
556,1760,1
344,1838,1
556,1824,1
556,1835,1
556,1873,1
556,1957,1
344,1818,1
557,286,1
557,425,1
557,511,1
557,515,1
557,524,1
344,1801,1
344,1800,1
344,1793,1
344,1789,1
557,930,1
344,1788,1
344,1787,1
557,1107,1
557,1109,1
557,1220,1
557,1228,1
344,1761,1
344,1756,1
344,383,1
344,1632,1
344,1631,1
344,1630,1
344,1488,1
558,1242,1
558,1246,1
344,1443,1
558,1249,1
344,1370,1
344,1230,1
558,1261,1
558,1262,1
344,1100,1
344,1024,1
344,1017,1
344,1004,1
558,1286,1
558,1291,1
558,1292,1
558,1297,1
344,843,1
344,474,1
344,393,1
344,387,1
558,1223,1
558,1170,1
344,1754,1
558,1159,1
344,1751,1
557,1321,1
557,1329,1
557,1332,1
557,1336,1
557,1351,1
344,1747,1
344,1746,1
344,1745,1
557,1821,1
344,1744,1
557,1825,1
558,218,1
558,425,1
344,1740,1
558,514,1
344,1738,1
558,591,1
344,1697,1
344,1668,1
344,1665,1
558,662,1
558,929,1
541,189,1
541,10,1
540,1818,1
524,1265,1
524,1243,1
524,1246,1
524,1249,1
362,1805,1
362,1792,1
524,1254,1
524,1255,1
362,1784,1
524,1260,1
362,1782,1
362,1780,1
362,1777,1
525,1290,1
524,1277,1
524,1280,1
362,1775,1
362,1772,1
524,1286,1
524,1287,1
362,1767,1
524,1290,1
362,1766,1
524,1300,1
524,1303,1
524,1241,1
524,1239,1
362,1815,1
362,1899,1
523,1544,1
523,1574,1
523,1781,1
523,1792,1
523,1816,1
363,439,1
523,1852,1
523,1989,1
524,317,1
524,321,1
363,193,1
363,180,1
524,474,1
363,98,1
524,904,1
524,1049,1
524,1141,1
524,1142,1
524,1215,1
524,1217,1
524,1220,1
362,1932,1
362,1920,1
362,1758,1
362,1752,1
362,1750,1
362,999,1
525,1219,1
525,1227,1
362,848,1
525,1229,1
525,1230,1
525,1231,1
525,1236,1
525,1239,1
525,1242,1
525,1247,1
362,794,1
362,706,1
525,1253,1
525,1256,1
525,1257,1
362,478,1
525,1260,1
362,462,1
525,1264,1
525,1265,1
362,181,1
361,1946,1
525,1285,1
525,1218,1
525,1148,1
524,1311,1
525,1139,1
362,1749,1
362,1747,1
362,1739,1
362,1696,1
362,1694,1
362,1671,1
524,1318,1
524,1319,1
362,1627,1
362,1575,1
524,1333,1
524,1337,1
524,1339,1
362,1570,1
524,1574,1
362,1204,1
362,1032,1
362,1026,1
525,470,1
525,477,1
525,497,1
362,1023,1
525,976,1
523,1341,1
523,1337,1
523,1335,1
522,1318,1
363,1820,1
522,1321,1
363,1809,1
363,1798,1
363,1791,1
363,1783,1
363,1762,1
522,1334,1
522,1338,1
522,1344,1
522,1402,1
522,1447,1
363,1760,1
522,1696,1
522,1764,1
522,1766,1
522,1767,1
522,1769,1
522,1772,1
522,1774,1
522,1823,1
522,1843,1
363,1758,1
522,1319,1
363,1885,1
523,80,1
522,1315,1
522,1247,1
522,1252,1
522,1256,1
364,940,1
364,938,1
364,754,1
522,1260,1
522,1261,1
522,1264,1
522,1269,1
522,1274,1
522,1278,1
364,447,1
522,1284,1
364,169,1
364,89,1
522,1305,1
522,1309,1
363,1963,1
522,1311,1
363,1945,1
522,1313,1
522,1314,1
523,1,1
363,1757,1
523,1332,1
523,1266,1
363,1570,1
363,1566,1
523,1271,1
523,1273,1
523,1275,1
363,1523,1
523,1280,1
363,1521,1
523,1286,1
363,1257,1
523,1292,1
523,1299,1
523,1304,1
363,1084,1
523,1309,1
523,1310,1
363,999,1
363,646,1
523,1315,1
523,1316,1
363,621,1
363,586,1
523,1319,1
363,1578,1
363,1608,1
363,1755,1
523,1261,1
523,1193,1
523,1213,1
523,1215,1
523,1222,1
363,1752,1
523,1227,1
363,1735,1
363,1728,1
523,1230,1
523,1231,1
523,1237,1
523,1238,1
523,1241,1
523,1246,1
523,1247,1
363,1725,1
523,1249,1
523,1250,1
363,1709,1
523,1252,1
523,1253,1
363,1667,1
523,1260,1
525,1288,1
361,1860,1
522,1233,1
528,633,1
527,1980,1
527,1995,1
360,1761,1
528,586,1
360,1760,1
528,619,1
528,620,1
528,621,1
528,622,1
360,1759,1
360,1758,1
360,1753,1
525,1297,1
360,1752,1
360,1751,1
360,1750,1
360,1749,1
360,1748,1
360,1745,1
528,1125,1
360,1740,1
360,1738,1
528,1230,1
360,1734,1
527,1841,1
527,1516,1
527,1345,1
527,1340,1
360,1951,1
360,1945,1
360,1854,1
360,1839,1
527,1276,1
527,1282,1
360,1796,1
527,1291,1
527,1296,1
360,1777,1
527,1306,1
527,1307,1
527,1308,1
360,1774,1
360,1766,1
527,1311,1
527,1312,1
527,1313,1
360,1762,1
527,1316,1
527,1318,1
527,1335,1
527,1337,1
528,1234,1
528,1236,1
528,1242,1
360,123,1
528,1311,1
359,1960,1
359,1947,1
528,1320,1
359,1940,1
528,1331,1
359,1938,1
528,1342,1
528,1343,1
528,1354,1
528,1541,1
528,1592,1
528,1832,1
529,118,1
529,474,1
529,618,1
359,1820,1
359,1795,1
359,1793,1
359,1790,1
529,637,1
359,1784,1
529,979,1
359,1999,1
360,579,1
528,1244,1
360,615,1
528,1256,1
360,1733,1
360,1732,1
528,1263,1
528,1265,1
360,1731,1
360,1723,1
360,1720,1
360,1647,1
528,1271,1
360,1602,1
360,1529,1
360,1361,1
528,1279,1
360,1355,1
528,1282,1
528,1284,1
360,1353,1
528,1290,1
360,1134,1
360,1017,1
360,724,1
528,1304,1
361,85,1
361,144,1
527,1262,1
525,1978,1
526,461,1
526,531,1
361,1759,1
526,978,1
526,988,1
526,1213,1
361,1757,1
526,1228,1
526,1229,1
526,1230,1
526,1235,1
526,1240,1
526,1241,1
526,1247,1
361,1756,1
526,1251,1
361,1754,1
526,1255,1
526,1256,1
526,1257,1
526,1258,1
361,1753,1
526,1260,1
525,1999,1
525,1932,1
526,1262,1
525,1886,1
525,1299,1
361,1837,1
361,1828,1
361,1819,1
525,1308,1
361,1787,1
525,1311,1
525,1312,1
361,1766,1
361,1763,1
525,1315,1
525,1316,1
361,1760,1
525,1319,1
525,1326,1
525,1333,1
525,1338,1
525,1593,1
525,1677,1
525,1710,1
525,1822,1
525,1880,1
525,1881,1
361,1752,1
361,1751,1
527,1259,1
526,1629,1
526,1823,1
526,1932,1
526,1981,1
527,311,1
527,636,1
527,838,1
527,948,1
527,982,1
527,1135,1
361,454,1
527,1226,1
361,411,1
361,403,1
527,1231,1
527,1237,1
527,1241,1
527,1242,1
527,1243,1
527,1244,1
527,1245,1
527,1254,1
527,1256,1
527,1257,1
526,1783,1
526,1626,1
361,1750,1
526,1591,1
361,1749,1
526,1266,1
361,1744,1
526,1272,1
361,1730,1
361,1712,1
361,1669,1
526,1289,1
526,1290,1
526,1292,1
361,1465,1
361,1452,1
526,1307,1
526,1309,1
361,1095,1
526,1311,1
361,1042,1
361,1033,1
361,1017,1
361,1015,1
526,1316,1
361,956,1
526,1336,1
364,999,1
364,1055,1
529,1223,1
516,1348,1
516,1331,1
516,1332,1
516,1333,1
367,431,1
516,1335,1
516,1337,1
516,1338,1
516,1339,1
516,1342,1
366,1984,1
516,1347,1
516,1414,1
518,1223,1
516,1456,1
516,1529,1
516,1693,1
516,1778,1
516,1803,1
517,939,1
517,941,1
517,1219,1
517,1221,1
517,1223,1
517,1225,1
516,1330,1
516,1328,1
516,1326,1
516,1325,1
516,1273,1
367,1710,1
367,1601,1
367,1592,1
367,1465,1
367,1464,1
516,1284,1
367,1320,1
516,1289,1
516,1290,1
516,1291,1
516,1294,1
516,1298,1
367,1255,1
516,1300,1
516,1307,1
367,1048,1
516,1313,1
516,1314,1
516,1319,1
367,1009,1
516,1322,1
367,937,1
517,1226,1
517,1230,1
517,1231,1
517,1327,1
517,1332,1
517,1334,1
517,1338,1
517,1341,1
517,1344,1
366,1315,1
517,1357,1
517,1415,1
517,1436,1
517,1441,1
517,1455,1
517,1457,1
517,1691,1
517,1763,1
517,1781,1
517,1840,1
366,1108,1
517,1989,1
517,1995,1
366,935,1
518,1063,1
518,1096,1
518,1217,1
366,1340,1
517,1326,1
517,1240,1
517,1325,1
517,1243,1
517,1245,1
366,1948,1
366,1946,1
366,1856,1
366,1794,1
366,1792,1
366,1785,1
517,1265,1
517,1270,1
366,1776,1
366,1772,1
366,1747,1
366,1715,1
366,1620,1
517,1310,1
517,1312,1
517,1315,1
366,1458,1
517,1321,1
517,1322,1
366,1422,1
517,1324,1
367,1725,1
516,1263,1
516,1260,1
369,172,1
515,1279,1
369,73,1
369,53,1
368,1831,1
515,1284,1
515,1285,1
368,1813,1
515,1287,1
515,1288,1
368,1812,1
515,1290,1
368,1791,1
368,1788,1
368,1783,1
515,1294,1
368,1777,1
515,1296,1
368,1774,1
368,1772,1
368,1770,1
368,1765,1
368,1730,1
368,1680,1
369,157,1
369,202,1
515,1306,1
369,592,1
515,1219,1
515,1221,1
515,1224,1
515,1227,1
515,1229,1
515,1236,1
515,1237,1
369,1043,1
369,929,1
515,1240,1
515,1241,1
515,1243,1
515,1245,1
369,623,1
369,619,1
369,610,1
515,1250,1
515,1266,1
515,1267,1
515,1271,1
515,1272,1
515,1273,1
515,1274,1
368,1606,1
515,1307,1
367,1743,1
515,1340,1
515,1343,1
515,1344,1
515,1345,1
367,1842,1
367,1837,1
515,1695,1
515,1871,1
515,1979,1
367,1835,1
367,1828,1
367,1817,1
367,1769,1
367,1755,1
516,1223,1
516,1227,1
516,1229,1
516,1234,1
516,1237,1
516,1238,1
516,1239,1
516,1242,1
367,1751,1
367,1750,1
367,1876,1
515,1339,1
368,1601,1
367,1897,1
368,1566,1
368,1399,1
515,1312,1
515,1314,1
368,1171,1
368,1131,1
515,1317,1
515,1318,1
368,991,1
368,953,1
368,939,1
515,1322,1
368,929,1
368,365,1
515,1327,1
368,234,1
515,1330,1
367,1989,1
367,1983,1
515,1333,1
367,1961,1
515,1335,1
515,1336,1
518,1218,1
518,1225,1
522,1228,1
520,1766,1
365,443,1
365,433,1
520,1341,1
520,1344,1
365,275,1
520,1417,1
520,1454,1
520,1718,1
365,239,1
520,1720,1
520,1765,1
520,1783,1
518,1226,1
365,180,1
520,1992,1
521,98,1
521,182,1
364,1904,1
364,1858,1
364,1830,1
521,979,1
521,1227,1
364,1790,1
521,1229,1
365,488,1
365,515,1
520,1321,1
365,597,1
520,1241,1
520,1242,1
520,1245,1
520,1247,1
520,1248,1
365,1428,1
365,1360,1
520,1255,1
365,1353,1
520,1257,1
520,1278,1
365,1331,1
365,1329,1
365,1251,1
365,997,1
520,1310,1
365,685,1
365,607,1
520,1313,1
520,1314,1
520,1317,1
520,1318,1
520,1319,1
521,1233,1
521,1236,1
521,1237,1
521,1320,1
364,1429,1
364,1358,1
521,1324,1
364,1331,1
521,1339,1
521,1343,1
521,1448,1
521,1718,1
521,1764,1
521,1766,1
521,1768,1
521,1792,1
521,1818,1
521,1990,1
522,3,1
522,317,1
522,321,1
364,1257,1
522,740,1
522,994,1
522,1213,1
522,1225,1
522,1227,1
521,1321,1
364,1458,1
521,1242,1
364,1474,1
521,1243,1
521,1244,1
521,1245,1
364,1768,1
364,1766,1
364,1754,1
364,1750,1
364,1746,1
364,1739,1
521,1263,1
521,1273,1
364,1733,1
364,1717,1
521,1280,1
521,1281,1
364,1636,1
364,1625,1
521,1308,1
521,1309,1
364,1622,1
364,1602,1
521,1315,1
521,1316,1
520,1235,1
365,1523,1
365,1524,1
518,1320,1
518,1324,1
518,1325,1
365,1922,1
518,1327,1
365,1921,1
365,1812,1
518,1331,1
518,1335,1
518,1345,1
518,1414,1
518,1542,1
518,1593,1
365,1811,1
518,1825,1
519,182,1
519,237,1
365,1804,1
519,616,1
519,1225,1
519,1226,1
519,1227,1
519,1229,1
519,1237,1
518,1321,1
518,1318,1
365,1803,1
518,1316,1
518,1234,1
518,1235,1
518,1236,1
518,1238,1
518,1240,1
518,1244,1
518,1247,1
518,1249,1
366,824,1
518,1251,1
366,813,1
366,812,1
518,1267,1
518,1272,1
366,607,1
518,1288,1
366,433,1
518,1303,1
518,1305,1
366,415,1
366,387,1
518,1312,1
366,386,1
519,1248,1
365,1801,1
520,1226,1
519,1328,1
519,1336,1
519,1343,1
519,1344,1
519,1415,1
519,1438,1
519,1541,1
519,1594,1
519,1792,1
519,1816,1
519,1986,1
365,1534,1
519,1996,1
520,182,1
520,189,1
520,458,1
520,466,1
520,471,1
520,616,1
365,1533,1
365,1525,1
520,1159,1
520,1221,1
520,1225,1
519,1333,1
519,1327,1
365,1796,1
519,1325,1
365,1774,1
365,1773,1
519,1264,1
519,1266,1
519,1271,1
519,1281,1
519,1285,1
519,1286,1
365,1769,1
365,1765,1
519,1292,1
519,1303,1
519,1311,1
519,1315,1
365,1721,1
519,1317,1
365,1706,1
519,1319,1
365,1702,1
519,1321,1
519,1322,1
365,1618,1
519,1324,1
529,1134,1
359,1783,1
540,1688,1
536,1258,1
536,1232,1
355,507,1
355,464,1
536,1241,1
536,1245,1
536,1249,1
536,1250,1
536,1251,1
536,1252,1
536,1254,1
536,1256,1
536,1264,1
537,1289,1
355,454,1
536,1271,1
536,1272,1
536,1276,1
355,259,1
355,173,1
354,1976,1
354,1839,1
354,1838,1
354,1813,1
354,1808,1
536,1228,1
536,1227,1
355,1021,1
536,1218,1
535,1529,1
355,1718,1
535,1578,1
355,1716,1
355,1627,1
535,1581,1
355,1435,1
535,1805,1
535,1948,1
535,1966,1
535,1998,1
355,1355,1
355,1265,1
536,345,1
536,464,1
536,467,1
355,1203,1
536,478,1
355,1199,1
355,1186,1
536,709,1
536,768,1
536,1214,1
354,1807,1
354,1791,1
354,1784,1
537,988,1
537,1140,1
537,1162,1
537,1220,1
354,1762,1
537,1227,1
354,1761,1
537,1231,1
537,1232,1
354,1760,1
354,1759,1
354,1758,1
354,1757,1
537,1238,1
354,1756,1
537,1246,1
537,1251,1
537,1252,1
537,1253,1
537,1260,1
537,1273,1
354,1755,1
354,1754,1
537,1286,1
537,1126,1
537,852,1
536,1324,1
354,1764,1
536,1327,1
536,1331,1
536,1334,1
354,1779,1
536,1460,1
354,1777,1
536,1477,1
354,1776,1
536,1480,1
536,1481,1
536,1482,1
354,1774,1
536,1707,1
536,1715,1
536,1716,1
536,1816,1
354,1773,1
354,1772,1
537,293,1
537,427,1
537,468,1
354,1768,1
354,1765,1
535,1435,1
535,1419,1
535,1341,1
534,1277,1
355,1787,1
534,1286,1
355,1785,1
355,1782,1
355,1779,1
355,1778,1
355,1776,1
355,1775,1
534,1300,1
355,1773,1
355,1771,1
355,1770,1
355,1768,1
355,1766,1
355,1764,1
355,1763,1
355,1762,1
355,1760,1
534,1316,1
355,1759,1
534,1321,1
534,1324,1
534,1328,1
534,1282,1
534,1274,1
534,1337,1
355,1797,1
534,1213,1
534,1225,1
534,1226,1
534,1227,1
534,1228,1
355,1905,1
355,1903,1
355,1844,1
355,1839,1
534,1237,1
355,1838,1
534,1246,1
534,1248,1
355,1823,1
534,1250,1
534,1251,1
355,1813,1
534,1259,1
534,1262,1
534,1267,1
355,1808,1
534,1271,1
355,1798,1
534,1336,1
534,1486,1
535,1340,1
535,1249,1
535,1251,1
535,1259,1
535,1269,1
355,1748,1
355,1747,1
535,1290,1
355,1746,1
535,1306,1
535,1308,1
355,1745,1
355,1744,1
355,1741,1
355,1739,1
355,1736,1
355,1735,1
355,1733,1
535,1316,1
355,1729,1
535,1318,1
535,1322,1
355,1720,1
535,1330,1
535,1339,1
535,1250,1
535,1245,1
534,1498,1
355,1750,1
534,1509,1
534,1577,1
534,1612,1
534,1797,1
534,1906,1
534,1967,1
534,1985,1
535,118,1
355,1758,1
355,1757,1
355,1755,1
535,747,1
535,995,1
535,1007,1
535,1160,1
535,1214,1
535,1226,1
535,1232,1
535,1234,1
355,1754,1
355,1753,1
535,1238,1
355,1751,1
354,1753,1
354,1752,1
355,1936,1
539,1818,1
539,1312,1
539,1313,1
539,1317,1
539,1319,1
539,1336,1
539,1337,1
539,1346,1
539,1357,1
539,1665,1
539,1672,1
539,1773,1
353,1758,1
537,1291,1
540,362,1
540,368,1
540,433,1
540,480,1
353,1757,1
353,1756,1
540,922,1
353,1755,1
353,1753,1
540,1229,1
540,1231,1
353,1759,1
539,1310,1
353,1760,1
539,1308,1
354,342,1
539,1231,1
354,80,1
353,1954,1
539,1239,1
539,1246,1
539,1248,1
539,1249,1
539,1253,1
539,1255,1
353,1909,1
353,1866,1
353,1801,1
353,1796,1
353,1788,1
353,1778,1
353,1773,1
353,1771,1
353,1767,1
353,1764,1
353,1763,1
539,1298,1
353,1761,1
540,1232,1
353,1751,1
353,1750,1
353,1729,1
353,1717,1
353,1714,1
540,1307,1
540,1308,1
353,1700,1
353,1691,1
353,1667,1
540,1312,1
353,1649,1
540,1317,1
540,1318,1
540,1319,1
540,1325,1
540,1328,1
540,1331,1
540,1336,1
540,1340,1
540,1343,1
540,1348,1
540,1439,1
540,1453,1
353,1622,1
540,1669,1
353,1723,1
353,1730,1
353,1748,1
353,1731,1
540,1245,1
540,1250,1
353,1745,1
540,1255,1
540,1256,1
540,1257,1
353,1744,1
540,1259,1
353,1743,1
540,1262,1
540,1265,1
540,1266,1
353,1740,1
353,1739,1
353,1738,1
353,1736,1
540,1275,1
540,1276,1
540,1278,1
540,1280,1
353,1734,1
353,1733,1
540,1284,1
539,1229,1
539,1220,1
354,355,1
354,1738,1
538,474,1
354,1736,1
538,509,1
538,705,1
538,1217,1
538,1218,1
538,1228,1
354,1732,1
538,1234,1
354,1731,1
354,1730,1
354,1728,1
354,1718,1
538,1244,1
538,1247,1
538,1248,1
538,1251,1
538,1253,1
538,1254,1
538,1255,1
538,1256,1
538,1257,1
538,1259,1
354,1737,1
538,436,1
354,1717,1
538,425,1
537,1300,1
354,1750,1
354,1749,1
354,1748,1
354,1747,1
354,1746,1
354,1745,1
354,1744,1
537,1320,1
537,1326,1
537,1328,1
537,1338,1
537,1339,1
537,1495,1
537,1496,1
537,1663,1
537,1664,1
537,1816,1
537,1817,1
354,1740,1
538,278,1
538,291,1
538,314,1
538,1267,1
538,1270,1
539,1216,1
354,1251,1
538,1817,1
354,1113,1
538,1834,1
538,1835,1
538,1836,1
538,1888,1
538,1914,1
354,694,1
538,1920,1
538,1939,1
538,1948,1
539,439,1
539,473,1
539,479,1
539,494,1
539,495,1
539,496,1
539,497,1
539,500,1
354,449,1
539,589,1
539,657,1
539,1146,1
538,1672,1
538,1539,1
538,1273,1
538,1338,1
354,1713,1
538,1275,1
538,1277,1
538,1278,1
354,1658,1
354,1613,1
354,1602,1
354,1601,1
538,1288,1
538,1290,1
538,1293,1
354,1584,1
538,1296,1
354,1496,1
354,1354,1
354,1265,1
538,1312,1
354,1254,1
538,1314,1
538,1318,1
538,1327,1
538,1332,1
538,1335,1
355,1907,1
355,1985,1
529,1225,1
530,1330,1
530,1318,1
530,1319,1
530,1320,1
358,1758,1
358,1757,1
530,1323,1
530,1324,1
358,1756,1
530,1326,1
358,1754,1
530,1329,1
530,1331,1
531,1295,1
530,1332,1
358,1753,1
530,1334,1
358,1752,1
530,1336,1
358,1751,1
358,1750,1
530,1340,1
358,1749,1
530,1343,1
358,1748,1
530,1317,1
358,1759,1
358,1761,1
358,1763,1
530,1285,1
530,1286,1
358,1791,1
530,1290,1
530,1294,1
358,1787,1
530,1296,1
358,1786,1
358,1784,1
530,1300,1
530,1301,1
530,1302,1
358,1782,1
530,1304,1
358,1779,1
530,1306,1
530,1307,1
358,1774,1
530,1309,1
358,1771,1
530,1311,1
358,1769,1
358,1767,1
530,1420,1
358,1746,1
530,1592,1
358,1606,1
531,1261,1
531,1270,1
531,1271,1
358,1476,1
358,1374,1
358,1373,1
358,1323,1
358,1320,1
358,1177,1
358,1021,1
358,470,1
358,469,1
358,400,1
531,1282,1
358,366,1
358,180,1
531,1285,1
357,1955,1
357,1898,1
531,1289,1
531,1290,1
357,1894,1
531,1292,1
531,1250,1
531,1245,1
530,1595,1
531,1243,1
530,1679,1
530,1803,1
530,1804,1
531,313,1
531,497,1
358,1743,1
358,1742,1
358,1740,1
358,1738,1
358,1736,1
531,918,1
531,940,1
358,1735,1
531,1072,1
531,1212,1
358,1732,1
531,1226,1
531,1230,1
531,1232,1
358,1705,1
358,1662,1
531,1241,1
358,1652,1
530,1284,1
530,1282,1
530,1280,1
529,1293,1
529,1299,1
529,1301,1
529,1303,1
359,1751,1
359,1749,1
359,1748,1
359,1735,1
529,1309,1
529,1310,1
359,1733,1
359,1730,1
359,1683,1
529,1315,1
359,1681,1
529,1318,1
359,1672,1
529,1320,1
359,1663,1
529,1322,1
529,1325,1
529,1328,1
529,1329,1
529,1330,1
359,1753,1
359,1755,1
359,1605,1
359,1756,1
529,1229,1
359,1781,1
529,1231,1
359,1777,1
359,1772,1
359,1769,1
529,1242,1
529,1244,1
529,1246,1
529,1249,1
529,1256,1
529,1265,1
529,1266,1
529,1267,1
529,1268,1
359,1767,1
359,1763,1
359,1762,1
359,1761,1
359,1760,1
529,1275,1
359,1759,1
359,1758,1
359,1609,1
529,1339,1
530,1279,1
530,1216,1
530,1225,1
530,1230,1
530,1240,1
530,1243,1
530,1244,1
530,1245,1
530,1249,1
530,1250,1
530,1251,1
530,1253,1
530,1255,1
530,1259,1
530,1262,1
530,1263,1
530,1267,1
359,456,1
530,1270,1
359,128,1
359,124,1
358,1962,1
530,1276,1
358,1945,1
530,1278,1
530,1224,1
530,1214,1
529,1340,1
530,1210,1
359,1604,1
529,1399,1
529,1418,1
529,1434,1
359,1530,1
529,1833,1
529,1846,1
529,1910,1
530,119,1
530,356,1
530,471,1
359,1396,1
530,547,1
359,1358,1
359,1309,1
359,1214,1
530,642,1
359,1213,1
359,1137,1
530,860,1
530,977,1
359,1135,1
530,1209,1
531,1293,1
357,1840,1
356,80,1
533,1217,1
532,1930,1
532,1937,1
532,1990,1
533,9,1
533,268,1
356,1775,1
356,1774,1
356,1772,1
533,1010,1
533,1025,1
533,1212,1
356,1768,1
357,1825,1
533,1225,1
533,1227,1
356,1767,1
356,1766,1
533,1234,1
533,1235,1
356,1765,1
356,1764,1
533,1246,1
533,1247,1
533,1248,1
532,1801,1
532,1715,1
532,1714,1
532,1671,1
356,1790,1
532,1301,1
356,1788,1
356,1783,1
532,1305,1
532,1307,1
532,1308,1
532,1309,1
532,1310,1
356,1781,1
532,1312,1
356,1780,1
532,1322,1
532,1323,1
532,1329,1
532,1337,1
532,1339,1
532,1343,1
532,1345,1
532,1541,1
356,1778,1
356,1777,1
532,1670,1
533,1251,1
533,1254,1
533,1268,1
356,1615,1
356,1465,1
533,1314,1
533,1315,1
533,1317,1
356,1353,1
533,1325,1
356,984,1
533,1331,1
533,1339,1
533,1343,1
533,1344,1
356,888,1
356,676,1
533,1578,1
533,1996,1
356,471,1
534,316,1
356,470,1
534,491,1
534,495,1
356,446,1
356,129,1
356,123,1
356,1609,1
356,1657,1
533,1275,1
356,1716,1
533,1278,1
356,1763,1
356,1762,1
356,1760,1
356,1759,1
356,1758,1
356,1756,1
356,1754,1
356,1753,1
533,1290,1
356,1750,1
356,1748,1
356,1747,1
356,1746,1
356,1742,1
533,1296,1
356,1740,1
356,1739,1
533,1303,1
533,1304,1
533,1306,1
356,1735,1
356,1726,1
356,1795,1
356,1811,1
356,1814,1
531,1323,1
531,1325,1
531,1326,1
357,1757,1
531,1328,1
357,1755,1
357,1754,1
357,1753,1
357,1752,1
357,1751,1
531,1334,1
531,1335,1
531,1336,1
531,1337,1
357,1750,1
531,1339,1
531,1341,1
357,1749,1
531,1344,1
531,1357,1
531,1491,1
531,1492,1
531,1500,1
531,1515,1
357,1758,1
531,1322,1
531,1576,1
531,1321,1
531,1298,1
357,1821,1
531,1300,1
357,1819,1
357,1814,1
357,1808,1
357,1807,1
357,1805,1
357,1804,1
531,1307,1
357,1784,1
357,1783,1
357,1781,1
531,1311,1
357,1779,1
357,1778,1
531,1314,1
357,1769,1
357,1768,1
357,1762,1
531,1318,1
357,1760,1
357,1759,1
357,1748,1
531,1805,1
356,1840,1
532,1247,1
532,1254,1
532,1258,1
532,1265,1
532,1272,1
357,1398,1
532,1276,1
357,1313,1
357,1280,1
357,1214,1
357,1191,1
357,1087,1
357,983,1
532,1285,1
357,982,1
357,981,1
532,1288,1
357,885,1
357,686,1
357,477,1
357,449,1
357,189,1
357,80,1
356,1942,1
532,1252,1
357,1407,1
357,1747,1
532,1245,1
531,1909,1
531,1925,1
531,1981,1
531,1994,1
532,182,1
532,267,1
532,442,1
532,507,1
532,574,1
357,1745,1
357,1734,1
357,1731,1
532,1214,1
532,1216,1
532,1225,1
357,1694,1
532,1228,1
357,1692,1
532,1231,1
532,1232,1
532,1233,1
532,1234,1
357,1581,1
789,811,1
789,917,1
249,27,1
1099,1757,1
171,707,1
1099,1310,1
1099,1315,1
171,675,1
171,456,1
171,321,1
1099,1498,1
1099,1506,1
1099,1659,1
1099,1726,1
1099,1755,1
1099,1832,1
171,1050,1
1099,1857,1
1099,1894,1
171,315,1
1099,1987,1
1099,1990,1
171,313,1
1100,504,1
1100,722,1
1100,979,1
171,308,1
1100,1117,1
1099,646,1
171,937,1
1099,116,1
1098,1844,1
1098,784,1
171,1049,1
1098,987,1
1098,1171,1
1098,1277,1
1098,1299,1
1098,1305,1
1098,1307,1
1098,1312,1
1098,1315,1
1098,1321,1
1098,1331,1
1098,1354,1
1098,1355,1
171,1032,1
1098,1369,1
1098,1410,1
1098,1455,1
1098,1503,1
1098,1590,1
1098,1656,1
1098,1660,1
1098,1700,1
1100,1259,1
1100,1279,1
1100,1328,1
171,195,1
171,14,1
170,1887,1
1101,1419,1
1101,1485,1
1101,1491,1
170,1881,1
1101,1503,1
1101,1613,1
1101,1674,1
1101,1755,1
1102,160,1
1102,227,1
170,1863,1
1102,874,1
170,1862,1
1102,952,1
1102,1348,1
170,1819,1
1102,1351,1
170,1811,1
1102,1360,1
170,1801,1
1102,1462,1
171,46,1
1101,1279,1
1100,1355,1
1101,1273,1
171,305,1
171,274,1
1100,1434,1
1100,1437,1
1100,1463,1
1100,1497,1
1100,1498,1
1100,1511,1
1100,1649,1
1100,1655,1
171,215,1
1100,1659,1
1100,1674,1
1100,1812,1
1100,1886,1
1101,128,1
1101,228,1
1101,233,1
1101,551,1
1101,731,1
1101,832,1
1101,1029,1
1101,1192,1
1098,646,1
1098,274,1
1079,850,1
1095,1990,1
1095,1488,1
171,1565,1
1095,1493,1
1095,1494,1
1095,1495,1
1095,1503,1
1095,1506,1
1095,1576,1
1095,1615,1
1095,1663,1
1095,1785,1
1095,1994,1
1097,1999,1
171,1540,1
1096,223,1
1096,233,1
1096,1100,1
1096,1169,1
1096,1275,1
1096,1276,1
1096,1277,1
1096,1278,1
1096,1302,1
1096,1309,1
1095,1441,1
1095,1429,1
1095,1362,1
171,1567,1
171,1927,1
171,1860,1
1094,1366,1
1094,1367,1
1094,1425,1
1094,1491,1
171,1839,1
171,1836,1
1094,1502,1
1094,1663,1
1094,1666,1
171,1820,1
1094,1996,1
1095,219,1
171,1815,1
171,1812,1
1095,278,1
1095,873,1
171,1710,1
1095,966,1
1095,1310,1
1095,1332,1
1095,1356,1
1096,1314,1
1096,1331,1
171,1463,1
1097,1275,1
1097,1306,1
171,1141,1
1097,1312,1
1097,1320,1
1097,1331,1
1097,1341,1
171,1068,1
1097,1357,1
1097,1365,1
1097,1451,1
1097,1486,1
1097,1492,1
171,1063,1
1097,1495,1
1097,1496,1
1097,1501,1
1097,1667,1
1097,1700,1
1097,1732,1
1097,1894,1
171,1059,1
1097,1944,1
1097,1979,1
1097,1278,1
1097,1165,1
171,1461,1
1097,941,1
171,1458,1
171,1440,1
171,1434,1
171,1433,1
1096,1441,1
1096,1485,1
1096,1490,1
171,1421,1
171,1420,1
171,1261,1
1096,1495,1
1096,1662,1
1096,1727,1
1096,1740,1
1096,1929,1
1096,1944,1
1097,37,1
1097,223,1
171,1178,1
1097,274,1
1097,571,1
1097,782,1
1097,849,1
1102,1469,1
170,1738,1
1102,1489,1
1107,1353,1
1106,1702,1
170,322,1
1106,1898,1
1107,0,1
1107,201,1
1107,264,1
1107,823,1
1107,1038,1
1107,1059,1
1107,1120,1
1107,1347,1
1107,1361,1
1102,1491,1
1107,1438,1
1107,1439,1
1107,1441,1
1107,1442,1
170,317,1
170,314,1
1107,1477,1
1107,1484,1
1107,1497,1
1107,1504,1
1107,1526,1
1106,1682,1
1106,1650,1
1106,1647,1
170,324,1
1106,188,1
1106,203,1
1106,264,1
1106,786,1
1106,825,1
1106,1274,1
1106,1298,1
1106,1343,1
170,1037,1
1106,1349,1
170,1029,1
1106,1358,1
1106,1434,1
1106,1438,1
1106,1470,1
1106,1484,1
1106,1488,1
1106,1490,1
1106,1503,1
1106,1516,1
1106,1555,1
1106,1612,1
1106,1627,1
1107,1555,1
1107,1615,1
170,312,1
169,1881,1
1108,1485,1
1108,1488,1
1108,1501,1
1108,1555,1
1108,1629,1
1108,1723,1
1108,1724,1
1108,1728,1
1108,1897,1
1108,1916,1
1108,1958,1
1109,201,1
1109,361,1
1109,365,1
1109,434,1
1109,819,1
1109,997,1
169,1857,1
1109,1085,1
1109,1131,1
1109,1269,1
169,1851,1
169,1784,1
1108,1464,1
169,1883,1
1107,1627,1
1108,1442,1
1107,1628,1
1107,1648,1
1107,1649,1
1107,1719,1
1107,1786,1
1107,1787,1
1107,1894,1
1107,1964,1
1107,1998,1
1108,182,1
1108,202,1
170,307,1
1108,525,1
1108,1006,1
1108,1038,1
1108,1263,1
170,305,1
170,278,1
1108,1347,1
1108,1350,1
170,277,1
1108,1438,1
169,1948,1
1106,186,1
1106,69,1
170,1039,1
1103,1439,1
1103,1446,1
1103,1463,1
1103,1481,1
1103,1487,1
1103,1506,1
1103,1524,1
1103,1530,1
1103,1646,1
1103,1650,1
1103,1652,1
1103,1653,1
1103,1675,1
1103,1895,1
1103,1957,1
1103,1994,1
1103,1996,1
1104,120,1
1104,186,1
1104,203,1
1104,782,1
1104,797,1
1104,798,1
1104,799,1
1103,1442,1
1103,1438,1
1104,1284,1
170,1494,1
1102,1495,1
1102,1497,1
1102,1500,1
1102,1506,1
1102,1516,1
1102,1518,1
1102,1613,1
1102,1654,1
1102,1887,1
1102,1996,1
1103,1,1
170,1694,1
1103,178,1
1103,228,1
1103,374,1
1103,441,1
1103,909,1
1103,951,1
1103,965,1
1103,1085,1
1103,1187,1
1103,1304,1
170,1499,1
1104,1156,1
1104,1322,1
1105,1986,1
170,1064,1
1104,1996,1
1105,3,1
1105,4,1
170,1059,1
1105,34,1
1105,36,1
1105,229,1
1105,232,1
1105,784,1
1105,866,1
1105,981,1
1105,1284,1
1105,1328,1
1105,1351,1
170,1042,1
1105,1484,1
1105,1497,1
1105,1526,1
170,1040,1
1105,1555,1
1105,1650,1
1105,1656,1
1105,1901,1
1104,1994,1
1104,1901,1
1104,1326,1
1104,1889,1
1104,1344,1
170,1459,1
170,1445,1
1104,1361,1
170,1407,1
1104,1366,1
170,1137,1
1104,1439,1
1104,1441,1
1104,1470,1
1104,1471,1
1104,1488,1
1104,1502,1
1104,1516,1
1104,1518,1
1104,1524,1
1104,1530,1
1104,1559,1
1104,1614,1
1104,1651,1
1104,1688,1
1104,1740,1
1104,1748,1
1094,1332,1
171,1948,1
172,48,1
1084,1333,1
1084,611,1
173,1256,1
1084,724,1
173,1252,1
173,1251,1
1084,894,1
173,1250,1
1084,1131,1
1084,1275,1
1084,1323,1
1084,1326,1
173,1144,1
1086,1831,1
173,1140,1
1084,1428,1
1084,1477,1
173,1069,1
1084,1530,1
1084,1612,1
1084,1663,1
1084,1664,1
1084,1670,1
1084,1800,1
1084,1812,1
173,1389,1
1084,243,1
1083,1995,1
1083,1994,1
1083,118,1
1083,242,1
1083,282,1
1083,340,1
1083,545,1
173,1551,1
1083,756,1
173,1465,1
173,1419,1
1083,962,1
1083,1125,1
1083,1394,1
1083,1420,1
1083,1425,1
1083,1477,1
1083,1581,1
1083,1613,1
173,1407,1
173,1398,1
1083,1662,1
1083,1663,1
1083,1992,1
1083,1993,1
1084,1865,1
173,1067,1
1084,1914,1
1085,1808,1
1086,36,1
173,727,1
1086,757,1
1086,758,1
1086,766,1
1086,868,1
1086,954,1
1086,975,1
1086,1131,1
1086,1315,1
1086,1317,1
173,325,1
1086,1357,1
1086,1456,1
1086,1486,1
1086,1504,1
1086,1618,1
1086,1655,1
173,307,1
173,47,1
1086,1663,1
1086,1739,1
1086,1743,1
1085,1914,1
1085,1670,1
1084,1949,1
1085,1665,1
1084,1980,1
1084,1981,1
1085,357,1
1085,363,1
173,1065,1
1085,466,1
1085,617,1
1085,758,1
173,1046,1
173,1043,1
1085,842,1
1085,949,1
173,1040,1
1085,1298,1
1085,1314,1
1085,1324,1
1085,1325,1
173,1037,1
1085,1465,1
1085,1482,1
1085,1633,1
173,756,1
1085,1663,1
1083,66,1
1083,65,1
1082,1741,1
1080,678,1
174,503,1
174,484,1
174,450,1
1080,893,1
1080,1096,1
1080,1132,1
1080,1141,1
1080,1270,1
1080,1290,1
1080,1356,1
1080,1376,1
1080,1407,1
1080,1416,1
1080,1430,1
1080,1431,1
1080,1437,1
1080,1468,1
1080,1504,1
1080,1548,1
1080,1613,1
174,323,1
1080,1657,1
1080,1661,1
1080,830,1
1080,353,1
1080,1697,1
1080,342,1
174,1024,1
174,1022,1
174,952,1
1079,1132,1
1079,1199,1
1079,1211,1
1079,1276,1
1079,1431,1
1079,1464,1
1079,1469,1
1079,1573,1
174,940,1
174,815,1
1079,1658,1
1079,1659,1
1079,1660,1
1079,1741,1
1079,1760,1
1079,1841,1
1079,1948,1
1079,1960,1
1080,41,1
1080,341,1
1080,1662,1
1080,1741,1
1082,1696,1
1081,1793,1
1081,1904,1
1081,1942,1
1082,44,1
1082,63,1
174,102,1
1082,281,1
1082,338,1
1082,678,1
1082,744,1
1082,759,1
1082,766,1
173,1962,1
173,1891,1
1082,774,1
1082,1076,1
1082,1113,1
1082,1125,1
1082,1340,1
1082,1341,1
173,1680,1
1082,1463,1
1082,1464,1
1082,1563,1
1081,1903,1
174,226,1
1080,1823,1
1081,1661,1
174,319,1
1080,1968,1
1081,65,1
1081,96,1
1081,282,1
174,312,1
1081,340,1
1081,416,1
1081,417,1
1081,575,1
1081,647,1
1081,678,1
1081,845,1
174,275,1
1081,1034,1
1081,1132,1
1081,1340,1
1081,1376,1
1081,1468,1
1081,1501,1
1081,1601,1
1081,1614,1
174,227,1
1086,1759,1
173,37,1
1094,1305,1
172,786,1
1091,1740,1
1091,1766,1
1091,1904,1
1092,180,1
1092,185,1
1092,210,1
1092,575,1
1092,967,1
1092,1012,1
1092,1221,1
1092,1357,1
1092,1416,1
1086,1991,1
1092,1438,1
1092,1445,1
1092,1446,1
1092,1496,1
1092,1514,1
1092,1587,1
1092,1617,1
1092,1670,1
1092,1671,1
1092,1674,1
1092,1682,1
1091,1738,1
1091,1693,1
1091,1682,1
172,840,1
1091,36,1
1091,45,1
1091,46,1
172,1040,1
1091,223,1
1091,451,1
172,1039,1
172,1038,1
172,1026,1
1091,659,1
1091,672,1
1091,1126,1
1091,1336,1
1091,1361,1
1091,1392,1
1091,1422,1
1091,1433,1
1091,1471,1
1091,1493,1
1091,1495,1
1091,1499,1
1091,1588,1
1091,1658,1
1092,1766,1
1092,1772,1
1092,1897,1
1093,1663,1
1093,1682,1
172,315,1
1093,1740,1
1093,1742,1
1093,1896,1
1093,1920,1
1093,1987,1
1093,1990,1
172,309,1
1094,542,1
1094,543,1
1094,757,1
172,306,1
172,305,1
172,275,1
172,243,1
172,214,1
1094,1000,1
1094,1171,1
172,65,1
1094,1221,1
1094,1249,1
1094,1250,1
1093,1674,1
1093,1612,1
1092,1970,1
1093,1599,1
1092,1986,1
1092,1991,1
1093,26,1
1093,107,1
1093,223,1
1093,543,1
1093,544,1
1093,648,1
172,455,1
1093,984,1
1093,1251,1
172,324,1
172,319,1
1093,1329,1
1093,1332,1
1093,1357,1
1093,1360,1
1093,1362,1
1093,1452,1
1093,1478,1
1093,1496,1
1093,1587,1
1093,1588,1
1090,1999,1
1090,1931,1
1090,1930,1
1088,501,1
172,1458,1
1088,817,1
1088,1063,1
1088,1174,1
1088,1316,1
1088,1323,1
1088,1335,1
1088,1337,1
172,1444,1
172,1434,1
172,1404,1
1088,1429,1
1088,1436,1
1088,1486,1
1088,1487,1
1088,1489,1
1088,1490,1
172,1391,1
1088,1497,1
1088,1498,1
1088,1499,1
1088,1502,1
1088,1563,1
172,1459,1
1088,387,1
1088,1625,1
1088,148,1
1086,1995,1
1087,420,1
172,1983,1
1087,868,1
1087,1130,1
172,1949,1
172,1898,1
1087,1336,1
172,1879,1
1087,1425,1
1087,1426,1
172,1866,1
1087,1486,1
1087,1487,1
172,1858,1
172,1822,1
172,1814,1
1087,1495,1
1087,1496,1
172,1651,1
1088,33,1
1088,35,1
1088,129,1
1088,1600,1
172,1378,1
1090,1733,1
1089,1739,1
1090,36,1
1090,44,1
172,1062,1
172,1060,1
1090,282,1
1090,318,1
1090,382,1
1090,557,1
172,1058,1
1090,575,1
1090,672,1
1090,675,1
1090,827,1
1090,1337,1
172,1049,1
1090,1361,1
1090,1454,1
1090,1455,1
1090,1496,1
172,1047,1
1090,1664,1
1090,1682,1
1090,1727,1
1089,1740,1
1089,1737,1
1088,1671,1
1089,1681,1
1089,372,1
1089,768,1
1089,1127,1
1089,1336,1
1089,1337,1
1089,1366,1
1089,1486,1
1089,1487,1
1089,1488,1
172,1344,1
1089,1490,1
172,1260,1
172,1177,1
1089,1498,1
1089,1499,1
172,1068,1
1089,1586,1
1089,1600,1
1089,1616,1
1089,1655,1
172,1067,1
1089,1661,1
1089,1662,1
169,1780,1
169,1779,1
1109,1361,1
1130,201,1
1129,1444,1
167,1466,1
1129,1451,1
1129,1454,1
1129,1456,1
1129,1490,1
1129,1498,1
1129,1539,1
1129,1570,1
1129,1634,1
1129,1713,1
1130,512,1
167,1068,1
1130,652,1
1130,680,1
1130,1116,1
1130,1397,1
167,1435,1
1130,1421,1
1130,1429,1
1130,1443,1
1130,1446,1
1130,1448,1
167,1408,1
1129,601,1
1129,213,1
1129,201,1
167,1701,1
1127,1506,1
1127,1556,1
167,1766,1
1127,1698,1
1127,1709,1
1127,1749,1
1127,1974,1
167,1721,1
1128,201,1
1128,323,1
1128,662,1
1128,689,1
1128,1169,1
1128,1434,1
1128,1444,1
167,1718,1
1128,1484,1
1128,1496,1
1128,1503,1
1128,1540,1
1128,1615,1
1128,1623,1
1128,1746,1
1130,1542,1
1130,1543,1
1130,1565,1
1131,1568,1
1131,1612,1
1131,1613,1
1131,1614,1
1131,1615,1
1131,1630,1
1131,1635,1
1131,1637,1
1131,1641,1
1131,1643,1
1131,1838,1
1131,1953,1
1131,1984,1
167,1129,1
167,1128,1
1132,126,1
1132,252,1
1132,306,1
1132,609,1
1132,824,1
1132,1041,1
1132,1043,1
1132,1044,1
167,1069,1
1131,1582,1
1131,1506,1
1130,1570,1
1131,1503,1
1130,1582,1
1130,1638,1
1130,1639,1
1130,1640,1
1130,1686,1
1130,1687,1
1130,1960,1
167,1407,1
167,1323,1
167,1322,1
1131,119,1
1131,145,1
1131,202,1
167,1261,1
1131,229,1
1131,512,1
1131,513,1
1131,514,1
1131,652,1
1131,877,1
1131,1446,1
1131,1454,1
1131,1459,1
167,1784,1
1127,1499,1
167,1786,1
1124,1447,1
1124,1484,1
1124,1488,1
1124,1494,1
1124,1507,1
1124,1531,1
1124,1563,1
1124,1571,1
1124,1664,1
1124,1665,1
1125,13,1
168,320,1
1125,16,1
168,318,1
168,316,1
1125,19,1
1125,22,1
168,313,1
1125,371,1
1125,422,1
1125,570,1
168,306,1
1125,752,1
1125,760,1
1124,1450,1
1124,1434,1
1125,862,1
1124,1398,1
1123,1002,1
1123,1260,1
1123,1295,1
168,425,1
1123,1397,1
1123,1445,1
1123,1448,1
1123,1486,1
1123,1489,1
1123,1498,1
1123,1504,1
1123,1505,1
1123,1668,1
1124,363,1
1124,577,1
1124,601,1
1124,700,1
168,324,1
1124,995,1
1124,1045,1
1124,1131,1
1124,1260,1
1124,1345,1
1125,850,1
1125,1086,1
1127,1496,1
168,21,1
167,1901,1
1127,23,1
1127,47,1
1127,210,1
1127,342,1
167,1835,1
167,1831,1
1127,618,1
1127,662,1
1127,664,1
1127,795,1
1127,1029,1
1127,1291,1
1127,1364,1
1127,1386,1
167,1793,1
1127,1441,1
1127,1443,1
167,1787,1
1127,1450,1
1127,1456,1
1127,1491,1
1127,1492,1
1126,1857,1
1126,1576,1
1125,1276,1
168,129,1
1125,1442,1
1125,1490,1
1125,1492,1
168,243,1
1125,1538,1
1125,1722,1
1125,1806,1
1125,1853,1
1125,1857,1
168,168,1
1126,23,1
1126,147,1
1126,541,1
1126,605,1
1126,684,1
1126,1334,1
1126,1399,1
1126,1428,1
1126,1446,1
1126,1486,1
1126,1497,1
168,167,1
1126,1499,1
1132,1308,1
1132,1450,1
168,955,1
167,305,1
1137,204,1
1137,205,1
1137,365,1
1137,511,1
1137,514,1
1137,581,1
1137,790,1
167,314,1
167,313,1
1137,1330,1
167,310,1
1137,1423,1
1132,1489,1
1137,1429,1
1137,1448,1
1137,1451,1
1137,1454,1
1137,1476,1
1137,1489,1
1137,1502,1
1137,1530,1
1137,1557,1
1137,1670,1
1137,1710,1
1137,161,1
1137,153,1
1137,151,1
1137,150,1
1136,566,1
1136,713,1
1136,789,1
167,325,1
1136,924,1
1136,1041,1
167,323,1
1136,1185,1
1136,1234,1
1136,1384,1
1136,1415,1
167,321,1
1136,1448,1
1136,1490,1
1136,1493,1
1136,1494,1
1136,1498,1
1136,1509,1
1136,1512,1
1136,1662,1
1136,1830,1
167,317,1
1137,84,1
1137,1711,1
167,220,1
1137,1886,1
1139,98,1
1139,521,1
1139,800,1
1139,805,1
1139,912,1
166,1841,1
1139,1296,1
1139,1365,1
1139,1423,1
1139,1548,1
1139,1707,1
1139,1708,1
1139,1709,1
1139,1710,1
1139,1711,1
166,1836,1
1139,1957,1
1140,66,1
1140,151,1
166,1802,1
1140,207,1
166,1792,1
1140,804,1
166,1751,1
1139,514,1
1139,82,1
1137,1965,1
1138,1990,1
1138,129,1
1138,335,1
1138,397,1
1138,513,1
167,167,1
1138,543,1
1138,1232,1
1138,1233,1
1138,1294,1
167,166,1
1138,1365,1
1138,1382,1
1138,1475,1
1138,1496,1
1138,1514,1
1138,1661,1
167,41,1
1138,1709,1
1138,1711,1
166,1998,1
166,1847,1
1138,1966,1
1138,1968,1
1136,550,1
167,326,1
1136,516,1
1133,1451,1
1133,1455,1
1133,1457,1
1133,1459,1
1133,1462,1
1133,1464,1
1133,1466,1
167,1046,1
1133,1491,1
1133,1556,1
1133,1596,1
1133,1647,1
1133,1670,1
1133,1713,1
1133,1843,1
1133,1846,1
1133,1956,1
1133,1984,1
1134,226,1
167,1041,1
167,1038,1
1134,456,1
167,1034,1
1134,607,1
1133,1454,1
167,1051,1
167,1032,1
1133,1333,1
167,1065,1
1132,1499,1
1132,1582,1
1132,1613,1
1132,1614,1
1132,1615,1
1132,1616,1
167,1062,1
1133,19,1
167,1058,1
1133,215,1
1133,549,1
1133,550,1
1133,578,1
1133,610,1
1133,695,1
1133,704,1
1133,724,1
1133,935,1
1133,1010,1
1133,1028,1
1133,1043,1
1133,1286,1
1134,609,1
1134,1031,1
1136,161,1
1135,438,1
167,954,1
1135,550,1
1135,608,1
1135,609,1
1135,1032,1
1135,1043,1
1135,1107,1
1135,1329,1
167,740,1
1135,1450,1
1135,1452,1
1135,1455,1
1135,1484,1
167,643,1
1135,1496,1
1135,1501,1
1135,1557,1
167,414,1
1135,1823,1
1135,1828,1
1135,1882,1
1136,14,1
1136,160,1
1135,547,1
1135,406,1
1134,1043,1
1135,365,1
1134,1209,1
1134,1277,1
1134,1278,1
1134,1408,1
1134,1421,1
1134,1432,1
1134,1446,1
1134,1447,1
1134,1453,1
1134,1487,1
1134,1490,1
1134,1494,1
1134,1495,1
167,1029,1
1134,1557,1
1134,1597,1
1134,1708,1
1134,1712,1
1134,1713,1
1134,1953,1
1134,1998,1
1135,226,1
167,956,1
168,480,1
1123,846,1
1109,1445,1
1113,1446,1
169,949,1
1113,1000,1
169,913,1
1113,1242,1
1113,1356,1
1113,1357,1
169,856,1
169,818,1
1113,1429,1
1113,1438,1
1113,1442,1
1113,1450,1
1116,1168,1
1113,1453,1
1113,1465,1
1113,1469,1
1113,1499,1
1113,1502,1
1113,1874,1
1113,1902,1
1113,1907,1
1113,1993,1
1114,23,1
1114,122,1
1113,865,1
1113,861,1
1113,682,1
1113,247,1
169,1031,1
169,1021,1
1112,1430,1
1112,1441,1
1112,1447,1
1112,1454,1
1112,1456,1
1112,1484,1
1112,1494,1
1112,1535,1
1112,1555,1
1112,1569,1
1112,1584,1
169,960,1
1112,1650,1
1112,1651,1
1112,1696,1
1112,1748,1
1113,0,1
1113,154,1
1113,171,1
169,955,1
169,954,1
169,763,1
1114,252,1
169,325,1
1115,1438,1
1115,1447,1
1115,1451,1
1115,1456,1
1115,1458,1
1115,1469,1
1115,1485,1
1115,1497,1
1115,1500,1
1115,1749,1
1115,1827,1
169,202,1
1116,129,1
1116,182,1
169,136,1
1116,466,1
1116,473,1
1116,519,1
1116,617,1
1116,913,1
1116,919,1
1116,998,1
1116,999,1
1116,1114,1
1115,1445,1
1115,1405,1
169,323,1
1115,1398,1
169,315,1
1114,719,1
169,313,1
1114,1397,1
1114,1436,1
169,310,1
1114,1447,1
1114,1468,1
1114,1491,1
1114,1493,1
1114,1495,1
169,293,1
1114,1985,1
1115,129,1
1115,153,1
1115,293,1
1115,519,1
1115,783,1
1115,999,1
1115,1000,1
1115,1045,1
1115,1195,1
169,223,1
169,1033,1
169,1034,1
1112,1323,1
1110,1286,1
1110,1308,1
1110,1360,1
1110,1439,1
1110,1441,1
1110,1450,1
1110,1455,1
1110,1484,1
1110,1485,1
169,1670,1
1110,1492,1
169,1657,1
1110,1497,1
1110,1499,1
1110,1503,1
1110,1555,1
1110,1573,1
1110,1644,1
1110,1721,1
1110,1722,1
1110,1723,1
1110,1725,1
1110,1727,1
1110,1728,1
1110,1307,1
1110,1222,1
1110,1730,1
1110,1182,1
1109,1498,1
1109,1499,1
1109,1501,1
1109,1507,1
1109,1525,1
1109,1555,1
1109,1608,1
1109,1610,1
1109,1724,1
1109,1735,1
1109,1736,1
1109,1738,1
1109,1747,1
1109,1896,1
1110,152,1
1110,153,1
1110,154,1
1110,159,1
1110,418,1
1110,439,1
1110,902,1
1110,934,1
1110,949,1
1110,1729,1
1110,1731,1
1112,1207,1
169,1388,1
1111,1650,1
1111,1651,1
1111,1683,1
1111,1748,1
1111,1903,1
1111,1905,1
169,1063,1
169,1051,1
169,1050,1
169,1045,1
1112,180,1
169,1044,1
1112,187,1
169,1042,1
1112,687,1
1112,739,1
1112,814,1
1112,855,1
1112,900,1
1112,901,1
1112,998,1
1112,1138,1
1112,1169,1
1111,1644,1
1111,1612,1
1110,1732,1
1111,1573,1
1110,1737,1
1110,1748,1
1110,1902,1
169,1462,1
1110,1987,1
1111,155,1
1111,251,1
1111,337,1
1111,901,1
1111,902,1
1111,1111,1
1111,1178,1
1111,1395,1
1111,1399,1
1111,1439,1
1111,1445,1
1111,1447,1
1111,1448,1
169,1407,1
1111,1488,1
169,1403,1
1111,1504,1
1111,1555,1
1116,1153,1
1116,1169,1
168,960,1
168,1407,1
1120,1549,1
1120,1748,1
168,1428,1
1120,1908,1
1120,1960,1
1120,1977,1
1120,1997,1
1120,1998,1
1121,14,1
1121,140,1
168,1420,1
1121,355,1
1116,1256,1
168,1400,1
168,1068,1
1121,679,1
1121,707,1
1121,708,1
1121,785,1
1121,801,1
1121,900,1
1121,982,1
1121,1082,1
1121,1083,1
1120,1509,1
1120,1503,1
168,1431,1
1120,1480,1
1119,1499,1
1119,1501,1
1119,1503,1
1119,1562,1
1119,1709,1
1119,1839,1
1119,1905,1
1119,1999,1
1120,657,1
1120,662,1
1120,707,1
1120,728,1
1120,766,1
1120,1140,1
1120,1272,1
1120,1292,1
1120,1391,1
168,1461,1
1120,1430,1
1120,1442,1
1120,1447,1
1120,1448,1
1120,1449,1
1121,1148,1
1121,1264,1
168,1063,1
168,1038,1
1122,1456,1
1122,1491,1
168,1036,1
1122,1496,1
1122,1497,1
1122,1509,1
1122,1510,1
1122,1511,1
1122,1529,1
1122,1549,1
1122,1692,1
1122,1710,1
1122,1711,1
1122,1712,1
1122,1713,1
1122,1746,1
1122,1903,1
168,1034,1
168,1032,1
168,1030,1
1123,364,1
1123,600,1
1123,672,1
1122,1453,1
1122,1435,1
1121,1399,1
1122,1395,1
1121,1447,1
1121,1449,1
168,1062,1
1121,1494,1
1121,1503,1
1121,1507,1
1121,1509,1
1121,1574,1
1121,1747,1
1121,1839,1
168,1052,1
168,1045,1
1122,178,1
1122,224,1
1122,603,1
1122,836,1
1122,846,1
1122,900,1
1122,915,1
168,1039,1
1122,1003,1
1122,1048,1
1122,1163,1
1119,1494,1
168,1671,1
1119,1485,1
1117,488,1
1117,910,1
1117,999,1
1117,1000,1
1117,1005,1
1117,1037,1
1117,1090,1
1117,1164,1
1117,1340,1
1117,1395,1
1117,1444,1
1117,1457,1
168,1967,1
1117,1465,1
1117,1468,1
1117,1490,1
1117,1492,1
1117,1493,1
1117,1497,1
168,1920,1
1117,1502,1
1117,1518,1
1117,1598,1
1117,1792,1
1117,770,1
1117,468,1
1117,1968,1
1117,421,1
1116,1397,1
1116,1445,1
1116,1452,1
1116,1453,1
1116,1460,1
1116,1465,1
1116,1466,1
1116,1467,1
1116,1479,1
1116,1485,1
1116,1487,1
1116,1496,1
1116,1497,1
1116,1499,1
1116,1500,1
1116,1503,1
1116,1509,1
1116,1597,1
1116,1692,1
1116,1798,1
1116,1842,1
168,1988,1
1117,184,1
1117,1874,1
1118,70,1
1119,1475,1
168,1805,1
1118,1839,1
1118,1874,1
168,1797,1
168,1788,1
168,1782,1
168,1779,1
1118,1996,1
1119,159,1
168,1753,1
1119,679,1
1119,836,1
1119,893,1
1119,911,1
1119,946,1
1119,999,1
1119,1116,1
1119,1344,1
168,1721,1
1119,1392,1
1119,1417,1
1119,1448,1
1119,1452,1
1119,1466,1
1118,1800,1
1118,1715,1
1118,95,1
1118,1708,1
1118,202,1
168,1886,1
1118,373,1
1118,468,1
1118,519,1
1118,678,1
1118,711,1
1118,830,1
1118,845,1
1118,891,1
1118,1000,1
1118,1038,1
1118,1164,1
1118,1294,1
1118,1417,1
168,1844,1
1118,1451,1
168,1825,1
1118,1463,1
1118,1484,1
1118,1485,1
1118,1503,1
1118,1505,1
174,1049,1
174,1050,1
183,392,1
1030,1776,1
1030,216,1
1030,217,1
180,471,1
180,338,1
1030,592,1
1030,803,1
1030,1012,1
180,327,1
1030,1207,1
1030,1397,1
1030,1748,1
1030,1780,1
1028,1541,1
1030,1783,1
180,227,1
1031,55,1
1031,161,1
1031,221,1
1031,235,1
1031,237,1
1031,242,1
1031,596,1
1031,673,1
1031,949,1
180,545,1
180,720,1
1029,1955,1
1029,1776,1
1028,1617,1
180,1072,1
1029,206,1
180,1065,1
1029,282,1
180,1049,1
180,1044,1
180,1043,1
1029,955,1
180,949,1
180,928,1
1029,1055,1
1029,1056,1
1029,1076,1
1029,1119,1
1029,1253,1
1029,1306,1
1029,1511,1
1029,1522,1
1029,1580,1
1029,1692,1
1029,1693,1
1029,1768,1
1031,1279,1
180,215,1
1031,1442,1
1032,1765,1
1032,1784,1
1032,1785,1
1032,1786,1
1032,1993,1
179,1777,1
1033,207,1
1033,224,1
1033,237,1
179,1720,1
1033,534,1
1033,758,1
1033,949,1
1033,1033,1
1033,1170,1
1033,1437,1
1033,1442,1
1033,1783,1
1033,1785,1
1033,1793,1
1033,1794,1
1033,1807,1
1033,1899,1
1033,1926,1
1032,1783,1
1032,1760,1
1031,1491,1
1032,1441,1
1031,1517,1
1031,1768,1
1031,1783,1
1031,1784,1
1031,1785,1
1032,54,1
1032,56,1
1032,79,1
1032,80,1
180,193,1
1032,224,1
1032,236,1
179,1958,1
1032,588,1
179,1917,1
179,1867,1
1032,594,1
1032,609,1
179,1819,1
1032,782,1
1032,949,1
1032,950,1
1032,1327,1
1028,1559,1
1028,1511,1
1079,680,1
1024,1990,1
1024,1507,1
1024,1513,1
1024,1522,1
1024,1682,1
1024,1709,1
180,1896,1
180,1891,1
180,1884,1
1024,1798,1
1024,1801,1
1024,1867,1
180,1844,1
1028,1076,1
180,1841,1
180,1811,1
1025,689,1
180,1747,1
1025,1449,1
1025,1480,1
1025,1500,1
1025,1518,1
1025,1552,1
1025,1664,1
1025,1734,1
1024,1499,1
1024,1455,1
1024,1422,1
1024,1343,1
1023,1342,1
1023,1343,1
1023,1412,1
1023,1417,1
1023,1422,1
1023,1498,1
1023,1511,1
1023,1532,1
1023,1544,1
1023,1562,1
1023,1676,1
1023,1798,1
181,227,1
1023,1994,1
181,224,1
181,222,1
1024,160,1
1024,273,1
181,215,1
181,93,1
1024,766,1
180,1986,1
1024,1121,1
1025,1750,1
1026,89,1
1026,114,1
180,1391,1
1027,1492,1
1027,1511,1
1027,1541,1
1027,1562,1
1027,1600,1
1027,1634,1
1027,1718,1
1027,1719,1
1027,1722,1
180,1343,1
1027,1745,1
1027,1756,1
1027,1788,1
1027,1871,1
1027,1903,1
1028,13,1
180,1304,1
180,1217,1
180,1135,1
1028,630,1
1028,653,1
1028,737,1
1028,915,1
1027,1440,1
1027,1136,1
1026,488,1
180,1406,1
1026,630,1
1026,652,1
1026,825,1
1026,1416,1
1026,1444,1
1026,1497,1
1026,1507,1
1026,1514,1
1026,1520,1
1026,1558,1
1026,1578,1
1026,1608,1
1026,1625,1
180,1464,1
1026,1756,1
1026,1801,1
1026,1884,1
180,1437,1
180,1419,1
1027,689,1
180,1407,1
1027,758,1
1027,989,1
1034,236,1
1034,469,1
1034,505,1
1041,1793,1
1041,615,1
1041,680,1
1041,878,1
1041,996,1
1041,1052,1
1041,1053,1
1041,1413,1
1041,1562,1
1041,1615,1
1041,1713,1
1041,1771,1
1041,1812,1
179,1699,1
1041,1902,1
1041,1905,1
1041,1922,1
1041,1970,1
1041,1998,1
179,458,1
1042,64,1
1042,128,1
1042,133,1
1042,146,1
179,231,1
179,511,1
1041,67,1
1040,1909,1
1040,1901,1
1039,1568,1
1039,1631,1
1039,1903,1
1039,1904,1
179,1041,1
179,1035,1
1039,1987,1
179,987,1
179,915,1
1040,59,1
1040,66,1
1040,80,1
1040,157,1
1040,211,1
1040,289,1
1040,480,1
1040,614,1
1040,638,1
1040,959,1
1040,1667,1
179,709,1
1040,1771,1
1040,1865,1
1042,281,1
1042,781,1
1042,892,1
1043,1995,1
179,134,1
179,123,1
1044,138,1
178,1961,1
178,1804,1
1044,354,1
1044,355,1
1044,514,1
1044,874,1
1044,995,1
178,1747,1
1044,1052,1
1044,1055,1
1044,1301,1
1044,1350,1
1044,1618,1
1044,1743,1
1044,1761,1
1044,1771,1
1044,1971,1
1044,1999,1
178,1741,1
1045,140,1
1043,1998,1
1043,1977,1
1042,1054,1
1043,1970,1
1042,1102,1
1042,1300,1
1042,1609,1
1042,1610,1
1042,1708,1
1042,1771,1
1042,1810,1
1042,1812,1
179,226,1
179,215,1
1043,159,1
1043,283,1
1043,412,1
1043,712,1
1043,861,1
1043,1032,1
1043,1053,1
1043,1301,1
1043,1364,1
1043,1479,1
1043,1681,1
1043,1771,1
1043,1780,1
1039,1442,1
1039,1429,1
1039,1334,1
1035,1783,1
1035,1799,1
1035,1955,1
1035,1984,1
179,1641,1
1036,66,1
1036,117,1
1036,598,1
1036,631,1
1036,670,1
1036,782,1
1036,1024,1
1036,1130,1
1036,1635,1
1036,1691,1
1036,1805,1
1036,1806,1
1036,1969,1
1036,1986,1
1036,1991,1
179,1463,1
1037,291,1
1037,325,1
1037,599,1
1035,1785,1
1035,1775,1
179,1454,1
1035,1692,1
1034,651,1
1034,652,1
1034,672,1
1034,713,1
1034,1444,1
1034,1594,1
1034,1685,1
1034,1783,1
1034,1795,1
1034,1930,1
1034,1978,1
1034,1991,1
1034,1992,1
1035,97,1
1035,235,1
1035,237,1
1035,469,1
1035,532,1
1035,600,1
1035,1439,1
1035,1441,1
1035,1516,1
1035,1640,1
1037,910,1
1037,1378,1
1039,1127,1
179,1071,1
1038,1424,1
1038,1584,1
1038,1743,1
1038,1769,1
1038,1783,1
1038,1809,1
1038,1928,1
1038,1929,1
1038,1970,1
1038,1986,1
1038,1987,1
179,1065,1
179,1060,1
179,1059,1
179,1057,1
1039,155,1
1039,290,1
1039,566,1
179,1045,1
1039,655,1
1039,1102,1
1039,1111,1
1039,1114,1
179,1066,1
179,1072,1
179,1450,1
1038,1402,1
1037,1535,1
1037,1631,1
1037,1641,1
1037,1681,1
179,1407,1
1037,1791,1
1037,1929,1
1037,1949,1
1037,1972,1
1037,1986,1
1037,1998,1
1038,65,1
179,1400,1
1038,290,1
1038,298,1
179,1388,1
1038,560,1
1038,566,1
1038,633,1
1038,1237,1
1038,1374,1
1038,1394,1
1038,1401,1
1023,1341,1
1023,1285,1
1023,1254,1
1013,883,1
1012,1610,1
1012,1613,1
1012,1635,1
1012,1645,1
1012,1756,1
1013,56,1
1013,244,1
1013,434,1
182,1321,1
1013,613,1
182,1317,1
1013,973,1
182,619,1
1013,1261,1
1013,1274,1
1013,1288,1
1013,1340,1
1013,1342,1
1013,1375,1
1013,1494,1
1013,1495,1
182,1124,1
1013,1544,1
1013,1547,1
1012,1548,1
1012,1488,1
1012,1487,1
1012,1484,1
1011,1248,1
1011,1277,1
1011,1401,1
1011,1494,1
1011,1610,1
1011,1629,1
1011,1851,1
1011,1951,1
1012,11,1
1012,205,1
1012,243,1
1012,343,1
1012,429,1
1012,440,1
1012,474,1
1012,800,1
1012,969,1
1012,983,1
1012,988,1
1012,1017,1
1012,1019,1
1012,1434,1
1012,1448,1
1013,1705,1
1013,1783,1
1013,1831,1
1014,1811,1
1015,245,1
1015,433,1
1015,541,1
1015,821,1
1015,837,1
1015,1028,1
1015,1138,1
1015,1340,1
1015,1341,1
1015,1343,1
1015,1372,1
1015,1404,1
1015,1449,1
1015,1478,1
1015,1494,1
182,710,1
1015,1511,1
1015,1530,1
1015,1557,1
1015,1609,1
1015,1772,1
1015,1791,1
1015,1870,1
182,987,1
1014,1584,1
1013,1846,1
1014,1549,1
1013,1849,1
1013,1869,1
1013,1925,1
182,1122,1
1013,1997,1
182,1085,1
182,1067,1
1014,604,1
182,1042,1
1014,755,1
1014,787,1
1014,812,1
1014,978,1
1014,1122,1
1014,1279,1
182,1038,1
1014,1346,1
1014,1488,1
1014,1494,1
182,1030,1
1014,1509,1
1014,1538,1
1014,1544,1
1011,1245,1
1011,1171,1
1011,1085,1
1008,1211,1
1008,1360,1
1008,1490,1
1008,1493,1
1008,1496,1
182,1832,1
1008,1500,1
1008,1504,1
1008,1645,1
1008,1667,1
1008,1668,1
1008,1705,1
1008,1726,1
1008,1768,1
1008,1915,1
1008,1936,1
1008,1938,1
1008,1988,1
182,1828,1
182,1801,1
1009,436,1
1009,904,1
1009,1143,1
1009,1164,1
1008,1256,1
182,1865,1
1009,1206,1
1008,968,1
183,243,1
1007,1004,1
1007,1033,1
1007,1215,1
1007,1280,1
1007,1355,1
1007,1498,1
1007,1499,1
183,22,1
1007,1505,1
1007,1519,1
1007,1557,1
183,21,1
1007,1728,1
1007,1804,1
1007,1823,1
1007,1917,1
1007,1987,1
182,1966,1
1008,647,1
1008,744,1
182,1898,1
182,1893,1
1009,1191,1
1009,1218,1
1011,983,1
182,1434,1
1010,1447,1
1010,1497,1
1010,1510,1
1010,1609,1
1010,1615,1
1010,1728,1
1010,1842,1
1010,1843,1
1010,1951,1
1010,1966,1
1010,1967,1
1010,1983,1
182,1407,1
1010,1996,1
182,1406,1
1011,162,1
1011,199,1
1011,211,1
1011,424,1
182,1325,1
182,1324,1
1011,603,1
182,1323,1
1010,1261,1
1010,1213,1
182,1679,1
182,1480,1
1009,1281,1
1009,1462,1
1009,1487,1
182,1603,1
1009,1507,1
1009,1595,1
1009,1614,1
1009,1691,1
1009,1870,1
1009,1885,1
1009,1966,1
1009,1981,1
1010,52,1
1010,162,1
1010,281,1
1010,436,1
1010,461,1
1010,577,1
1010,739,1
1010,768,1
1010,927,1
1010,1013,1
1010,1117,1
1015,1918,1
1015,1941,1
181,243,1
1020,1527,1
1020,1070,1
1020,1120,1
1020,1158,1
1020,1255,1
1020,1266,1
1020,1368,1
1020,1369,1
1020,1406,1
1020,1439,1
1020,1441,1
1020,1497,1
1020,1570,1
1016,432,1
1020,1634,1
1020,1781,1
1020,1919,1
1020,1920,1
1020,1921,1
1020,1955,1
1020,1982,1
1020,1983,1
1020,1995,1
181,1162,1
181,1066,1
1020,987,1
1020,918,1
1020,280,1
1020,214,1
1019,1495,1
1019,1496,1
1019,1497,1
1019,1509,1
1019,1523,1
1019,1531,1
181,1168,1
1019,1551,1
1019,1579,1
1019,1613,1
1019,1639,1
1019,1690,1
1019,1691,1
1019,1762,1
1019,1763,1
1019,1781,1
1019,1863,1
1019,1919,1
1019,1920,1
1019,1921,1
1019,1962,1
1020,21,1
1020,73,1
181,1065,1
1021,61,1
181,1042,1
1022,107,1
1022,280,1
181,952,1
181,736,1
1022,1017,1
1022,1022,1
1022,1253,1
1022,1404,1
1022,1420,1
1022,1501,1
1022,1504,1
1022,1661,1
1022,1677,1
1022,1720,1
1022,1739,1
1022,1781,1
1022,1798,1
1022,1943,1
1022,1945,1
1022,1955,1
181,720,1
181,631,1
1023,128,1
181,253,1
1022,124,1
1022,89,1
1021,375,1
181,963,1
181,1036,1
1021,858,1
1021,1133,1
1021,1255,1
1021,1267,1
1021,1403,1
1021,1405,1
1021,1445,1
1021,1494,1
1021,1495,1
1021,1521,1
1021,1541,1
1021,1580,1
1021,1776,1
1021,1781,1
1021,1914,1
1021,1919,1
1021,1978,1
1021,1982,1
1021,1983,1
1022,15,1
1022,19,1
181,1029,1
1019,1446,1
1019,1431,1
1019,1421,1
181,1865,1
1016,1525,1
1016,1537,1
1016,1539,1
1016,1552,1
1016,1556,1
1016,1559,1
1016,1569,1
1016,1590,1
1016,1593,1
1016,1751,1
1016,1772,1
1016,1830,1
1017,55,1
1017,89,1
1017,901,1
1017,1164,1
1017,1251,1
181,1691,1
1017,1337,1
1017,1371,1
1017,1374,1
1017,1380,1
1017,1416,1
181,1853,1
181,1868,1
1017,1449,1
181,1869,1
1016,497,1
1016,724,1
1016,747,1
182,571,1
1016,842,1
1016,876,1
1016,1119,1
1016,1336,1
182,312,1
1016,1340,1
1016,1341,1
1016,1372,1
1016,1374,1
182,233,1
182,230,1
182,224,1
1016,1487,1
1016,1492,1
182,218,1
181,1954,1
181,1920,1
1016,1505,1
1016,1507,1
1017,1446,1
1017,1468,1
1019,1409,1
181,1379,1
181,1367,1
1018,1542,1
1018,1725,1
1018,1764,1
1018,1768,1
1018,1791,1
1019,108,1
1019,150,1
1019,153,1
1019,169,1
1019,279,1
1019,457,1
1019,660,1
1019,739,1
1019,744,1
181,1326,1
1019,910,1
1019,1052,1
1019,1060,1
1019,1091,1
1019,1115,1
1019,1120,1
1019,1321,1
1018,1501,1
181,1407,1
1017,1472,1
181,1442,1
1017,1481,1
181,1518,1
1017,1496,1
1017,1497,1
1017,1514,1
181,1475,1
1017,1538,1
1017,1539,1
1017,1574,1
1017,1587,1
1017,1610,1
1017,1732,1
1017,1950,1
1017,1969,1
1018,73,1
1018,107,1
1018,123,1
1018,1338,1
1018,1471,1
1018,1479,1
1018,1481,1
1018,1492,1
1018,1493,1
1045,351,1
1045,673,1
1045,921,1
1067,1128,1
1066,1897,1
1066,1997,1
1067,162,1
1067,174,1
1067,175,1
175,1744,1
1067,498,1
175,1681,1
1067,767,1
1067,1076,1
1067,1097,1
1067,1618,1
1070,1387,1
1067,1914,1
1067,1929,1
1067,1945,1
1068,426,1
1068,561,1
1068,773,1
1068,1100,1
1068,1127,1
1068,1144,1
1068,1318,1
175,1432,1
1066,1859,1
1066,1844,1
1066,1797,1
1066,1796,1
1065,1647,1
1065,1692,1
1065,1722,1
1065,1724,1
1065,1757,1
1065,1795,1
1065,1796,1
1065,1798,1
1065,1812,1
1065,1925,1
1065,1930,1
175,1898,1
1066,496,1
1066,750,1
1066,908,1
1066,943,1
175,1896,1
1066,1071,1
1066,1340,1
1066,1515,1
1066,1600,1
1066,1609,1
175,1865,1
1068,1578,1
1068,1592,1
1068,1594,1
1069,1608,1
1069,1633,1
1069,1666,1
1069,1667,1
1069,1753,1
175,1262,1
1069,1913,1
1069,1926,1
1069,1932,1
1069,1949,1
1070,15,1
1070,48,1
1070,174,1
1070,176,1
1070,264,1
1070,277,1
1070,455,1
1070,588,1
175,1256,1
175,1227,1
1070,1067,1
1070,1231,1
1070,1233,1
1070,1345,1
1069,1632,1
1069,1600,1
1068,1607,1
1069,1592,1
1068,1781,1
175,1407,1
1068,1896,1
1068,1902,1
175,1393,1
175,1313,1
1069,49,1
1069,175,1
175,1264,1
1069,497,1
1069,498,1
1069,768,1
1069,902,1
1069,1002,1
1069,1109,1
1069,1232,1
1069,1342,1
1069,1510,1
1069,1512,1
1069,1516,1
1069,1578,1
1069,1579,1
1069,1591,1
1065,1611,1
175,1983,1
1065,1593,1
1061,1168,1
1061,1444,1
1061,1520,1
1061,1587,1
1061,1594,1
1061,1607,1
1061,1610,1
1061,1614,1
1061,1771,1
1061,1867,1
1061,1954,1
1061,1996,1
1062,429,1
1062,458,1
176,1049,1
176,1044,1
1062,757,1
176,1041,1
1062,997,1
1062,1138,1
1062,1139,1
1062,1140,1
1062,1370,1
1062,1441,1
176,1050,1
1061,1140,1
1062,1510,1
1061,1139,1
176,1062,1
1060,1641,1
1060,1652,1
1060,1698,1
1060,1771,1
1060,1825,1
1060,1904,1
1060,1909,1
1060,1930,1
1060,1997,1
176,1061,1
1061,414,1
1061,423,1
1061,458,1
1061,463,1
1061,499,1
1061,722,1
176,1060,1
176,1056,1
1061,757,1
1061,1021,1
1061,1022,1
1061,1103,1
1062,1497,1
176,1033,1
1065,1565,1
176,124,1
1064,505,1
1064,762,1
1064,790,1
1064,995,1
176,123,1
1064,1563,1
1064,1611,1
176,48,1
1064,1722,1
1064,1723,1
1064,1724,1
1064,1756,1
1064,1798,1
1064,1898,1
1065,394,1
1065,401,1
1065,422,1
1065,426,1
1065,750,1
1065,1293,1
1065,1373,1
1065,1443,1
1065,1522,1
1064,504,1
1064,402,1
176,1025,1
176,224,1
1062,1608,1
176,716,1
1062,1898,1
1062,1899,1
1062,1904,1
1062,1926,1
1062,1930,1
1063,417,1
176,509,1
1063,1140,1
1063,1426,1
1063,1441,1
1063,1600,1
1063,1604,1
1063,1697,1
176,344,1
1063,1800,1
176,313,1
1063,1899,1
1063,1950,1
176,284,1
176,283,1
176,281,1
1070,1362,1
1070,1515,1
1060,1483,1
1076,610,1
1075,1542,1
1075,1575,1
1075,1594,1
1075,1607,1
174,1703,1
174,1677,1
1075,1797,1
1076,29,1
1076,153,1
174,1554,1
1076,497,1
1076,900,1
1070,1523,1
1076,1134,1
1076,1188,1
1076,1277,1
1076,1356,1
1076,1365,1
1076,1590,1
1076,1591,1
1076,1609,1
1076,1690,1
1076,1865,1
1077,245,1
1075,1504,1
1075,1356,1
1075,1332,1
1075,1293,1
174,1868,1
1074,1554,1
174,1851,1
1074,1613,1
1074,1614,1
174,1802,1
174,1794,1
174,1787,1
1074,1649,1
1074,1650,1
1074,1651,1
1074,1766,1
1074,1871,1
1074,1999,1
1075,28,1
1075,241,1
1075,346,1
1075,847,1
1075,873,1
1075,1091,1
174,1720,1
1075,1198,1
1075,1283,1
1077,515,1
1077,841,1
1077,1140,1
1078,1363,1
1078,1468,1
1078,1589,1
1078,1604,1
174,1212,1
174,1163,1
1078,1634,1
174,1073,1
1078,1656,1
1078,1657,1
1078,1658,1
1078,1659,1
1078,1682,1
1078,1745,1
1078,1748,1
1078,1758,1
1078,1948,1
1078,1995,1
1079,46,1
174,1064,1
174,1060,1
174,1054,1
174,1051,1
1079,607,1
1078,1376,1
174,1256,1
1077,1143,1
174,1343,1
1077,1207,1
1077,1363,1
1077,1375,1
1077,1597,1
174,1422,1
1077,1653,1
1077,1655,1
1077,1656,1
1077,1657,1
1077,1717,1
1077,1807,1
1077,1810,1
174,1392,1
1077,1948,1
1078,67,1
1078,157,1
1078,158,1
1078,487,1
1078,547,1
1078,680,1
1078,756,1
1078,766,1
1078,818,1
1074,1442,1
1074,1435,1
1074,1331,1
1071,1338,1
175,1058,1
1071,1387,1
1071,1432,1
175,1056,1
175,1055,1
1071,1588,1
175,1054,1
175,1053,1
175,1050,1
1071,1647,1
1071,1763,1
175,1049,1
175,1048,1
1071,1991,1
1072,167,1
1072,168,1
175,1037,1
1072,178,1
1072,184,1
175,948,1
175,940,1
1072,398,1
1072,456,1
1071,1362,1
1071,1231,1
1072,669,1
1071,1075,1
1070,1533,1
175,1193,1
1070,1594,1
175,1144,1
1070,1613,1
1070,1616,1
1070,1618,1
1070,1684,1
1070,1746,1
1070,1807,1
175,1139,1
1070,1850,1
175,1124,1
1070,1903,1
1070,1976,1
1070,1991,1
1071,177,1
1071,454,1
1071,455,1
1071,492,1
175,1065,1
1071,578,1
175,1062,1
1072,492,1
1072,759,1
1074,1173,1
1073,199,1
1073,282,1
1073,812,1
1073,940,1
1073,981,1
1073,1074,1
1073,1445,1
1073,1522,1
1073,1523,1
1073,1587,1
175,37,1
174,1989,1
1073,1669,1
1073,1733,1
1073,1845,1
1073,1908,1
1073,1959,1
1073,1969,1
1073,1999,1
1074,224,1
1074,346,1
1074,936,1
1074,982,1
1074,1074,1
1073,200,1
175,123,1
1072,760,1
1073,177,1
1072,908,1
1072,917,1
1072,1117,1
1072,1120,1
1072,1231,1
1072,1345,1
1072,1353,1
1072,1515,1
1072,1522,1
1072,1524,1
1072,1530,1
1072,1543,1
175,709,1
175,286,1
175,285,1
1072,1619,1
1072,1646,1
1072,1782,1
1072,1846,1
1073,14,1
175,124,1
1073,160,1
1073,162,1
1060,1561,1
1060,1462,1
1045,1009,1
1050,1983,1
1050,1312,1
1050,1555,1
1050,1600,1
1050,1614,1
1050,1616,1
1050,1645,1
1050,1771,1
1050,1811,1
177,1403,1
1050,1977,1
1050,1982,1
1050,1987,1
1053,1009,1
1050,1995,1
1050,1996,1
1050,1997,1
1050,1998,1
1051,204,1
1051,414,1
1051,914,1
1051,915,1
1051,1003,1
1051,1005,1
1051,1006,1
1050,1115,1
1050,1112,1
1050,1020,1
1050,1019,1
1049,1018,1
1049,1019,1
177,1878,1
1049,1177,1
1049,1461,1
1049,1597,1
1049,1601,1
1049,1611,1
177,1867,1
1049,1633,1
1049,1645,1
1049,1811,1
1049,1977,1
1049,1983,1
1049,1987,1
177,1843,1
177,1832,1
177,1815,1
1050,446,1
1050,486,1
1050,1009,1
1050,1010,1
1050,1011,1
1051,1007,1
1051,1010,1
1051,1011,1
1052,453,1
1052,836,1
1052,1010,1
1052,1011,1
1052,1019,1
1052,1104,1
1052,1306,1
1052,1317,1
1052,1464,1
1052,1518,1
177,1094,1
1052,1642,1
1052,1645,1
1052,1649,1
1052,1673,1
1052,1674,1
1052,1708,1
1052,1811,1
1052,1928,1
177,1071,1
1053,453,1
1053,463,1
1053,846,1
177,1067,1
1052,632,1
1052,446,1
177,1262,1
1052,363,1
1051,1019,1
1051,1020,1
1051,1100,1
1051,1160,1
1051,1488,1
1051,1530,1
1051,1565,1
1051,1566,1
1051,1600,1
177,1202,1
1051,1602,1
1051,1625,1
1051,1645,1
1051,1771,1
1051,1800,1
1051,1811,1
1051,1872,1
1051,1928,1
1051,1994,1
177,1153,1
177,1138,1
1052,204,1
1052,361,1
1049,1011,1
1049,1005,1
1049,715,1
1046,1014,1
1046,1053,1
1046,1054,1
1046,1055,1
1046,1133,1
1046,1146,1
1046,1147,1
1046,1181,1
1046,1492,1
1046,1523,1
1046,1616,1
1046,1617,1
1046,1632,1
1046,1702,1
1046,1742,1
1046,1771,1
1046,1780,1
178,1468,1
1046,1972,1
178,1407,1
178,1139,1
178,1072,1
1047,123,1
1047,200,1
1046,1034,1
1046,779,1
178,1049,1
1046,216,1
1045,1012,1
1045,1013,1
1045,1014,1
1045,1015,1
1045,1016,1
1045,1017,1
1045,1018,1
1045,1053,1
1045,1056,1
1045,1172,1
1045,1290,1
1045,1300,1
178,1537,1
1045,1733,1
1045,1742,1
1045,1743,1
1045,1771,1
1045,1801,1
1045,1809,1
1045,1811,1
1046,41,1
1046,44,1
1046,200,1
178,1064,1
1047,1012,1
1049,614,1
1047,1800,1
1047,1993,1
178,919,1
178,905,1
1048,462,1
1048,506,1
1048,521,1
1048,1010,1
1048,1014,1
178,774,1
1048,1018,1
178,512,1
178,457,1
1048,1549,1
1048,1645,1
1048,1800,1
1048,1806,1
1048,1889,1
1048,1963,1
1048,1977,1
1048,1992,1
178,229,1
1049,142,1
1049,438,1
178,922,1
1047,1780,1
178,1048,1
1047,1772,1
178,1030,1
1047,1017,1
178,971,1
1047,1019,1
1047,1020,1
1047,1053,1
1047,1055,1
1047,1645,1
1047,1646,1
1047,1647,1
1047,1648,1
1047,1649,1
178,940,1
1047,1651,1
1047,1652,1
1047,1653,1
1047,1654,1
1047,1655,1
1047,1656,1
1047,1657,1
1047,1661,1
1047,1759,1
1047,1771,1
1053,956,1
1053,1010,1
1060,1426,1
1058,1057,1
1057,1968,1
1058,69,1
1058,385,1
1058,416,1
176,1716,1
176,1636,1
176,1480,1
1058,1017,1
1058,1019,1
1058,1021,1
1058,1022,1
1058,1143,1
1053,1012,1
1058,1184,1
1058,1302,1
1058,1547,1
1058,1576,1
1058,1603,1
1058,1610,1
1058,1771,1
1058,1808,1
1058,1903,1
1058,1907,1
1059,9,1
1057,1907,1
1057,1906,1
1057,1905,1
1057,1900,1
1057,1016,1
1057,1018,1
1057,1019,1
1057,1020,1
1057,1021,1
1057,1310,1
1057,1313,1
1057,1315,1
1057,1373,1
176,1864,1
1057,1398,1
1057,1450,1
1057,1451,1
1057,1457,1
1057,1470,1
1057,1538,1
1057,1540,1
1057,1579,1
1057,1590,1
1057,1614,1
1057,1640,1
1057,1772,1
176,1835,1
1059,161,1
1059,744,1
176,1465,1
176,1141,1
1059,1805,1
1059,1831,1
176,1138,1
1059,1904,1
1059,1968,1
1060,458,1
1060,459,1
1060,504,1
176,1102,1
176,1065,1
1060,757,1
176,1063,1
1060,890,1
1060,1020,1
1060,1021,1
1060,1049,1
1060,1140,1
1060,1168,1
1060,1204,1
1060,1307,1
1060,1343,1
1060,1356,1
1060,1377,1
1059,1781,1
176,1147,1
176,1446,1
176,1209,1
176,1435,1
176,1418,1
176,1407,1
1059,1018,1
1059,1019,1
1059,1021,1
1059,1022,1
1059,1023,1
176,1390,1
176,1264,1
1059,1104,1
1059,1137,1
1059,1138,1
1059,1139,1
1059,1143,1
1059,1168,1
1059,1377,1
1059,1433,1
1059,1576,1
1059,1607,1
176,1261,1
176,1248,1
1059,1645,1
1057,1014,1
1057,744,1
1057,640,1
1054,927,1
1054,1017,1
1054,1018,1
1054,1019,1
1054,1084,1
1054,1086,1
1054,1098,1
1054,1494,1
1054,1533,1
1054,1580,1
1054,1581,1
1054,1582,1
1054,1612,1
1054,1645,1
1054,1714,1
1054,1771,1
177,1027,1
1054,1790,1
1054,1796,1
1054,1800,1
1054,1928,1
1054,1958,1
1055,154,1
177,1026,1
177,1060,1
1054,911,1
177,912,1
1054,614,1
1053,1018,1
1053,1019,1
1053,1138,1
1053,1148,1
1053,1174,1
1053,1598,1
1053,1645,1
177,1066,1
1053,1771,1
1053,1780,1
1053,1781,1
1053,1792,1
1053,1799,1
1053,1800,1
1053,1928,1
1053,1942,1
1054,34,1
1054,51,1
177,1064,1
177,1063,1
1054,452,1
1054,486,1
1054,495,1
177,920,1
1055,746,1
1057,279,1
177,190,1
1056,1377,1
1056,1404,1
1056,1441,1
1056,1484,1
1056,1539,1
1056,1565,1
177,47,1
176,1985,1
1056,1602,1
1056,1605,1
1056,1612,1
1056,1613,1
176,1892,1
176,1886,1
1056,1771,1
176,1879,1
1056,1800,1
1056,1812,1
1056,1892,1
176,1876,1
1056,1999,1
1057,206,1
1057,207,1
1056,1365,1
1056,1098,1
1055,1011,1
1056,1019,1
1055,1015,1
1055,1019,1
1055,1097,1
1055,1125,1
1055,1588,1
1055,1653,1
1055,1654,1
1055,1710,1
1055,1771,1
1055,1928,1
177,281,1
1056,204,1
1056,210,1
177,195,1
1056,447,1
1056,460,1
1056,757,1
1056,1010,1
1056,1012,1
1056,1013,1
1056,1014,1
177,194,1
1056,1016,1
1140,1365,1
166,1470,1
1140,1459,1
155,1055,1
155,1061,1
1247,393,1
1247,413,1
1247,422,1
1247,925,1
1247,944,1
1247,1132,1
1247,1187,1
1247,1330,1
1247,1549,1
1247,1582,1
155,1052,1
1245,1663,1
1247,1640,1
1247,1717,1
1247,1718,1
1247,1829,1
1247,1848,1
1247,1850,1
1247,1942,1
1248,393,1
155,1047,1
1248,566,1
1248,944,1
1246,1966,1
1246,1939,1
1246,1936,1
1246,1809,1
1245,1840,1
1245,1875,1
1245,1939,1
1245,1947,1
155,1336,1
1246,244,1
155,1335,1
1246,393,1
155,1164,1
155,1159,1
1246,900,1
1246,955,1
155,1155,1
1246,1187,1
1246,1188,1
155,1127,1
1246,1243,1
155,1065,1
1246,1292,1
1246,1542,1
1246,1649,1
1246,1707,1
1246,1719,1
1248,1066,1
1248,1101,1
1248,1128,1
155,333,1
1249,792,1
1249,944,1
155,319,1
1249,1135,1
1249,1205,1
155,316,1
1249,1261,1
1249,1387,1
1249,1716,1
1249,1717,1
1249,1719,1
155,312,1
155,277,1
1249,1829,1
1249,1838,1
1249,1852,1
155,114,1
1250,7,1
154,1947,1
1250,133,1
1250,134,1
154,1837,1
1250,835,1
1249,791,1
1249,413,1
1248,1130,1
155,347,1
1248,1133,1
1248,1135,1
155,1046,1
1248,1206,1
155,802,1
155,801,1
1248,1261,1
1248,1289,1
155,687,1
1248,1430,1
1248,1495,1
1248,1611,1
155,353,1
1248,1713,1
1248,1717,1
1248,1829,1
1248,1851,1
1248,1878,1
1248,1880,1
1249,132,1
1249,133,1
1249,342,1
1249,380,1
155,1434,1
1245,1658,1
1140,1489,1
156,69,1
156,116,1
1240,1993,1
1240,1994,1
1241,324,1
1241,1174,1
1241,1241,1
1241,1298,1
1241,1525,1
1241,1576,1
1241,1604,1
1241,1680,1
1241,1891,1
1245,1657,1
155,1896,1
1242,366,1
155,1865,1
1242,385,1
155,1854,1
1242,653,1
1242,922,1
1242,940,1
155,1852,1
1242,1231,1
1242,1233,1
1240,1669,1
1240,1640,1
1240,1637,1
1240,1605,1
1239,1582,1
1239,1606,1
1239,1668,1
156,801,1
1239,1965,1
1239,1967,1
1239,1990,1
1239,1993,1
1240,152,1
1240,301,1
1240,324,1
1240,330,1
156,723,1
156,603,1
156,322,1
156,315,1
1240,1176,1
156,310,1
156,309,1
156,305,1
156,279,1
156,124,1
1240,1604,1
1242,1243,1
1242,1299,1
155,1833,1
155,1601,1
1244,1549,1
1244,1568,1
1244,1573,1
1244,1612,1
1244,1657,1
1244,1660,1
1244,1662,1
1244,1720,1
1244,1878,1
1244,1879,1
1244,1930,1
1244,1949,1
1244,1950,1
1244,1951,1
1244,1968,1
1245,0,1
1245,150,1
1245,151,1
155,1449,1
155,1446,1
1245,664,1
1245,884,1
1245,1641,1
1244,1546,1
1244,921,1
1242,1541,1
155,1638,1
1242,1562,1
155,1830,1
1242,1605,1
1242,1621,1
155,1797,1
1242,1720,1
155,1752,1
1242,1753,1
1242,1791,1
1242,1958,1
155,1717,1
155,1714,1
1243,479,1
155,1705,1
1243,1216,1
155,1700,1
1243,1429,1
155,1664,1
155,1660,1
1243,1719,1
1244,329,1
155,1653,1
1244,664,1
1250,1069,1
1250,1088,1
1250,1116,1
1258,1864,1
1258,420,1
1258,498,1
1258,863,1
1258,897,1
1258,1155,1
1258,1204,1
1258,1415,1
1258,1559,1
1258,1573,1
1258,1606,1
1258,1611,1
1258,1868,1
1250,1173,1
1258,1886,1
1258,1894,1
1258,1908,1
154,873,1
1259,280,1
1259,281,1
154,802,1
1259,388,1
1259,413,1
1259,853,1
1259,926,1
1258,334,1
1258,294,1
1258,291,1
1258,6,1
1256,1988,1
1257,156,1
1257,211,1
1257,296,1
1257,333,1
154,1055,1
154,1043,1
1257,497,1
154,1041,1
1257,897,1
154,1031,1
1257,1256,1
1257,1365,1
1257,1498,1
1257,1596,1
1257,1604,1
1257,1629,1
1257,1630,1
1257,1631,1
1257,1632,1
1257,1635,1
1257,1720,1
1257,1923,1
1259,1097,1
1259,1258,1
1259,1521,1
154,325,1
1260,1780,1
1260,1892,1
154,323,1
1261,25,1
154,318,1
1261,166,1
1261,383,1
1261,420,1
1261,470,1
1261,484,1
1261,1099,1
154,314,1
1261,1276,1
154,309,1
1261,1541,1
1261,1599,1
1261,1600,1
1261,1601,1
1261,1605,1
1261,1624,1
1261,1625,1
1261,1665,1
1261,1804,1
1260,1776,1
1260,1601,1
1259,1550,1
1260,1600,1
1259,1600,1
1259,1778,1
1259,1779,1
1259,1823,1
1259,1857,1
154,606,1
154,429,1
1260,3,1
1260,89,1
1260,139,1
1260,153,1
1260,185,1
1260,280,1
1260,281,1
1260,413,1
1260,470,1
1260,926,1
1260,967,1
1260,1023,1
154,344,1
1260,1287,1
154,333,1
1260,1599,1
1256,1949,1
1256,1923,1
1256,1894,1
1252,261,1
154,1634,1
1252,413,1
1252,897,1
154,1580,1
154,1457,1
1252,1564,1
1252,1566,1
1252,1583,1
1252,1610,1
410,926,1
1253,112,1
1253,215,1
154,1452,1
1253,409,1
154,1447,1
1253,413,1
1253,696,1
1253,741,1
1253,1117,1
1253,1131,1
1253,1182,1
1253,1201,1
1253,1349,1
154,1672,1
154,1676,1
1253,1365,1
1251,1720,1
154,1779,1
154,1733,1
1250,1306,1
1250,1422,1
1250,1527,1
154,1693,1
1250,1554,1
1250,1609,1
1250,1649,1
1250,1681,1
1250,1706,1
1250,1718,1
1250,1827,1
154,1684,1
1251,132,1
1251,133,1
1251,159,1
1251,781,1
1251,937,1
1251,1183,1
1251,1251,1
1251,1475,1
1251,1613,1
1253,1364,1
1253,1432,1
1256,1853,1
1255,940,1
1255,1311,1
1255,1365,1
1255,1500,1
1255,1562,1
1255,1602,1
1255,1798,1
1255,1927,1
1255,1951,1
1256,295,1
154,1061,1
1256,342,1
1256,391,1
154,1056,1
1256,940,1
1256,1174,1
1256,1175,1
1256,1351,1
1256,1498,1
1256,1565,1
1256,1588,1
1256,1595,1
1256,1597,1
1256,1843,1
154,1072,1
154,1226,1
1253,1570,1
1255,911,1
1253,1611,1
1253,1640,1
1253,1860,1
1253,1902,1
1253,1928,1
154,1343,1
1254,276,1
1254,278,1
154,1338,1
154,1336,1
1254,1173,1
1254,1182,1
1254,1363,1
1254,1364,1
1254,1365,1
1254,1640,1
1254,1696,1
154,1335,1
154,1332,1
1254,1893,1
1254,1964,1
1255,296,1
1255,489,1
1239,1532,1
156,1043,1
1239,1259,1
1227,367,1
1226,1429,1
1226,1439,1
1226,1476,1
1226,1499,1
1226,1556,1
1226,1561,1
1226,1604,1
158,403,1
1226,1834,1
1226,1846,1
158,326,1
1227,408,1
1229,1616,1
1227,459,1
1227,460,1
1227,461,1
1227,482,1
1227,588,1
1227,609,1
1227,688,1
1227,689,1
158,310,1
1227,843,1
1227,846,1
158,430,1
158,468,1
1226,1204,1
1226,1090,1
158,1048,1
158,1045,1
1225,1601,1
1225,1744,1
158,1038,1
158,1035,1
1225,1997,1
158,1027,1
1226,147,1
158,1026,1
158,1025,1
1226,360,1
1226,388,1
158,919,1
1226,459,1
1226,460,1
1226,461,1
1226,590,1
1226,591,1
1226,619,1
1226,719,1
1226,894,1
1226,915,1
1227,920,1
1227,1157,1
1227,1275,1
1228,1557,1
157,1853,1
1228,1853,1
1228,1871,1
1228,1872,1
157,1734,1
1228,1997,1
157,1719,1
157,1714,1
1229,210,1
1229,354,1
157,1713,1
1229,459,1
1229,461,1
1229,740,1
1229,832,1
1229,944,1
1229,1178,1
1229,1196,1
157,1711,1
157,1708,1
157,1701,1
1229,1485,1
1229,1491,1
1228,1610,1
1228,1536,1
1227,1438,1
1228,1476,1
158,280,1
1227,1548,1
1227,1551,1
1227,1559,1
158,162,1
1227,1630,1
158,117,1
1227,1994,1
1228,129,1
158,84,1
1228,251,1
1228,299,1
1228,328,1
1228,334,1
1228,459,1
1228,460,1
1228,461,1
157,1937,1
1228,848,1
1228,944,1
1228,1169,1
1228,1196,1
157,1855,1
158,1065,1
1225,1245,1
158,1141,1
1222,731,1
1222,924,1
1222,1043,1
1222,1182,1
158,1810,1
1222,1207,1
158,1792,1
158,1739,1
158,1728,1
158,1722,1
1222,1384,1
1222,1539,1
158,1696,1
1222,1559,1
1222,1569,1
1222,1583,1
1222,1604,1
1222,1750,1
1222,1959,1
1223,98,1
1223,147,1
1223,148,1
1223,150,1
158,1647,1
1222,910,1
1222,730,1
1223,339,1
158,1830,1
1221,50,1
1221,114,1
1221,156,1
1221,297,1
1221,487,1
159,313,1
1221,684,1
159,304,1
1221,1104,1
1221,1107,1
159,279,1
1221,1426,1
159,14,1
1221,1531,1
1221,1569,1
1221,1606,1
158,1899,1
1221,1887,1
1222,51,1
1222,377,1
158,1878,1
1222,431,1
1222,480,1
1223,158,1
1223,340,1
158,1332,1
1224,1181,1
1224,1251,1
158,1465,1
1224,1313,1
1224,1360,1
1224,1409,1
1224,1459,1
158,1447,1
1224,1541,1
1224,1603,1
1224,1610,1
1224,1647,1
1224,1648,1
1224,1649,1
1224,1761,1
1224,1893,1
1224,1966,1
1225,298,1
1225,459,1
1225,460,1
1225,461,1
1225,668,1
158,1407,1
1225,915,1
1224,1226,1
1224,1113,1
1223,431,1
1224,635,1
1223,460,1
1223,461,1
1223,543,1
1223,632,1
1223,686,1
1223,846,1
1223,920,1
1223,1104,1
1223,1106,1
1223,1247,1
158,1565,1
1223,1465,1
158,1544,1
1223,1582,1
1223,1892,1
1223,1977,1
1223,1998,1
1224,94,1
1224,149,1
158,1481,1
158,1475,1
1224,460,1
1224,461,1
157,1618,1
1229,1740,1
1239,1176,1
156,1703,1
156,1716,1
156,1715,1
156,1712,1
156,1709,1
1235,1430,1
1235,1501,1
1235,1556,1
1235,1610,1
1235,1611,1
1235,1612,1
1235,1615,1
1235,1647,1
1229,1851,1
1235,1955,1
1235,1973,1
1236,932,1
1236,1162,1
1236,1175,1
1236,1253,1
1236,1276,1
1236,1408,1
1236,1525,1
1236,1559,1
156,1585,1
156,1717,1
1235,1223,1
1235,1197,1
1235,732,1
157,14,1
156,1809,1
1234,1193,1
1234,1223,1
156,1805,1
1234,1536,1
1234,1573,1
156,1783,1
1234,1610,1
156,1770,1
1234,1899,1
156,1759,1
156,1725,1
1234,1973,1
1234,1999,1
1235,4,1
156,1724,1
1235,158,1
1235,318,1
156,1722,1
1235,461,1
1235,487,1
1235,694,1
1236,1609,1
1236,1611,1
1236,1791,1
156,1332,1
1237,1846,1
1238,298,1
1238,300,1
156,1331,1
156,1165,1
156,1114,1
1238,1015,1
1238,1127,1
1238,1136,1
1238,1161,1
1238,1162,1
1238,1163,1
1238,1168,1
1238,1213,1
1238,1242,1
1238,1552,1
1238,1644,1
1238,1972,1
1238,1990,1
1239,324,1
1239,391,1
1239,1014,1
1239,1144,1
1237,1752,1
1237,1657,1
1236,1842,1
156,1334,1
1236,1844,1
1236,1997,1
1236,1999,1
1237,127,1
1237,296,1
1237,566,1
1237,613,1
156,1459,1
156,1430,1
1237,732,1
156,1416,1
1237,1162,1
1237,1164,1
1237,1167,1
1237,1174,1
156,1407,1
1237,1507,1
1237,1538,1
1237,1551,1
1237,1552,1
1237,1609,1
156,1335,1
1237,1611,1
157,119,1
1234,1078,1
1234,1030,1
157,1447,1
1230,1687,1
1230,1714,1
1230,1737,1
157,1435,1
1230,1802,1
157,1409,1
1230,1997,1
1231,48,1
1231,85,1
1231,97,1
1231,361,1
1231,409,1
157,1351,1
157,1336,1
1231,843,1
1231,853,1
1231,918,1
1231,926,1
157,1335,1
157,1334,1
1231,1244,1
1231,1449,1
157,1289,1
1230,1591,1
1230,1571,1
1231,1692,1
1230,1550,1
1229,1956,1
1229,1997,1
1230,57,1
1230,94,1
1230,134,1
1230,327,1
1230,328,1
1230,459,1
1230,460,1
1230,462,1
1230,914,1
1230,917,1
1230,1137,1
1230,1169,1
1230,1193,1
1230,1194,1
157,1491,1
1230,1243,1
1230,1261,1
157,1464,1
1230,1449,1
1230,1494,1
1230,1547,1
1231,1562,1
157,1064,1
1234,1011,1
1232,1894,1
1233,59,1
157,372,1
1233,973,1
1233,1013,1
1233,1193,1
157,323,1
157,318,1
1233,1275,1
1233,1419,1
1233,1497,1
157,316,1
1233,1565,1
1233,1669,1
1233,1846,1
157,309,1
1233,1970,1
1233,1973,1
1233,1992,1
1234,327,1
157,276,1
157,163,1
1234,463,1
1234,513,1
1232,1973,1
1232,1829,1
1231,1885,1
1232,1757,1
1231,1888,1
157,1041,1
1231,1894,1
1232,58,1
1232,358,1
1232,400,1
1232,460,1
1232,798,1
1232,842,1
1232,858,1
1232,916,1
1232,1001,1
157,1028,1
1232,1260,1
1232,1273,1
1232,1387,1
1232,1527,1
1232,1550,1
157,920,1
1232,1565,1
1232,1630,1
1232,1663,1
157,439,1
1261,1805,1
1261,1806,1
154,306,1
1289,361,1
1288,1114,1
1288,1309,1
1288,1373,1
1288,1405,1
1288,1609,1
1288,1754,1
1288,1847,1
1288,1880,1
1288,1971,1
1288,1995,1
1289,355,1
1289,544,1
150,1129,1
1289,597,1
1289,641,1
1289,903,1
1289,914,1
1289,951,1
1289,994,1
1289,1191,1
1289,1205,1
150,1440,1
1289,1231,1
1289,1616,1
1288,911,1
1288,891,1
1288,666,1
1288,364,1
150,1692,1
1287,55,1
1287,427,1
150,1685,1
1287,479,1
1287,890,1
1287,1213,1
1287,1223,1
1287,1374,1
1287,1404,1
1287,1406,1
1287,1472,1
1287,1537,1
150,1597,1
1287,1606,1
1287,1787,1
1287,1797,1
1287,1814,1
1287,1839,1
1287,1959,1
1287,1973,1
1288,71,1
1288,337,1
1289,1625,1
1289,1971,1
1289,1995,1
1291,643,1
1291,679,1
1291,777,1
150,1332,1
1291,891,1
1291,1105,1
1291,1107,1
1291,1494,1
1291,1510,1
1291,1692,1
1291,1959,1
1291,1988,1
150,1328,1
1292,101,1
1292,110,1
1292,378,1
150,1298,1
150,1225,1
1292,437,1
1292,567,1
150,1202,1
1292,629,1
1292,675,1
150,1130,1
150,1334,1
1291,451,1
1290,184,1
1291,437,1
150,1424,1
1290,433,1
150,1421,1
1290,1068,1
1290,1086,1
1290,1233,1
1290,1352,1
150,1420,1
1290,1563,1
1290,1792,1
150,1341,1
1290,1795,1
1290,1799,1
1290,1938,1
1290,1947,1
1290,1948,1
1290,1971,1
150,1339,1
1290,1995,1
1291,101,1
1291,143,1
150,1336,1
1291,436,1
1286,1995,1
1286,1973,1
1286,1972,1
1283,1672,1
1283,1699,1
1283,1828,1
1283,1851,1
1283,1937,1
151,443,1
1284,120,1
1284,327,1
1284,388,1
1284,418,1
1284,467,1
1284,790,1
151,387,1
151,280,1
1284,1258,1
1284,1343,1
1284,1348,1
151,277,1
1284,1633,1
1284,1789,1
150,1961,1
1284,1832,1
1284,1952,1
1284,1995,1
1283,1687,1
151,449,1
1285,104,1
151,475,1
1282,1486,1
151,1106,1
1282,1499,1
1282,1682,1
1282,1686,1
1282,1735,1
1282,1799,1
151,1057,1
1282,1934,1
1283,121,1
1283,405,1
1283,433,1
1283,458,1
1283,791,1
1283,1132,1
1283,1174,1
1283,1302,1
151,910,1
1283,1361,1
1283,1498,1
1283,1561,1
1283,1562,1
151,586,1
1285,84,1
1285,393,1
150,1708,1
1286,68,1
1286,120,1
1286,337,1
1286,444,1
1286,495,1
1286,639,1
1286,666,1
1286,1111,1
1286,1205,1
1286,1224,1
1286,1320,1
1286,1323,1
150,1748,1
150,1745,1
150,1712,1
1286,1439,1
150,1709,1
1286,1563,1
1286,1608,1
1286,1609,1
1286,1621,1
1286,1829,1
1286,1884,1
1286,1936,1
1286,119,1
1286,51,1
1285,437,1
150,1786,1
1285,639,1
150,1847,1
1285,733,1
1285,791,1
1285,1178,1
1285,1216,1
1285,1257,1
1285,1311,1
1285,1329,1
1285,1361,1
1285,1424,1
150,1831,1
1285,1563,1
150,1830,1
1285,1667,1
150,1820,1
1285,1674,1
1285,1682,1
150,1819,1
1285,1829,1
1285,1861,1
1285,1971,1
150,1804,1
1292,740,1
1292,1205,1
1282,1352,1
1299,1097,1
1298,1997,1
1299,112,1
1299,246,1
1299,433,1
149,1113,1
1299,559,1
1299,573,1
1299,576,1
149,1106,1
1299,686,1
149,1067,1
1299,1244,1
1292,1618,1
1299,1674,1
149,937,1
1299,1699,1
1299,1862,1
1299,1902,1
149,722,1
1299,1955,1
1299,1996,1
149,387,1
1300,101,1
149,374,1
149,1332,1
1298,1967,1
1298,1964,1
149,1334,1
1298,0,1
1298,1,1
1298,170,1
149,1646,1
1298,450,1
1298,580,1
149,1505,1
1298,688,1
149,1424,1
149,1402,1
149,1344,1
1298,695,1
149,1336,1
1298,697,1
1298,713,1
1298,777,1
1298,778,1
1298,1281,1
1298,1834,1
1298,1876,1
1298,1915,1
1298,1961,1
1298,1962,1
1300,338,1
1300,454,1
149,279,1
1301,92,1
1301,94,1
1301,95,1
1301,96,1
1301,375,1
1301,576,1
1301,644,1
1301,692,1
1301,697,1
1301,1119,1
149,140,1
1301,1191,1
1301,1623,1
1301,1697,1
1301,1758,1
148,1969,1
1301,1961,1
148,1865,1
148,1863,1
1302,184,1
1302,561,1
1302,584,1
1302,620,1
1302,692,1
1301,93,1
1301,91,1
1300,572,1
1301,90,1
1300,577,1
1300,580,1
1300,675,1
1300,686,1
1300,692,1
1300,693,1
1300,694,1
1300,695,1
1300,696,1
1300,697,1
149,276,1
1300,1191,1
1300,1192,1
1300,1193,1
1300,1194,1
1300,1195,1
1300,1196,1
1300,1238,1
1300,1694,1
1300,1695,1
1300,1800,1
149,240,1
1300,1972,1
149,1674,1
149,1681,1
1297,1872,1
1294,437,1
1294,554,1
1294,566,1
150,279,1
1294,671,1
1294,712,1
1294,998,1
1294,1237,1
1294,1640,1
1294,1683,1
1294,1705,1
1294,1784,1
1294,1952,1
1294,1995,1
1295,64,1
1295,420,1
150,68,1
150,44,1
1295,1009,1
1295,1019,1
1295,1025,1
1295,1051,1
1295,1052,1
1295,1053,1
1294,526,1
1294,427,1
1295,1084,1
1294,212,1
1292,1775,1
1292,1777,1
1292,1881,1
1292,1972,1
150,998,1
1293,3,1
1293,7,1
1293,68,1
1293,101,1
1293,499,1
1293,511,1
150,768,1
1293,631,1
1293,772,1
1293,1019,1
150,575,1
1293,1374,1
1293,1392,1
1293,1695,1
1293,1751,1
1293,1999,1
150,280,1
1294,89,1
1295,1054,1
1295,1356,1
1297,1862,1
1296,1009,1
149,1788,1
1296,1606,1
1296,1637,1
1296,1657,1
1296,1668,1
1296,1685,1
1296,1784,1
1296,1788,1
1296,1865,1
149,1770,1
149,1754,1
1297,254,1
1297,381,1
149,1715,1
1297,451,1
149,1713,1
149,1702,1
149,1701,1
1297,696,1
1297,1281,1
1297,1668,1
1297,1697,1
1297,1698,1
1296,1021,1
1296,696,1
149,1963,1
1296,695,1
149,1962,1
149,1955,1
1295,1689,1
1295,1704,1
1295,1789,1
1295,1882,1
1295,1963,1
1295,1995,1
1296,50,1
149,1915,1
149,1860,1
149,1845,1
1296,62,1
1296,63,1
149,1839,1
149,1826,1
149,1821,1
1296,446,1
1296,566,1
1296,580,1
1296,691,1
1296,692,1
149,1789,1
1282,1363,1
1282,1299,1
1261,1892,1
1270,53,1
153,281,1
1269,1209,1
1269,1210,1
153,277,1
1269,1300,1
1269,1523,1
1269,1549,1
1269,1788,1
1269,1856,1
1269,1887,1
1269,1941,1
1270,54,1
1272,1619,1
1270,103,1
1270,121,1
1270,342,1
152,1967,1
152,1894,1
1270,678,1
1270,1184,1
1270,1185,1
152,1871,1
1270,1390,1
1270,1400,1
1269,1112,1
1269,1111,1
153,319,1
1269,371,1
1267,1673,1
1267,1680,1
1267,1796,1
1267,1843,1
153,914,1
1267,1878,1
1267,1999,1
153,678,1
1268,52,1
153,495,1
153,407,1
1268,252,1
1268,403,1
1268,679,1
153,361,1
1268,953,1
1268,1109,1
1268,1111,1
1268,1283,1
1268,1499,1
1268,1683,1
1268,1694,1
1269,253,1
1270,1401,1
1270,1443,1
1270,1498,1
152,1777,1
1271,1684,1
1271,1689,1
1271,1812,1
152,1766,1
152,1744,1
1271,1887,1
1271,1955,1
1271,1970,1
1272,39,1
1272,121,1
1272,313,1
152,1725,1
152,1724,1
1272,489,1
152,1710,1
152,1709,1
1272,1020,1
1272,1140,1
1272,1222,1
1272,1279,1
152,1698,1
1272,1384,1
152,1683,1
1271,1683,1
152,1815,1
1270,1522,1
1271,1597,1
1270,1538,1
1270,1540,1
1270,1614,1
1270,1615,1
1270,1625,1
1270,1626,1
1270,1668,1
1270,1670,1
1270,1684,1
1270,1685,1
1270,1887,1
1270,1955,1
1271,53,1
1271,103,1
1271,104,1
1271,112,1
1271,417,1
152,1843,1
1271,1189,1
1271,1190,1
1271,1210,1
152,1835,1
1271,1505,1
1267,1582,1
1267,1507,1
1267,1499,1
1263,152,1
153,1756,1
1263,414,1
1263,440,1
1263,629,1
1263,831,1
1263,1151,1
1263,1164,1
1263,1213,1
153,1752,1
1263,1556,1
1263,1664,1
1263,1792,1
153,1721,1
1263,1906,1
153,1646,1
1264,36,1
1264,149,1
1264,151,1
1264,380,1
153,1634,1
1264,440,1
1264,585,1
153,1548,1
153,1785,1
153,1800,1
1264,1142,1
1262,1953,1
1261,1906,1
1262,7,1
1262,117,1
1262,130,1
1262,149,1
1262,150,1
154,239,1
1262,469,1
1262,605,1
154,133,1
1262,794,1
154,14,1
154,10,1
1262,1599,1
1262,1600,1
153,1903,1
153,1826,1
1262,1734,1
1262,1792,1
1262,1806,1
1262,1810,1
153,1811,1
153,1806,1
1264,772,1
153,1513,1
1267,1444,1
153,1340,1
1266,996,1
1266,999,1
153,1337,1
1266,1081,1
153,1334,1
1266,1159,1
153,1199,1
153,1198,1
1266,1558,1
153,1146,1
1266,1731,1
1266,1796,1
1266,1807,1
153,1046,1
1267,377,1
1267,386,1
1267,421,1
1267,709,1
1267,926,1
1267,1175,1
153,1042,1
153,1041,1
153,955,1
1266,877,1
1266,338,1
1264,1300,1
1266,330,1
1264,1580,1
1264,1611,1
1264,1873,1
1264,1989,1
1265,156,1
1265,169,1
153,1465,1
1265,428,1
153,1431,1
1265,844,1
1265,964,1
1265,973,1
1265,1139,1
153,1424,1
1265,1499,1
1265,1585,1
1265,1655,1
1265,1673,1
153,1407,1
153,1365,1
1266,140,1
1266,167,1
1266,321,1
1272,1597,1
1272,1683,1
1282,1233,1
1278,1682,1
1278,397,1
1278,462,1
1278,543,1
1278,587,1
1278,698,1
151,1687,1
1278,1059,1
1278,1177,1
1278,1234,1
1278,1275,1
1278,1609,1
1278,1816,1
1272,1684,1
1278,1835,1
1278,1970,1
1278,1987,1
1278,1999,1
1279,8,1
1279,160,1
151,1513,1
1279,362,1
1279,455,1
1279,457,1
151,1446,1
151,1708,1
151,1715,1
151,1729,1
151,1731,1
152,163,1
1277,1106,1
152,161,1
152,58,1
1277,1317,1
1277,1360,1
1277,1816,1
1277,1818,1
1277,1829,1
1277,1839,1
151,1951,1
151,1950,1
151,1892,1
151,1843,1
151,1831,1
1277,1964,1
1277,1987,1
1277,1999,1
151,1798,1
151,1792,1
1278,316,1
151,1791,1
151,1783,1
1279,790,1
1279,1060,1
1279,1168,1
151,1253,1
1281,121,1
1281,433,1
1281,456,1
1281,657,1
1281,875,1
1281,1082,1
1281,1299,1
1281,1361,1
1281,1363,1
1281,1563,1
1281,1676,1
1281,1682,1
1281,1814,1
1281,1833,1
151,1129,1
151,1107,1
1282,71,1
1282,381,1
1282,575,1
1282,891,1
1282,1013,1
1282,1064,1
1282,1080,1
151,1130,1
1280,1841,1
1279,1199,1
1280,1664,1
1279,1234,1
1279,1300,1
1279,1694,1
1279,1807,1
1279,1808,1
1279,1828,1
1279,1833,1
1279,1852,1
151,1338,1
1279,1863,1
151,1335,1
1280,450,1
1280,469,1
1280,789,1
1280,810,1
1280,1152,1
1280,1162,1
1280,1276,1
151,1332,1
1280,1479,1
1280,1500,1
1280,1570,1
1280,1632,1
152,210,1
152,276,1
1277,999,1
1274,543,1
1274,890,1
1274,1094,1
1274,1132,1
1274,1278,1
1274,1391,1
1274,1541,1
1274,1641,1
1274,1664,1
1274,1831,1
1274,1902,1
1274,1934,1
1274,1937,1
1274,1943,1
1275,87,1
1275,121,1
1275,334,1
1275,466,1
1275,656,1
1275,999,1
1275,1100,1
1275,1107,1
1275,1142,1
1275,1160,1
1274,661,1
1274,104,1
1275,1592,1
1274,71,1
1272,1685,1
1272,1694,1
1272,1834,1
1272,1842,1
1272,1902,1
1272,1954,1
1272,1955,1
1273,5,1
1273,9,1
152,1606,1
1273,326,1
1273,429,1
1273,1226,1
1273,1281,1
152,1597,1
1273,1558,1
152,1560,1
1273,1832,1
152,1559,1
1273,1836,1
1273,1853,1
1273,1990,1
1273,1995,1
1275,1377,1
1275,1600,1
1277,698,1
1276,1817,1
1276,1830,1
1276,1833,1
1276,1835,1
1276,1852,1
152,1329,1
1276,1950,1
152,1198,1
152,1190,1
152,1172,1
1277,121,1
1277,286,1
1277,323,1
152,1130,1
152,1066,1
152,1065,1
152,1058,1
1277,336,1
1277,337,1
152,937,1
152,378,1
152,355,1
1277,401,1
1277,586,1
1276,1829,1
1276,1795,1
1275,1744,1
152,1331,1
1275,1837,1
1275,1852,1
152,1471,1
152,1407,1
152,1344,1
152,1341,1
152,1340,1
152,1339,1
152,1334,1
152,1333,1
1276,466,1
1276,484,1
1276,544,1
1276,661,1
1276,663,1
1276,819,1
1276,873,1
1276,1036,1
1276,1176,1
1276,1213,1
1276,1317,1
1276,1569,1
1276,1688,1
1220,1792,1
1220,1789,1
1220,1746,1
1166,388,1
1165,1650,1
1165,1651,1
1165,1658,1
164,1451,1
1165,1718,1
1165,1744,1
1165,1752,1
164,1450,1
1166,22,1
1166,135,1
1166,387,1
1166,723,1
1168,1098,1
1166,874,1
164,1407,1
1166,1121,1
1166,1133,1
1166,1134,1
1166,1162,1
1166,1163,1
1166,1185,1
1166,1231,1
1166,1232,1
1166,1490,1
1165,1609,1
1165,1378,1
1165,1238,1
1165,1229,1
1164,1880,1
1164,1894,1
1164,1930,1
164,1592,1
1165,16,1
1165,21,1
1165,22,1
1165,238,1
1165,282,1
1165,387,1
1165,579,1
1165,831,1
1165,834,1
1165,875,1
1165,1161,1
164,1467,1
1165,1164,1
1165,1167,1
1165,1170,1
1165,1182,1
1165,1186,1
1165,1211,1
1165,1227,1
164,1325,1
1166,1496,1
1166,1650,1
1167,1236,1
1167,1363,1
1167,1413,1
1167,1458,1
1167,1490,1
1167,1493,1
1167,1494,1
1167,1495,1
1167,1496,1
1167,1500,1
1167,1503,1
1167,1522,1
1167,1599,1
164,1252,1
1167,1651,1
1167,1899,1
1167,1908,1
1167,1916,1
1167,1918,1
1167,1988,1
1168,22,1
164,1251,1
1168,284,1
1168,289,1
1167,1260,1
1167,1191,1
1166,1697,1
1167,1186,1
1166,1702,1
1166,1705,1
1166,1718,1
1166,1766,1
1166,1882,1
1166,1926,1
1166,1928,1
1166,1958,1
1166,1971,1
1167,21,1
1167,285,1
1167,357,1
1167,402,1
1167,419,1
1167,529,1
1167,545,1
1167,689,1
1167,900,1
1167,1011,1
1167,1162,1
1167,1163,1
1167,1166,1
1167,1183,1
1164,1746,1
1164,1658,1
1164,1500,1
1161,666,1
1161,956,1
1161,1006,1
1161,1028,1
164,1851,1
1161,1113,1
164,1809,1
164,1798,1
164,1792,1
1161,1205,1
1161,1207,1
164,1759,1
1161,1411,1
1161,1422,1
1161,1483,1
1161,1591,1
164,1742,1
1161,1612,1
1161,1818,1
164,1724,1
1161,1881,1
1161,1883,1
1161,1937,1
164,1718,1
1161,955,1
1161,327,1
1162,39,1
164,1876,1
1160,387,1
1160,388,1
1160,432,1
1160,463,1
165,42,1
1160,675,1
1160,676,1
164,1998,1
1160,730,1
1160,731,1
1160,816,1
1160,1066,1
1160,1162,1
1160,1168,1
1160,1175,1
1160,1210,1
1160,1386,1
1160,1480,1
164,1921,1
1160,1818,1
1160,1835,1
1160,1862,1
1160,1878,1
164,1715,1
164,1713,1
1164,1499,1
1163,1819,1
1163,1860,1
1163,1867,1
1163,1959,1
1164,85,1
1164,388,1
1164,760,1
1164,788,1
1164,830,1
1164,873,1
1164,971,1
1164,1047,1
1164,1147,1
1164,1161,1
1164,1162,1
1164,1183,1
1164,1211,1
1164,1212,1
1164,1230,1
1164,1282,1
1164,1283,1
1164,1430,1
1164,1478,1
1164,1498,1
1163,1859,1
1163,1650,1
1162,388,1
1163,1420,1
1162,881,1
1162,1163,1
1162,1167,1
1162,1481,1
164,1629,1
1162,1652,1
1162,1655,1
1162,1656,1
1162,1658,1
1162,1703,1
1162,1807,1
1162,1824,1
1162,1856,1
1162,1910,1
1162,1976,1
1163,23,1
1163,971,1
1163,1112,1
1163,1163,1
1163,1169,1
1163,1189,1
1163,1203,1
1163,1317,1
1168,991,1
1168,1173,1
1160,28,1
163,1846,1
164,270,1
163,1998,1
1175,1307,1
1175,1366,1
163,1936,1
1175,1509,1
1175,1510,1
1175,1520,1
1175,1588,1
1175,1654,1
1175,1656,1
1175,1901,1
1168,1363,1
163,1831,1
1175,1913,1
1175,1929,1
1175,1939,1
1175,1978,1
1175,1988,1
1175,1989,1
1176,14,1
1176,21,1
1176,22,1
1176,1241,1
1175,908,1
1175,855,1
1175,815,1
164,277,1
164,321,1
1174,75,1
1174,454,1
164,318,1
1174,528,1
1174,814,1
1174,1089,1
164,312,1
1174,1609,1
1174,1646,1
1174,1654,1
1174,1700,1
164,309,1
1174,1887,1
1174,1893,1
1174,1914,1
1174,1926,1
1174,1928,1
1174,1929,1
164,306,1
1174,1999,1
1175,30,1
1175,361,1
1176,1424,1
1176,1500,1
1176,1595,1
1178,80,1
1178,283,1
1178,329,1
1178,332,1
1178,612,1
1178,826,1
1178,1241,1
163,1489,1
1178,1493,1
1178,1514,1
1178,1515,1
1178,1636,1
1178,1651,1
1179,21,1
163,1466,1
163,1465,1
163,1413,1
1179,331,1
1179,358,1
1179,680,1
1179,681,1
163,1407,1
1179,1122,1
1179,1199,1
1178,251,1
1178,31,1
1176,1654,1
1178,22,1
1176,1715,1
163,1814,1
1176,1762,1
1176,1816,1
1176,1896,1
163,1783,1
1176,1904,1
1176,1913,1
1176,1915,1
163,1770,1
163,1741,1
1177,354,1
163,1732,1
1177,968,1
1177,1208,1
1177,1242,1
1177,1651,1
1177,1654,1
1177,1695,1
1177,1885,1
1177,1913,1
163,1701,1
1178,13,1
1173,1886,1
164,326,1
1173,1699,1
1169,1709,1
1169,1892,1
1169,1997,1
1170,17,1
1170,19,1
1170,529,1
164,1053,1
1170,712,1
1170,848,1
164,1051,1
1170,1092,1
1170,1136,1
1170,1363,1
1170,1389,1
1170,1511,1
1170,1531,1
1170,1549,1
1170,1651,1
1170,1666,1
164,1043,1
1170,1695,1
1170,1750,1
1170,1886,1
1170,1909,1
1169,1811,1
1169,1666,1
164,1040,1
1169,1651,1
1168,1418,1
1168,1457,1
1168,1492,1
1168,1501,1
1168,1519,1
1168,1549,1
1168,1609,1
1168,1651,1
1168,1652,1
1168,1666,1
1168,1915,1
1168,1986,1
1168,1988,1
1169,52,1
164,1068,1
164,1063,1
1169,1172,1
1169,1239,1
1169,1319,1
1169,1380,1
1169,1549,1
1169,1597,1
1169,1599,1
1170,1957,1
1171,279,1
1173,1567,1
1172,889,1
1172,994,1
1172,1376,1
1172,1500,1
1172,1714,1
1172,1811,1
164,583,1
1172,1849,1
164,372,1
1172,1894,1
1173,17,1
1173,21,1
1173,87,1
1173,91,1
1173,529,1
1173,565,1
1173,648,1
1173,816,1
1173,872,1
1173,1011,1
1173,1039,1
1173,1099,1
1173,1205,1
1173,1418,1
164,884,1
1172,872,1
164,1038,1
1172,555,1
164,1037,1
1171,423,1
164,1036,1
1171,528,1
1171,656,1
1171,700,1
1171,760,1
1171,872,1
1171,1090,1
164,1030,1
1171,1420,1
1171,1650,1
1171,1707,1
1171,1712,1
1171,1817,1
1171,1871,1
1172,13,1
164,1029,1
1172,21,1
1172,84,1
164,1002,1
1172,529,1
1172,530,1
165,43,1
165,227,1
1179,1236,1
165,1998,1
1145,1503,1
1145,1505,1
1145,1506,1
1145,1518,1
1145,1563,1
166,274,1
1145,1694,1
1146,0,1
1146,8,1
166,194,1
166,166,1
1146,362,1
1149,16,1
1146,363,1
165,1860,1
165,1856,1
1146,1115,1
1146,1295,1
1146,1308,1
1146,1451,1
1146,1493,1
165,1853,1
165,1852,1
1146,1518,1
1145,1502,1
1145,1501,1
1145,1492,1
1145,1487,1
166,951,1
1144,1501,1
1144,1504,1
1144,1563,1
1144,1578,1
1144,1609,1
1144,1652,1
1144,1854,1
1145,7,1
1145,15,1
166,920,1
1145,150,1
1145,161,1
166,912,1
1145,195,1
1145,594,1
1145,813,1
166,820,1
166,478,1
166,322,1
1145,1295,1
1145,1309,1
1145,1486,1
1146,1528,1
1146,1529,1
1146,1530,1
165,1730,1
1148,140,1
1148,413,1
1148,716,1
1148,787,1
1148,870,1
1148,1009,1
165,1682,1
1148,1269,1
1148,1492,1
165,1514,1
165,1433,1
1148,1499,1
1148,1500,1
165,1407,1
1148,1502,1
1148,1504,1
165,1356,1
1148,1508,1
165,1124,1
165,1078,1
1148,1903,1
1148,1976,1
1148,1998,1
165,1726,1
165,1746,1
1146,1531,1
1147,1969,1
1146,1555,1
1146,1596,1
1146,1743,1
1147,1200,1
1147,1422,1
1147,1424,1
1147,1425,1
1147,1454,1
1147,1489,1
1147,1492,1
1147,1493,1
1147,1495,1
1147,1502,1
165,1811,1
1147,1508,1
1147,1601,1
1147,1603,1
1147,1604,1
1147,1611,1
165,1787,1
1147,1621,1
1147,1837,1
1147,1838,1
1144,1496,1
166,955,1
1144,1486,1
1141,1493,1
1141,1497,1
1141,1501,1
1141,1502,1
1141,1508,1
1141,1562,1
1141,1720,1
1141,1742,1
1141,1820,1
166,1064,1
1141,1996,1
1141,1997,1
1142,152,1
1142,265,1
1142,362,1
1142,775,1
1142,906,1
1142,1115,1
1142,1116,1
1142,1159,1
1142,1178,1
1142,1284,1
1142,1366,1
1142,1487,1
166,1277,1
1141,1487,1
1142,1550,1
1141,1455,1
166,1426,1
1140,1503,1
1140,1505,1
1140,1524,1
1140,1562,1
1140,1572,1
1140,1826,1
1140,1839,1
1140,1993,1
166,1414,1
1141,597,1
1141,610,1
1141,772,1
1141,819,1
1141,917,1
1141,918,1
1141,1014,1
1141,1019,1
1141,1117,1
1141,1207,1
1141,1283,1
1141,1415,1
1141,1451,1
1142,1501,1
1142,1562,1
1144,1465,1
1143,1490,1
1143,1495,1
1143,1497,1
1143,1500,1
1143,1506,1
1143,1563,1
1143,1604,1
1143,1683,1
1143,1686,1
166,1044,1
1144,50,1
1144,107,1
166,1041,1
1144,200,1
1144,363,1
1144,738,1
1144,951,1
166,1038,1
1144,1176,1
166,1029,1
1144,1359,1
1144,1426,1
1144,1429,1
1144,1460,1
1143,1493,1
1143,1489,1
1142,1607,1
1143,1487,1
1142,1681,1
1142,1684,1
1142,1820,1
1142,1937,1
166,1062,1
1143,67,1
1143,102,1
1143,162,1
1143,199,1
166,1061,1
1143,264,1
1143,340,1
1143,407,1
1143,642,1
1143,1101,1
1143,1102,1
166,1050,1
1143,1295,1
1143,1333,1
1143,1336,1
1143,1359,1
1143,1438,1
1143,1451,1
165,1077,1
1149,37,1
1159,1973,1
1156,1602,1
1156,1048,1
1156,1068,1
1156,1166,1
1156,1185,1
1156,1230,1
1156,1448,1
1156,1478,1
1156,1480,1
1156,1501,1
1156,1505,1
1156,1601,1
1156,1656,1
1149,103,1
1156,1657,1
1156,1708,1
1156,1711,1
1157,22,1
1157,146,1
1157,164,1
1157,437,1
165,314,1
1157,1069,1
1157,1165,1
1157,1166,1
165,317,1
1156,902,1
1156,901,1
1156,20,1
1154,1511,1
1154,1869,1
1154,1949,1
1155,23,1
1155,63,1
1155,148,1
1155,315,1
1155,628,1
1155,714,1
1155,741,1
1155,994,1
1155,1086,1
1155,1166,1
1155,1167,1
1155,1185,1
1155,1186,1
1155,1231,1
1155,1234,1
1155,1388,1
1155,1492,1
1155,1837,1
1155,1885,1
1155,1970,1
1157,1167,1
1157,1170,1
1157,1414,1
1158,1618,1
1159,158,1
165,305,1
1159,416,1
1159,531,1
165,280,1
1159,952,1
1159,1000,1
165,279,1
1159,1162,1
1159,1164,1
1159,1166,1
1159,1167,1
1159,1229,1
1159,1374,1
1159,1498,1
1159,1548,1
1159,1585,1
1159,1623,1
1159,1710,1
165,230,1
1159,1883,1
1159,1884,1
1159,1895,1
165,307,1
1158,1607,1
1157,1434,1
1158,1602,1
1157,1498,1
1157,1529,1
1157,1530,1
1157,1603,1
1157,1604,1
1157,1607,1
1157,1625,1
1157,1908,1
1157,1939,1
1157,1967,1
1157,1992,1
1158,17,1
165,313,1
1158,254,1
1158,285,1
1158,1000,1
1158,1106,1
1158,1147,1
1158,1159,1
1158,1163,1
1158,1186,1
1158,1442,1
1158,1500,1
1154,1508,1
1154,1489,1
1154,1466,1
1150,1236,1
1150,1328,1
165,1065,1
1150,1456,1
1150,1492,1
1150,1508,1
1150,1596,1
1150,1597,1
1150,1602,1
1150,1603,1
1150,1634,1
1150,1653,1
1150,1672,1
1150,1833,1
1151,107,1
1151,212,1
1151,464,1
1151,1064,1
1151,1237,1
1151,1280,1
1151,1444,1
1151,1485,1
1151,1489,1
1151,1497,1
1150,1269,1
1150,1234,1
1151,1555,1
1150,785,1
1149,112,1
1149,780,1
1149,870,1
1149,951,1
1149,998,1
1149,1269,1
1149,1458,1
1149,1498,1
1149,1504,1
1149,1506,1
1149,1563,1
1149,1599,1
1149,1605,1
1149,1609,1
1149,1748,1
1149,1903,1
1149,1908,1
1150,7,1
1150,13,1
165,1068,1
1150,37,1
1150,110,1
1150,778,1
1151,1498,1
1151,1589,1
1154,1231,1
1152,1833,1
165,1033,1
1153,83,1
165,1025,1
1153,409,1
1153,512,1
1153,1107,1
1153,1167,1
1153,1191,1
1153,1485,1
1153,1488,1
1153,1489,1
1153,1506,1
1153,1588,1
1153,1656,1
1153,1672,1
165,924,1
1153,1842,1
1154,153,1
165,870,1
165,818,1
1154,936,1
1154,1167,1
1154,1168,1
165,1034,1
165,1036,1
1151,1604,1
1152,1607,1
1151,1654,1
1151,1825,1
1151,1834,1
1151,1902,1
1151,1951,1
1151,1977,1
165,1052,1
165,1050,1
165,1047,1
1152,60,1
1152,732,1
165,1046,1
165,1044,1
1152,1172,1
1152,1240,1
1152,1280,1
1152,1282,1
1152,1424,1
1152,1461,1
1152,1462,1
1152,1484,1
165,1039,1
1152,1501,1
1179,1233,1
163,1397,1
159,315,1
1205,1677,1
1205,891,1
160,1830,1
1205,1260,1
1205,1261,1
160,1822,1
160,1818,1
160,1795,1
1205,1538,1
1205,1543,1
1205,1555,1
1205,1651,1
1205,1769,1
160,1174,1
1205,1810,1
1205,1850,1
160,1729,1
1205,1957,1
1206,37,1
1206,153,1
1206,156,1
1206,160,1
160,1699,1
1206,524,1
1206,652,1
160,1864,1
1205,658,1
1205,656,1
160,1923,1
1204,1138,1
161,280,1
1204,1214,1
1204,1290,1
161,56,1
1204,1363,1
1204,1390,1
1204,1408,1
1204,1809,1
1204,1863,1
1204,1864,1
1204,1865,1
1204,1867,1
161,14,1
1205,129,1
160,1952,1
1205,154,1
1205,155,1
1205,157,1
160,1931,1
1205,162,1
1205,164,1
1205,242,1
1206,792,1
1206,905,1
1206,1040,1
1208,861,1
1208,1045,1
1208,1122,1
1208,1294,1
160,1463,1
160,1341,1
160,1333,1
160,1332,1
1208,1833,1
160,1229,1
1208,1878,1
1209,18,1
1209,331,1
1209,1115,1
1209,1116,1
1209,1117,1
1209,1118,1
160,1183,1
1209,1409,1
1209,1553,1
160,1182,1
1209,1590,1
1209,1734,1
1209,1749,1
1208,890,1
1208,667,1
1206,1146,1
1207,1784,1
1206,1147,1
1206,1211,1
1206,1336,1
1206,1337,1
1206,1401,1
1206,1677,1
1206,1811,1
1206,1836,1
160,1589,1
1207,156,1
160,1551,1
1207,694,1
1207,775,1
1207,792,1
1207,912,1
1207,1100,1
1207,1213,1
1207,1266,1
1207,1395,1
1207,1422,1
1207,1502,1
1207,1530,1
1207,1628,1
1204,1066,1
1204,678,1
1204,640,1
1201,318,1
1201,842,1
1201,867,1
1201,1214,1
1201,1217,1
1201,1240,1
1201,1241,1
1201,1245,1
161,1185,1
1201,1686,1
1201,1745,1
1201,1787,1
1201,1823,1
1201,1826,1
161,1183,1
1201,1828,1
1201,1843,1
1201,1867,1
1201,1894,1
1201,1899,1
161,1177,1
1202,7,1
161,1172,1
161,1064,1
1201,686,1
1201,244,1
161,1052,1
161,1229,1
1200,345,1
1200,1214,1
1200,1302,1
1200,1308,1
161,1347,1
1200,1515,1
161,1333,1
1200,1695,1
1200,1785,1
1200,1787,1
1200,1805,1
161,1332,1
1200,1877,1
1200,1878,1
1200,1879,1
1201,104,1
1201,137,1
1201,140,1
161,1330,1
161,1329,1
1201,155,1
1201,156,1
161,1328,1
161,1056,1
161,1039,1
1204,220,1
1203,155,1
1203,242,1
1203,248,1
161,320,1
1203,887,1
1203,892,1
1203,1210,1
1203,1253,1
1203,1308,1
161,319,1
1203,1492,1
1203,1527,1
161,314,1
1203,1744,1
1203,1865,1
1203,1881,1
1203,1972,1
161,311,1
161,309,1
161,306,1
1204,155,1
1204,156,1
1204,158,1
161,304,1
1203,156,1
1203,153,1
1202,252,1
161,326,1
161,1022,1
1202,716,1
1202,767,1
1202,788,1
1202,893,1
1202,1252,1
1202,1353,1
1202,1417,1
1202,1555,1
1202,1578,1
1202,1684,1
1202,1687,1
1202,1695,1
161,919,1
1202,1869,1
1202,1898,1
1202,1899,1
1202,1974,1
1203,7,1
1203,13,1
161,816,1
161,590,1
161,534,1
1210,37,1
1210,386,1
161,1406,1
1217,1386,1
1217,866,1
1217,888,1
1217,889,1
1217,919,1
1217,1125,1
1217,1202,1
1217,1203,1
1217,1231,1
1217,1255,1
159,1407,1
1217,1385,1
1217,1413,1
160,1065,1
1217,1465,1
1217,1573,1
1217,1597,1
1217,1650,1
1217,1734,1
159,1387,1
159,1384,1
1217,1994,1
1217,1995,1
1218,98,1
1218,156,1
1217,699,1
1217,690,1
1217,97,1
1216,1987,1
159,1717,1
159,1693,1
159,1681,1
1215,1976,1
1216,156,1
1216,826,1
1216,888,1
1216,889,1
1216,890,1
1216,891,1
1216,893,1
159,1676,1
1216,912,1
1216,1164,1
159,1632,1
1216,1430,1
1216,1551,1
159,1451,1
159,1444,1
1216,1882,1
1216,1883,1
1216,1886,1
1216,1976,1
159,1334,1
159,1331,1
159,1326,1
1219,1513,1
1219,1534,1
159,1046,1
1219,1551,1
159,1026,1
159,1025,1
1219,1650,1
1219,1693,1
1220,51,1
159,1024,1
159,1023,1
1220,366,1
1220,580,1
1220,602,1
159,881,1
1220,608,1
159,771,1
1220,1142,1
159,321,1
1220,1212,1
159,318,1
1220,1245,1
1220,1384,1
1220,1556,1
1219,1527,1
159,1053,1
1218,888,1
159,1058,1
1218,889,1
1218,891,1
1218,892,1
1218,910,1
159,1229,1
1218,1202,1
159,1170,1
1218,1393,1
1218,1413,1
1218,1423,1
1218,1550,1
1218,1742,1
1218,1791,1
1218,1792,1
159,1157,1
1218,1883,1
1218,1997,1
1219,156,1
1219,351,1
1219,428,1
159,1063,1
1219,889,1
1219,1087,1
159,1724,1
1215,1726,1
1215,1691,1
160,803,1
160,770,1
1211,1872,1
1211,1875,1
160,474,1
1212,104,1
1212,330,1
160,322,1
160,315,1
1212,506,1
1212,1054,1
1212,1160,1
1212,1161,1
1212,1163,1
1212,1211,1
1212,1272,1
1212,1274,1
1212,1393,1
160,307,1
1212,1567,1
1212,1691,1
160,305,1
160,214,1
1212,1755,1
1211,1747,1
1211,1691,1
160,106,1
1211,1655,1
1210,1136,1
1210,1265,1
160,1061,1
1210,1522,1
1210,1538,1
1210,1549,1
1210,1652,1
160,1047,1
160,1025,1
1210,1748,1
160,1024,1
1210,1999,1
1211,104,1
160,820,1
160,818,1
1211,667,1
1211,1039,1
1211,1101,1
1211,1135,1
1211,1162,1
1211,1414,1
1211,1514,1
1211,1546,1
1212,1928,1
1212,1970,1
1215,1650,1
1214,1432,1
1214,1558,1
1214,1565,1
159,1952,1
159,1878,1
1214,1884,1
1214,1990,1
1215,157,1
1215,299,1
1215,662,1
159,1877,1
1215,888,1
1215,1133,1
159,1789,1
159,1788,1
1215,1301,1
1215,1365,1
1215,1401,1
159,1732,1
159,1726,1
1215,1521,1
1215,1541,1
1215,1574,1
1215,1576,1
1214,1538,1
1214,1410,1
1213,36,1
1214,1206,1
160,82,1
160,66,1
1213,329,1
1213,894,1
1213,1161,1
1213,1164,1
1213,1166,1
1213,1173,1
1213,1208,1
1213,1273,1
1213,1360,1
1213,1366,1
1213,1557,1
1213,1565,1
1213,1579,1
1214,158,1
1214,307,1
1214,308,1
1214,890,1
1214,894,1
1214,945,1
1214,1165,1
1214,1173,1
1200,157,1
161,1407,1
1179,1533,1
1186,1034,1
1185,1608,1
1185,1652,1
1185,1654,1
1185,1727,1
1185,1807,1
1185,1856,1
1185,1971,1
162,1804,1
1186,456,1
1186,984,1
1186,996,1
1186,1414,1
1190,434,1
1186,1474,1
1186,1514,1
1186,1575,1
162,1773,1
1186,1603,1
1186,1724,1
1186,1725,1
1186,1779,1
1186,1972,1
162,1725,1
1187,50,1
1185,1606,1
1185,1596,1
1185,1559,1
1185,1556,1
1184,1653,1
1184,1655,1
1184,1723,1
1184,1779,1
163,22,1
162,1942,1
162,1866,1
162,1852,1
162,1816,1
1184,1842,1
1184,1856,1
1185,0,1
1185,769,1
1185,1230,1
1185,1232,1
1185,1254,1
1185,1255,1
1185,1256,1
1185,1258,1
1185,1320,1
1185,1462,1
1185,1499,1
162,1808,1
1187,138,1
1187,431,1
1187,614,1
1188,1502,1
1188,1593,1
1188,1682,1
1188,1712,1
1189,126,1
1189,875,1
162,1695,1
1189,1207,1
1189,1228,1
1189,1233,1
1189,1235,1
1189,1244,1
1189,1249,1
1189,1290,1
1189,1308,1
1189,1458,1
1189,1499,1
1189,1549,1
1189,1686,1
1189,1861,1
1189,1960,1
1190,253,1
1190,282,1
1190,283,1
1188,1531,1
1188,1256,1
1187,823,1
1188,1239,1
1187,1226,1
1187,1253,1
1187,1256,1
1187,1290,1
1187,1497,1
1187,1503,1
1187,1531,1
162,1721,1
1187,1767,1
1187,1851,1
1187,1867,1
1187,1904,1
162,1720,1
162,1714,1
1188,156,1
1188,423,1
1188,650,1
1188,654,1
1188,853,1
1188,1020,1
1188,1219,1
1188,1225,1
1188,1229,1
1184,1391,1
163,23,1
163,24,1
1180,1115,1
1180,1204,1
1180,1538,1
1180,1549,1
1180,1653,1
1180,1689,1
1180,1722,1
1180,1748,1
1180,1995,1
1181,9,1
1181,50,1
1181,131,1
1181,162,1
1181,254,1
1181,318,1
163,1035,1
163,1033,1
163,1032,1
163,1022,1
163,1021,1
1181,1208,1
1181,1230,1
1181,1233,1
1181,1235,1
1180,1153,1
1180,979,1
163,954,1
1180,903,1
163,1327,1
163,1326,1
1179,1654,1
1179,1724,1
163,1324,1
1179,1943,1
1180,14,1
163,1250,1
1180,63,1
1180,127,1
163,1169,1
1180,251,1
1180,319,1
1180,329,1
1180,332,1
1180,350,1
163,1077,1
1180,703,1
163,1072,1
1180,895,1
1180,900,1
1180,901,1
163,1069,1
1181,1238,1
1181,1256,1
1184,1255,1
1183,694,1
1183,1232,1
1183,1235,1
1183,1238,1
1183,1312,1
1183,1419,1
1183,1563,1
1183,1598,1
1183,1684,1
1183,1689,1
1183,1741,1
1183,1742,1
163,305,1
163,206,1
1183,1925,1
1184,17,1
1184,21,1
163,47,1
1184,429,1
163,30,1
1184,1200,1
1184,1224,1
1184,1232,1
1184,1238,1
1183,1226,1
1183,693,1
1181,1381,1
1183,429,1
1181,1496,1
1181,1689,1
1182,253,1
1182,429,1
1182,644,1
1182,875,1
1182,941,1
1182,1122,1
1182,1130,1
1182,1273,1
1182,1582,1
1182,1583,1
163,326,1
163,323,1
1182,1670,1
163,320,1
163,319,1
163,316,1
1183,21,1
163,315,1
163,308,1
1183,127,1
1183,251,1
1190,284,1
1190,1028,1
161,1433,1
1197,1879,1
1197,1054,1
162,322,1
1197,1326,1
162,318,1
162,316,1
1197,1476,1
1197,1561,1
162,310,1
1197,1661,1
1197,1854,1
1197,1855,1
1197,1895,1
1190,1237,1
1197,1957,1
1197,1959,1
1197,1998,1
1198,77,1
1198,95,1
162,280,1
162,209,1
1198,290,1
162,22,1
162,14,1
1198,1143,1
1197,892,1
162,325,1
1197,139,1
1196,1959,1
162,1030,1
1195,1656,1
1195,1712,1
1195,1759,1
1195,1767,1
1195,1876,1
162,1027,1
1195,1910,1
1196,232,1
1196,579,1
1196,1042,1
1196,1116,1
162,820,1
1196,1441,1
1196,1537,1
162,802,1
1196,1609,1
1196,1701,1
1196,1843,1
162,771,1
1196,1854,1
1196,1881,1
1196,1895,1
1198,1476,1
161,1934,1
161,1857,1
1199,1215,1
1199,1308,1
1199,1515,1
1199,1555,1
1199,1568,1
1199,1597,1
1199,1659,1
1199,1660,1
1199,1661,1
1199,1679,1
1199,1695,1
1199,1783,1
1199,1805,1
1199,1838,1
1199,1878,1
1199,1880,1
1199,1881,1
1199,1901,1
1199,1959,1
1199,1985,1
1200,7,1
161,1459,1
1200,104,1
1200,140,1
1199,1302,1
1199,892,1
1198,1570,1
161,1687,1
161,1806,1
1198,1581,1
1198,1660,1
1198,1661,1
1198,1702,1
1198,1737,1
161,1799,1
1198,1859,1
1198,1878,1
1198,1879,1
1198,1959,1
1198,1996,1
161,1795,1
161,1734,1
161,1713,1
1199,246,1
1199,248,1
1199,305,1
1199,398,1
161,1699,1
1199,665,1
1199,759,1
1199,790,1
1195,1386,1
1195,1308,1
162,1032,1
1191,1673,1
1191,1799,1
1191,1827,1
162,1433,1
1191,1852,1
1191,1857,1
1191,1951,1
1191,1971,1
1191,1983,1
1192,15,1
1192,40,1
1192,137,1
1192,255,1
162,1331,1
1192,457,1
1192,773,1
162,1328,1
1192,800,1
1192,1226,1
1192,1235,1
1192,1569,1
162,1186,1
1192,1656,1
1192,1670,1
162,1455,1
162,1473,1
1192,1813,1
1191,1435,1
162,1620,1
1190,1293,1
1190,1582,1
1190,1670,1
1190,1855,1
162,1551,1
1190,1881,1
1190,1959,1
1190,1960,1
1190,1971,1
1191,15,1
1191,1057,1
1191,1181,1
1191,1211,1
1191,1236,1
1191,1237,1
1191,1248,1
1191,1258,1
1191,1276,1
1191,1291,1
162,1513,1
1191,1330,1
1191,1434,1
1192,1765,1
1192,1819,1
1195,1135,1
1194,122,1
1194,253,1
1194,327,1
1194,671,1
1194,789,1
1194,1148,1
1194,1234,1
1194,1235,1
1194,1309,1
1194,1659,1
162,1054,1
1194,1661,1
1194,1820,1
1194,1850,1
1194,1851,1
1194,1862,1
1194,1881,1
1194,1918,1
162,1042,1
1194,1969,1
1194,1979,1
1195,152,1
162,1034,1
1195,941,1
162,1155,1
1193,1989,1
1192,1849,1
1193,1968,1
1192,1857,1
1192,1863,1
1192,1866,1
1192,1878,1
1192,1881,1
1192,1949,1
162,1184,1
162,1183,1
1193,182,1
1193,212,1
162,1182,1
1193,672,1
1193,800,1
1193,1181,1
1193,1191,1
1193,1261,1
1193,1262,1
1193,1471,1
162,1180,1
1193,1867,1
1193,1879,1
1193,1880,1
1193,1904,1
1007,699,1
1007,622,1
248,1969,1
830,1222,1
830,1194,1
830,1195,1
830,1196,1
830,1198,1
220,548,1
830,1202,1
830,1203,1
830,1210,1
830,1214,1
830,1217,1
830,1219,1
220,515,1
830,434,1
830,1232,1
830,1236,1
830,1238,1
830,1239,1
830,1240,1
830,1241,1
220,457,1
830,1243,1
830,1245,1
830,1246,1
830,1248,1
830,1193,1
830,1192,1
830,1190,1
220,577,1
830,602,1
830,981,1
830,996,1
220,1119,1
830,1037,1
830,1038,1
830,1042,1
220,908,1
830,1046,1
830,1052,1
830,1054,1
830,1074,1
830,1175,1
830,1176,1
830,1177,1
830,1179,1
830,1180,1
220,799,1
830,1182,1
830,1185,1
830,1186,1
830,1187,1
830,1188,1
220,167,1
220,152,1
220,138,1
831,1176,1
831,1180,1
831,1182,1
219,1464,1
831,1184,1
831,1185,1
219,1407,1
219,1173,1
831,1188,1
831,1189,1
219,1169,1
831,1194,1
831,1199,1
831,1207,1
831,1214,1
219,1060,1
831,1216,1
219,1036,1
219,820,1
831,1225,1
831,1229,1
219,609,1
219,577,1
831,1235,1
831,1179,1
831,1075,1
220,136,1
831,1055,1
830,1256,1
830,1262,1
220,69,1
830,1374,1
830,1470,1
830,1482,1
830,1880,1
220,55,1
830,1972,1
830,1995,1
831,335,1
831,435,1
219,1986,1
831,473,1
831,564,1
219,1896,1
831,1038,1
219,1718,1
219,1680,1
219,1560,1
831,1045,1
831,1053,1
831,1054,1
830,464,1
830,427,1
821,1552,1
220,1906,1
828,1256,1
828,1261,1
828,1263,1
828,1267,1
828,1268,1
828,1543,1
828,1585,1
828,1710,1
828,1880,1
828,1964,1
828,1988,1
829,273,1
220,1142,1
220,1903,1
220,1819,1
829,976,1
829,1036,1
829,1039,1
829,1042,1
829,1054,1
829,1175,1
829,1177,1
829,1179,1
829,1182,1
828,1254,1
828,1252,1
828,1251,1
828,1250,1
828,1203,1
828,1204,1
221,573,1
828,1209,1
221,513,1
828,1219,1
828,1220,1
828,1226,1
221,512,1
828,1230,1
828,1232,1
828,1233,1
828,1235,1
828,1237,1
828,1238,1
828,1239,1
221,418,1
828,1241,1
828,1243,1
828,1244,1
828,1246,1
828,1248,1
828,1249,1
829,1183,1
829,1184,1
829,1185,1
220,1573,1
220,1531,1
220,1486,1
829,1247,1
829,1248,1
220,1464,1
829,1250,1
829,1251,1
829,1260,1
829,1267,1
829,1310,1
829,1368,1
829,1374,1
829,1471,1
829,1683,1
829,1788,1
829,1799,1
829,1879,1
220,1249,1
829,1964,1
829,1965,1
830,49,1
830,55,1
830,229,1
829,1243,1
829,1240,1
829,1186,1
829,1239,1
829,1187,1
829,1188,1
220,1711,1
829,1194,1
220,1675,1
829,1200,1
829,1201,1
829,1203,1
829,1207,1
829,1208,1
829,1210,1
829,1211,1
829,1212,1
829,1215,1
829,1216,1
829,1218,1
829,1225,1
829,1230,1
220,1633,1
829,1233,1
220,1588,1
829,1236,1
829,1238,1
219,574,1
831,1237,1
831,1238,1
833,1255,1
833,1234,1
833,1236,1
218,1214,1
833,1239,1
833,1240,1
833,1244,1
833,1247,1
833,1248,1
833,1249,1
218,1211,1
833,1251,1
218,1138,1
831,1240,1
833,1261,1
833,1262,1
218,1131,1
833,1334,1
833,1344,1
833,1374,1
833,1424,1
833,1425,1
833,1544,1
833,1572,1
833,1587,1
833,1232,1
218,1226,1
833,1230,1
833,1228,1
218,1403,1
218,1380,1
833,1188,1
833,1189,1
833,1190,1
833,1191,1
833,1192,1
833,1193,1
833,1195,1
833,1197,1
833,1198,1
833,1199,1
833,1200,1
833,1204,1
833,1208,1
833,1211,1
833,1212,1
833,1215,1
833,1216,1
833,1217,1
833,1221,1
218,1249,1
833,1226,1
833,1830,1
833,1976,1
218,1106,1
218,489,1
834,1198,1
834,1199,1
834,1202,1
834,1203,1
834,1205,1
834,1207,1
834,1211,1
834,1215,1
834,1217,1
834,1221,1
834,1226,1
834,1228,1
834,1231,1
834,1232,1
834,1234,1
834,1235,1
834,1238,1
834,1239,1
834,1240,1
834,1241,1
218,473,1
834,1246,1
834,1248,1
834,1193,1
834,1189,1
834,555,1
834,1188,1
834,566,1
834,568,1
834,1034,1
834,1036,1
218,611,1
218,578,1
218,574,1
218,573,1
218,556,1
834,1045,1
834,1056,1
834,1057,1
218,515,1
834,1174,1
834,1175,1
834,1179,1
834,1181,1
218,504,1
834,1183,1
834,1184,1
834,1185,1
834,1186,1
834,1187,1
833,1184,1
833,1183,1
218,1407,1
832,1176,1
832,1179,1
832,1180,1
219,67,1
832,1182,1
219,66,1
832,1185,1
832,1186,1
832,1187,1
219,65,1
832,1189,1
832,1191,1
832,1194,1
832,1195,1
832,1196,1
832,1197,1
832,1201,1
832,1203,1
832,1207,1
832,1216,1
218,1935,1
832,1218,1
832,1222,1
832,1223,1
832,1178,1
832,1174,1
832,1231,1
219,457,1
831,1242,1
219,556,1
219,548,1
831,1249,1
831,1250,1
831,1251,1
831,1261,1
831,1265,1
831,1267,1
831,1276,1
831,1305,1
831,1469,1
831,1471,1
831,1499,1
831,1581,1
832,112,1
832,519,1
832,756,1
832,989,1
219,515,1
832,1043,1
832,1045,1
832,1048,1
832,1226,1
832,1232,1
833,1181,1
832,1278,1
832,1655,1
832,1818,1
832,1964,1
833,67,1
218,1691,1
833,326,1
833,438,1
833,1037,1
833,1038,1
833,1039,1
218,1594,1
218,1471,1
833,1047,1
833,1053,1
833,1057,1
833,1072,1
833,1143,1
833,1175,1
218,1464,1
833,1177,1
833,1178,1
833,1179,1
218,1442,1
832,1292,1
832,1276,1
832,1233,1
832,1272,1
218,1903,1
832,1235,1
832,1236,1
832,1237,1
832,1238,1
832,1239,1
832,1240,1
218,1819,1
832,1243,1
832,1244,1
832,1245,1
832,1246,1
832,1248,1
832,1249,1
832,1250,1
832,1254,1
832,1255,1
832,1256,1
832,1259,1
832,1264,1
832,1265,1
832,1269,1
832,1270,1
828,1195,1
828,1191,1
828,1189,1
223,1248,1
823,1540,1
823,1545,1
823,1691,1
823,1744,1
823,1779,1
823,1781,1
823,1883,1
823,1972,1
823,1973,1
824,33,1
824,47,1
824,193,1
824,1687,1
824,450,1
223,1207,1
824,887,1
824,1021,1
824,1048,1
223,1137,1
824,1167,1
824,1172,1
223,1121,1
824,1176,1
824,1177,1
823,1379,1
823,1375,1
223,1366,1
823,1259,1
823,1213,1
823,1214,1
823,1217,1
823,1219,1
823,1223,1
823,1228,1
823,1230,1
823,1232,1
823,1233,1
823,1234,1
823,1237,1
823,1239,1
823,1240,1
223,1508,1
823,1243,1
823,1244,1
823,1246,1
823,1248,1
823,1249,1
223,1416,1
823,1252,1
223,1407,1
823,1257,1
824,1178,1
824,1179,1
824,1180,1
824,1234,1
824,1237,1
824,1239,1
824,1240,1
223,509,1
824,1243,1
824,1245,1
223,489,1
824,1248,1
824,1249,1
824,1250,1
824,1251,1
824,1252,1
824,1253,1
824,1259,1
824,1261,1
824,1297,1
824,1343,1
824,1370,1
824,1373,1
824,1375,1
824,1476,1
824,1503,1
824,1600,1
824,1235,1
824,1232,1
824,1181,1
824,1231,1
824,1182,1
223,1116,1
223,1114,1
824,1186,1
824,1187,1
824,1189,1
824,1194,1
824,1196,1
824,1197,1
824,1198,1
824,1200,1
824,1201,1
824,1202,1
824,1205,1
824,1207,1
824,1209,1
223,987,1
824,1211,1
824,1221,1
824,1223,1
824,1224,1
824,1227,1
824,1230,1
823,1211,1
823,1207,1
823,1206,1
822,1194,1
822,1198,1
822,1201,1
224,1812,1
822,1204,1
822,1207,1
822,1208,1
822,1212,1
822,1214,1
822,1215,1
822,1216,1
822,1218,1
822,1220,1
822,1225,1
224,1807,1
224,1481,1
822,1233,1
224,1463,1
822,1235,1
822,1236,1
822,1237,1
822,1238,1
822,1240,1
224,1249,1
822,1197,1
225,181,1
822,1243,1
822,1189,1
225,489,1
822,212,1
822,316,1
822,386,1
822,391,1
822,411,1
822,413,1
225,486,1
822,486,1
225,463,1
822,587,1
225,328,1
822,824,1
822,1174,1
822,1175,1
822,1177,1
822,1179,1
822,1181,1
822,1182,1
822,1183,1
822,1185,1
822,1187,1
225,205,1
822,1242,1
822,1244,1
823,1205,1
823,512,1
224,270,1
823,748,1
823,803,1
823,805,1
823,908,1
823,971,1
224,232,1
823,1171,1
823,1174,1
823,1175,1
823,1179,1
823,1181,1
823,1182,1
823,1184,1
823,1185,1
823,1186,1
823,1187,1
823,1188,1
224,166,1
823,1190,1
823,1193,1
823,1199,1
823,1203,1
224,364,1
224,390,1
822,1245,1
224,465,1
822,1246,1
822,1247,1
822,1249,1
224,1222,1
224,1206,1
822,1253,1
822,1254,1
822,1256,1
822,1257,1
822,1258,1
822,1259,1
822,1260,1
822,1334,1
822,1375,1
822,1379,1
224,1203,1
822,1781,1
822,1855,1
822,1972,1
822,1994,1
224,1114,1
224,995,1
224,548,1
824,1601,1
824,1744,1
828,1188,1
827,1186,1
221,1602,1
221,1596,1
827,1038,1
827,1175,1
827,1177,1
827,1178,1
827,1180,1
827,1181,1
827,1182,1
827,1183,1
827,1185,1
221,1525,1
824,1778,1
827,1189,1
827,1190,1
827,1191,1
827,1193,1
827,1195,1
827,1199,1
827,1200,1
827,1201,1
827,1204,1
827,1205,1
827,1206,1
827,567,1
827,564,1
221,1632,1
826,1993,1
826,1236,1
826,1237,1
221,1938,1
221,1878,1
826,1241,1
826,1243,1
221,1756,1
826,1246,1
826,1248,1
826,1250,1
826,1251,1
826,1252,1
826,1253,1
826,1258,1
826,1275,1
826,1373,1
826,1375,1
826,1376,1
826,1472,1
826,1503,1
826,1563,1
826,1602,1
826,1820,1
827,1207,1
221,1522,1
827,1218,1
827,1473,1
827,1688,1
827,1703,1
827,1964,1
828,2,1
221,815,1
221,739,1
828,194,1
828,280,1
828,351,1
828,355,1
221,691,1
221,574,1
828,768,1
828,1052,1
828,1174,1
828,1175,1
828,1176,1
828,1179,1
828,1180,1
828,1183,1
828,1184,1
828,1185,1
828,1187,1
221,1119,1
827,1471,1
827,1220,1
827,1278,1
827,1228,1
827,1231,1
221,1520,1
827,1233,1
827,1235,1
827,1236,1
827,1237,1
221,1484,1
827,1241,1
827,1242,1
221,1463,1
221,1450,1
827,1247,1
221,1383,1
827,1249,1
827,1250,1
827,1251,1
827,1252,1
221,1362,1
827,1264,1
221,1343,1
827,1269,1
221,1191,1
826,1234,1
826,1233,1
826,1232,1
825,1190,1
222,1413,1
825,1198,1
825,1202,1
825,1203,1
825,1204,1
825,1206,1
825,1212,1
825,1213,1
825,1214,1
222,1407,1
222,1208,1
825,1219,1
222,1120,1
825,1228,1
222,1119,1
825,1231,1
825,1233,1
825,1234,1
222,1116,1
825,1236,1
825,1237,1
825,1238,1
825,1239,1
825,1191,1
222,1463,1
222,1115,1
825,1188,1
824,1981,1
223,262,1
825,169,1
825,170,1
825,198,1
825,336,1
223,204,1
223,34,1
222,1899,1
825,845,1
825,1049,1
825,1050,1
825,1051,1
825,1174,1
825,1175,1
825,1177,1
825,1180,1
825,1181,1
825,1183,1
825,1184,1
825,1185,1
825,1186,1
222,1496,1
825,1240,1
825,1242,1
826,1231,1
826,1052,1
826,1174,1
826,1176,1
826,1179,1
826,1180,1
826,1182,1
222,170,1
826,1186,1
826,1188,1
222,164,1
222,123,1
826,1193,1
826,1195,1
826,1198,1
826,1200,1
826,1201,1
826,1205,1
826,1206,1
826,1208,1
826,1214,1
222,122,1
826,1223,1
222,73,1
826,1230,1
826,1154,1
826,826,1
222,660,1
826,803,1
825,1244,1
825,1245,1
825,1246,1
825,1247,1
825,1250,1
825,1252,1
825,1253,1
825,1259,1
825,1261,1
825,1371,1
825,1373,1
825,1471,1
825,1691,1
222,576,1
826,57,1
826,197,1
222,509,1
222,507,1
222,505,1
826,335,1
826,445,1
826,575,1
826,694,1
834,1249,1
218,17,1
834,1254,1
843,1942,1
843,1265,1
843,1267,1
843,1269,1
843,1271,1
843,1276,1
213,138,1
843,1473,1
843,1545,1
843,1558,1
843,1628,1
843,1674,1
213,129,1
845,1186,1
844,401,1
844,550,1
844,860,1
844,1002,1
844,1133,1
844,1152,1
844,1177,1
844,1178,1
844,1179,1
844,1180,1
844,1183,1
213,291,1
843,1263,1
843,1261,1
843,1260,1
843,1210,1
843,1211,1
843,1222,1
843,1223,1
843,1226,1
213,560,1
843,1229,1
843,1230,1
843,1234,1
843,1235,1
843,1236,1
843,1239,1
843,1241,1
843,1242,1
843,1243,1
843,1245,1
843,1246,1
843,1247,1
843,1250,1
843,1251,1
213,508,1
843,1256,1
843,1257,1
844,1184,1
844,1195,1
844,1202,1
844,1270,1
844,1371,1
844,1372,1
844,1492,1
844,1541,1
844,1549,1
844,1551,1
844,1627,1
844,1740,1
844,1741,1
844,1742,1
844,1851,1
844,1967,1
845,399,1
845,622,1
845,761,1
845,986,1
845,1017,1
845,1169,1
845,1178,1
845,1179,1
845,1180,1
212,1541,1
212,1530,1
844,1278,1
844,1266,1
844,1207,1
844,1264,1
844,1214,1
844,1219,1
844,1220,1
844,1224,1
844,1226,1
844,1229,1
844,1233,1
844,1234,1
844,1237,1
844,1238,1
212,1986,1
844,1241,1
844,1244,1
844,1246,1
844,1247,1
212,1984,1
844,1250,1
844,1252,1
212,1709,1
844,1256,1
844,1257,1
844,1258,1
844,1259,1
843,1206,1
843,1198,1
843,1195,1
213,1904,1
842,1047,1
842,1127,1
842,1144,1
842,1150,1
213,1838,1
842,1177,1
842,1179,1
842,1180,1
842,1182,1
842,1184,1
842,1185,1
842,1192,1
842,1196,1
842,1197,1
842,1199,1
842,1204,1
842,1206,1
842,1212,1
842,1215,1
842,1225,1
842,1228,1
842,1229,1
842,1230,1
213,1894,1
213,1910,1
842,1234,1
842,399,1
214,673,1
841,1252,1
841,1253,1
841,1254,1
214,658,1
841,1256,1
841,1257,1
841,1260,1
214,504,1
841,1263,1
214,292,1
214,289,1
841,1273,1
841,1275,1
841,1278,1
841,1340,1
841,1598,1
841,1614,1
841,1622,1
841,1876,1
841,1960,1
841,1980,1
841,1996,1
213,1580,1
842,1236,1
843,1194,1
842,1543,1
842,1554,1
842,1622,1
842,1768,1
842,1877,1
213,891,1
843,401,1
843,402,1
843,621,1
213,878,1
213,742,1
843,1134,1
843,1154,1
843,1177,1
843,1178,1
213,681,1
213,603,1
843,1181,1
843,1182,1
843,1183,1
843,1186,1
843,1187,1
213,562,1
843,1191,1
842,1552,1
842,1495,1
842,1239,1
842,1277,1
842,1240,1
213,1517,1
842,1242,1
842,1243,1
842,1247,1
842,1248,1
842,1249,1
842,1251,1
213,1407,1
213,1341,1
213,1307,1
842,1256,1
842,1257,1
842,1259,1
213,1303,1
213,1282,1
842,1262,1
842,1263,1
213,1097,1
842,1266,1
213,1035,1
842,1270,1
842,1275,1
845,1184,1
845,1188,1
841,1247,1
847,1829,1
847,1254,1
211,1489,1
847,1257,1
847,1258,1
211,1461,1
847,1261,1
847,1266,1
847,1267,1
847,1271,1
847,1350,1
847,1351,1
847,1962,1
845,1190,1
847,1998,1
847,1999,1
848,987,1
211,1460,1
848,1146,1
211,1454,1
848,1178,1
848,1179,1
848,1180,1
848,1181,1
848,1182,1
847,1253,1
211,1549,1
847,1251,1
211,1582,1
211,1789,1
847,717,1
847,1042,1
847,1182,1
847,1183,1
847,1184,1
847,1185,1
847,1186,1
847,1187,1
847,1197,1
847,1204,1
847,1205,1
847,1207,1
847,1209,1
847,1212,1
847,1217,1
847,1225,1
847,1239,1
847,1241,1
847,1242,1
847,1243,1
847,1244,1
847,1249,1
848,1183,1
848,1184,1
848,1185,1
211,1076,1
848,1262,1
848,1264,1
848,1266,1
848,1267,1
211,1075,1
848,1271,1
848,1273,1
848,1278,1
848,1548,1
848,1623,1
848,1683,1
848,1975,1
849,78,1
849,79,1
849,202,1
849,279,1
211,1020,1
211,986,1
849,1018,1
849,1178,1
849,1179,1
849,1180,1
849,1182,1
848,1260,1
848,1258,1
848,1186,1
211,1255,1
211,1448,1
848,1190,1
848,1192,1
211,1407,1
848,1199,1
848,1203,1
848,1213,1
848,1221,1
848,1223,1
848,1224,1
848,1225,1
848,1239,1
211,1340,1
848,1243,1
848,1245,1
848,1249,1
848,1250,1
848,1251,1
211,1317,1
848,1253,1
211,1308,1
848,1255,1
848,1256,1
847,280,1
211,1908,1
846,1961,1
212,1321,1
845,1257,1
845,1258,1
212,1318,1
212,1309,1
845,1265,1
845,1269,1
845,1276,1
212,1173,1
845,1278,1
845,1281,1
845,1362,1
845,1497,1
845,1550,1
845,1578,1
212,1168,1
212,1074,1
212,986,1
845,1626,1
845,1650,1
845,1733,1
845,1948,1
845,1967,1
212,905,1
845,1256,1
845,1254,1
846,807,1
212,1381,1
845,1193,1
845,1196,1
845,1198,1
845,1199,1
845,1200,1
845,1201,1
845,1205,1
845,1207,1
845,1212,1
845,1223,1
845,1227,1
845,1229,1
845,1232,1
845,1242,1
845,1243,1
212,1437,1
845,1245,1
845,1246,1
212,1394,1
845,1249,1
845,1250,1
845,1251,1
845,1252,1
212,879,1
846,825,1
846,1960,1
212,333,1
846,1244,1
846,1245,1
846,1248,1
846,1249,1
846,1251,1
846,1252,1
212,130,1
846,1255,1
211,1985,1
846,1257,1
846,1258,1
211,1935,1
846,1260,1
846,1263,1
846,1272,1
846,1275,1
846,1277,1
846,1285,1
846,1297,1
846,1470,1
846,1551,1
846,1650,1
846,1811,1
846,1243,1
846,1241,1
846,886,1
846,1240,1
846,950,1
846,1169,1
212,679,1
846,1179,1
846,1180,1
212,498,1
846,1183,1
846,1184,1
846,1185,1
846,1186,1
846,1187,1
846,1196,1
846,1199,1
846,1200,1
846,1203,1
846,1206,1
846,1208,1
846,1209,1
846,1211,1
212,467,1
846,1224,1
846,1226,1
846,1232,1
841,1248,1
841,1246,1
834,1256,1
216,1843,1
837,794,1
837,795,1
837,1040,1
837,1041,1
837,1054,1
837,1174,1
837,1176,1
216,1851,1
837,1179,1
837,1180,1
837,1181,1
837,1186,1
216,1251,1
837,1187,1
837,1188,1
837,1189,1
837,1193,1
837,1194,1
216,1630,1
837,1199,1
837,1201,1
837,1202,1
837,1206,1
837,1207,1
836,1996,1
836,1995,1
836,1994,1
216,1889,1
836,1232,1
836,1233,1
836,1234,1
217,459,1
217,322,1
836,1242,1
836,1243,1
836,1244,1
217,30,1
836,1251,1
836,1252,1
836,1253,1
836,1254,1
836,1257,1
836,1259,1
836,1260,1
216,1930,1
836,1262,1
836,1386,1
836,1397,1
836,1545,1
216,1890,1
836,1982,1
837,1208,1
837,1211,1
216,1578,1
837,1344,1
837,1385,1
837,1549,1
837,1690,1
837,1740,1
837,1968,1
837,1982,1
837,1986,1
838,509,1
838,585,1
216,1450,1
838,1038,1
216,1407,1
838,1176,1
838,1177,1
838,1178,1
838,1181,1
838,1182,1
216,1403,1
838,1184,1
838,1185,1
216,1313,1
838,1187,1
216,1260,1
837,1364,1
837,1342,1
837,1216,1
837,1273,1
216,1521,1
837,1227,1
837,1228,1
837,1230,1
837,1231,1
837,1232,1
837,1233,1
837,1236,1
837,1238,1
837,1239,1
837,1240,1
837,1241,1
837,1243,1
837,1245,1
837,1246,1
837,1251,1
837,1252,1
837,1255,1
837,1257,1
216,1464,1
837,1264,1
837,1266,1
837,1267,1
217,507,1
836,1229,1
217,577,1
835,1058,1
835,1174,1
835,1176,1
835,1178,1
835,1179,1
835,1180,1
835,1181,1
835,1182,1
835,1183,1
835,1185,1
835,1186,1
217,1538,1
835,1188,1
835,1193,1
835,1196,1
835,1198,1
835,1204,1
835,1209,1
217,1464,1
835,1212,1
835,1218,1
835,1220,1
835,1226,1
835,1227,1
835,1059,1
835,1057,1
217,1463,1
835,1056,1
834,1258,1
834,1268,1
834,1274,1
834,1334,1
834,1369,1
217,1893,1
834,1470,1
834,1480,1
834,1486,1
834,1545,1
834,1825,1
834,1974,1
217,1756,1
834,1993,1
217,1702,1
834,1996,1
835,93,1
835,1013,1
835,1038,1
835,1041,1
835,1046,1
835,1047,1
835,1055,1
835,1228,1
835,1233,1
836,1214,1
835,1639,1
835,1994,1
835,1995,1
836,1038,1
836,1039,1
217,739,1
836,1045,1
836,1058,1
836,1074,1
836,1174,1
217,677,1
836,1176,1
836,1180,1
836,1182,1
836,1184,1
836,1185,1
836,1188,1
836,1189,1
836,1191,1
836,1198,1
836,1199,1
836,1203,1
836,1209,1
836,1211,1
835,1741,1
835,1635,1
835,1234,1
835,1545,1
835,1237,1
217,1407,1
835,1240,1
835,1241,1
835,1243,1
835,1245,1
835,1246,1
835,1248,1
835,1250,1
217,1261,1
217,1054,1
835,1257,1
217,890,1
217,858,1
835,1266,1
835,1267,1
217,742,1
217,740,1
835,1365,1
835,1386,1
835,1397,1
835,1426,1
835,1433,1
838,1197,1
838,1199,1
841,1245,1
214,1960,1
840,1241,1
215,459,1
215,290,1
840,1247,1
840,1249,1
840,1251,1
840,1252,1
215,215,1
840,1254,1
840,1256,1
215,94,1
214,1932,1
838,1206,1
214,1869,1
214,1624,1
840,1265,1
214,1437,1
214,1407,1
840,1269,1
840,1271,1
840,1272,1
214,1345,1
840,1371,1
840,1372,1
840,1239,1
215,504,1
840,1236,1
215,682,1
215,1139,1
840,1036,1
840,1040,1
840,1169,1
840,1175,1
215,717,1
840,1177,1
840,1178,1
840,1179,1
840,1180,1
840,1184,1
840,1185,1
840,1187,1
840,1188,1
840,1189,1
840,1192,1
840,1194,1
840,1196,1
840,1199,1
840,1207,1
840,1208,1
840,1212,1
840,1234,1
840,1552,1
840,1553,1
840,1660,1
841,1190,1
841,1196,1
214,957,1
841,1201,1
841,1204,1
841,1205,1
841,1207,1
841,1215,1
841,1222,1
841,1224,1
841,1225,1
841,1226,1
841,1227,1
841,1228,1
841,1231,1
841,1232,1
214,683,1
841,1238,1
841,1239,1
841,1240,1
841,1241,1
841,1242,1
841,1243,1
841,1244,1
841,1192,1
841,1189,1
840,1870,1
841,1188,1
214,1313,1
840,1968,1
840,1977,1
840,1995,1
214,1255,1
214,1243,1
841,339,1
841,402,1
841,701,1
841,872,1
214,1240,1
841,895,1
841,1017,1
841,1050,1
214,1140,1
841,1150,1
841,1174,1
841,1177,1
841,1178,1
841,1181,1
841,1182,1
841,1183,1
841,1187,1
215,1212,1
215,1314,1
840,858,1
838,1261,1
216,737,1
216,660,1
216,616,1
838,1269,1
838,1309,1
838,1364,1
216,577,1
216,560,1
216,558,1
838,1482,1
838,1527,1
838,1742,1
838,1827,1
838,1968,1
216,506,1
839,1052,1
839,1053,1
839,1174,1
839,1175,1
839,1176,1
839,1177,1
839,1178,1
839,1180,1
838,1264,1
838,1259,1
839,1183,1
216,795,1
838,1212,1
838,1213,1
838,1214,1
838,1215,1
838,1219,1
216,1229,1
838,1228,1
838,1231,1
838,1232,1
838,1234,1
838,1235,1
838,1236,1
838,1237,1
838,1240,1
838,1243,1
838,1244,1
838,1246,1
838,1247,1
838,1250,1
838,1252,1
838,1253,1
216,1168,1
216,1008,1
839,1182,1
839,1184,1
840,768,1
839,1247,1
215,1695,1
839,1254,1
839,1255,1
839,1256,1
839,1257,1
839,1258,1
839,1263,1
839,1270,1
839,1277,1
839,1278,1
839,1283,1
839,1309,1
839,1553,1
839,1600,1
839,1619,1
839,1968,1
839,1994,1
840,27,1
840,280,1
215,1445,1
840,565,1
215,1442,1
215,1429,1
839,1249,1
839,1245,1
216,491,1
839,1244,1
839,1186,1
216,463,1
839,1191,1
839,1193,1
839,1195,1
839,1198,1
839,1201,1
839,1205,1
839,1208,1
839,1211,1
216,397,1
839,1218,1
839,1219,1
839,1225,1
839,1228,1
216,233,1
839,1232,1
839,1233,1
839,1234,1
215,1937,1
215,1797,1
839,1240,1
839,1242,1
822,6,1
821,1473,1
1007,621,1
240,1463,1
802,1174,1
802,1175,1
241,7,1
802,1178,1
802,1180,1
802,1181,1
802,1183,1
240,1933,1
802,1186,1
802,1190,1
802,1191,1
240,1455,1
801,1217,1
240,1346,1
802,1200,1
240,1262,1
802,1203,1
802,1205,1
240,1261,1
802,1208,1
802,1211,1
802,1213,1
240,1192,1
240,1118,1
802,1171,1
802,1169,1
802,1155,1
241,117,1
801,1222,1
241,523,1
241,343,1
801,1230,1
241,307,1
801,1243,1
801,1252,1
241,306,1
241,305,1
801,1375,1
801,1376,1
801,1443,1
801,1463,1
801,1465,1
801,1516,1
241,301,1
801,1848,1
801,1901,1
801,1965,1
801,1987,1
802,144,1
241,256,1
241,146,1
802,1230,1
802,1236,1
802,1238,1
240,75,1
803,1192,1
803,1193,1
803,1196,1
803,1197,1
803,1199,1
803,1200,1
803,1201,1
803,1203,1
803,1208,1
803,1209,1
803,1210,1
803,1213,1
803,1215,1
803,1219,1
240,18,1
803,1231,1
239,1902,1
803,1240,1
803,1241,1
803,1242,1
803,1243,1
803,1244,1
803,1245,1
803,1191,1
803,1187,1
802,1241,1
803,1186,1
240,770,1
240,769,1
240,684,1
802,1292,1
802,1342,1
240,683,1
802,1477,1
802,1502,1
802,1652,1
802,1898,1
802,1995,1
803,167,1
240,149,1
803,617,1
803,798,1
803,808,1
803,1114,1
803,1176,1
803,1177,1
803,1178,1
803,1180,1
240,146,1
803,1184,1
801,1218,1
801,1214,1
821,1377,1
242,787,1
242,1227,1
799,1901,1
799,1922,1
799,1923,1
799,1973,1
799,1976,1
800,41,1
800,297,1
800,555,1
242,1161,1
242,790,1
800,591,1
801,1213,1
242,774,1
800,1177,1
800,1180,1
242,336,1
800,1184,1
800,1185,1
800,1189,1
800,1191,1
800,1193,1
800,1195,1
800,1199,1
242,1461,1
799,1875,1
799,1873,1
242,1651,1
799,1191,1
243,593,1
799,1198,1
243,305,1
799,1200,1
799,1201,1
799,1202,1
799,1204,1
799,1205,1
799,1208,1
799,1209,1
243,300,1
799,1229,1
243,195,1
243,156,1
799,1470,1
243,154,1
243,70,1
799,1684,1
243,11,1
243,0,1
799,1857,1
242,1899,1
800,1202,1
242,193,1
800,1206,1
801,6,1
241,1290,1
241,1248,1
241,1160,1
801,1169,1
801,1172,1
801,1175,1
801,1176,1
801,1178,1
801,1179,1
801,1180,1
801,1182,1
801,1183,1
801,1185,1
801,1187,1
801,1191,1
801,1193,1
801,1197,1
801,1198,1
801,1199,1
801,1201,1
801,1203,1
801,1204,1
801,1210,1
801,208,1
800,1921,1
800,1207,1
800,1901,1
800,1208,1
800,1209,1
242,192,1
242,155,1
242,150,1
242,148,1
242,147,1
242,1,1
241,1934,1
800,1241,1
800,1250,1
800,1261,1
800,1374,1
800,1482,1
800,1596,1
800,1688,1
800,1814,1
800,1862,1
800,1871,1
800,1875,1
241,1729,1
241,1607,1
800,1890,1
239,1810,1
239,1745,1
803,1396,1
806,1262,1
806,1219,1
236,1922,1
806,1237,1
806,1238,1
806,1239,1
806,1240,1
806,1242,1
806,1244,1
806,1245,1
806,1246,1
236,1742,1
236,1585,1
803,1792,1
806,1269,1
806,1303,1
806,1306,1
806,1440,1
806,1441,1
806,1442,1
806,1445,1
806,1519,1
806,1541,1
806,1992,1
807,670,1
806,1217,1
806,1216,1
806,1212,1
806,1209,1
806,675,1
806,767,1
237,575,1
237,444,1
806,1172,1
806,1174,1
806,1178,1
806,1179,1
806,1180,1
806,1181,1
806,1184,1
237,174,1
237,147,1
806,1190,1
806,1191,1
806,1195,1
806,1196,1
806,1198,1
237,142,1
806,1201,1
806,1203,1
806,1205,1
237,65,1
807,798,1
807,817,1
807,1136,1
807,1243,1
807,1247,1
807,1305,1
807,1440,1
807,1441,1
807,1442,1
807,1464,1
807,1519,1
807,1526,1
807,1542,1
807,1627,1
807,1663,1
807,1693,1
236,1307,1
236,1305,1
807,1846,1
807,1866,1
236,1281,1
807,1892,1
807,1965,1
807,1985,1
807,1991,1
808,567,1
808,695,1
807,1246,1
807,1241,1
807,1173,1
807,1240,1
807,1177,1
807,1178,1
807,1179,1
236,1464,1
807,1196,1
807,1197,1
807,1198,1
807,1199,1
807,1200,1
807,1201,1
807,1202,1
807,1203,1
807,1204,1
807,1205,1
807,1208,1
236,1394,1
236,1385,1
807,1219,1
807,1224,1
807,1236,1
807,1237,1
807,1238,1
236,1313,1
806,589,1
237,662,1
237,1072,1
804,1198,1
238,1966,1
804,1203,1
804,1204,1
238,1953,1
804,1209,1
804,1212,1
238,1940,1
804,1215,1
804,1216,1
804,1219,1
804,1220,1
804,1223,1
238,1782,1
238,1286,1
804,1236,1
238,1118,1
804,1241,1
804,1243,1
804,1244,1
804,1245,1
804,1246,1
238,459,1
238,440,1
239,13,1
804,1196,1
804,1272,1
804,1195,1
803,1793,1
803,1794,1
239,1463,1
239,1118,1
803,1990,1
804,6,1
804,53,1
239,790,1
804,353,1
239,739,1
239,522,1
804,1175,1
239,445,1
804,1177,1
239,306,1
804,1180,1
804,1181,1
804,1182,1
239,300,1
804,1185,1
239,147,1
804,1192,1
804,1194,1
238,368,1
804,1393,1
237,1118,1
805,1205,1
805,1208,1
805,1209,1
237,1951,1
237,1732,1
237,1731,1
805,1238,1
237,1376,1
805,1241,1
805,1242,1
237,1350,1
237,1327,1
805,1245,1
805,1247,1
805,1248,1
805,1262,1
805,1376,1
805,1484,1
805,1519,1
805,1541,1
805,1655,1
805,1698,1
805,1808,1
805,1903,1
805,1206,1
805,1204,1
804,1478,1
805,1202,1
804,1588,1
805,5,1
805,189,1
805,586,1
238,306,1
238,305,1
805,1174,1
805,1175,1
805,1178,1
805,1180,1
805,1181,1
805,1182,1
805,1184,1
805,1186,1
805,1189,1
238,65,1
805,1191,1
805,1193,1
805,1195,1
805,1197,1
805,1199,1
238,8,1
237,1952,1
799,1190,1
799,1188,1
799,1186,1
247,1376,1
792,1735,1
792,1781,1
792,1808,1
792,1809,1
792,1821,1
247,1378,1
792,1870,1
792,1871,1
792,1872,1
792,1873,1
793,194,1
247,1266,1
794,1199,1
793,940,1
793,1101,1
793,1175,1
793,1177,1
793,1179,1
793,1180,1
793,1181,1
793,1182,1
247,1263,1
793,1188,1
793,1189,1
792,1454,1
792,1295,1
792,1293,1
792,1282,1
247,1962,1
792,1106,1
792,1143,1
247,1918,1
792,1176,1
792,1179,1
792,1186,1
792,1187,1
792,1188,1
792,1190,1
792,1192,1
792,1193,1
247,1464,1
792,1197,1
792,1201,1
792,1202,1
792,1208,1
792,1213,1
792,1214,1
792,1220,1
792,1257,1
247,1463,1
792,1275,1
793,1190,1
247,1228,1
793,1194,1
793,1808,1
793,1871,1
793,1994,1
794,359,1
794,501,1
247,566,1
247,565,1
794,700,1
794,756,1
794,762,1
247,495,1
794,954,1
794,1090,1
794,1104,1
794,1176,1
246,1969,1
794,1181,1
794,1184,1
794,1186,1
794,1189,1
794,1191,1
246,1964,1
794,1193,1
794,1194,1
793,1867,1
793,1787,1
793,1196,1
793,1781,1
793,1201,1
793,1203,1
793,1204,1
793,1206,1
793,1207,1
247,1192,1
793,1216,1
793,1217,1
793,1220,1
793,1222,1
793,1231,1
247,1175,1
793,1247,1
247,1123,1
247,940,1
247,755,1
793,1298,1
793,1377,1
793,1404,1
793,1478,1
247,598,1
247,591,1
793,1766,1
247,1963,1
248,494,1
792,502,1
789,1549,1
789,1597,1
789,1686,1
789,1739,1
248,1926,1
248,1920,1
789,1874,1
789,1978,1
248,1465,1
790,757,1
248,1460,1
790,867,1
790,918,1
790,991,1
790,1018,1
790,1107,1
790,1181,1
790,1182,1
790,1183,1
790,1184,1
790,1185,1
790,1186,1
248,1336,1
790,1191,1
248,1931,1
789,1418,1
790,1193,1
789,1395,1
789,1183,1
789,1184,1
789,1186,1
789,1188,1
789,1189,1
789,1190,1
789,1194,1
789,1195,1
789,1196,1
789,1198,1
789,1204,1
789,1206,1
789,1207,1
789,1208,1
789,1209,1
789,1212,1
789,1214,1
789,1215,1
248,1938,1
789,1230,1
789,1302,1
789,1307,1
789,1377,1
790,1192,1
790,1199,1
248,504,1
791,1190,1
791,1192,1
791,1193,1
791,1194,1
791,1202,1
791,1203,1
791,1204,1
248,938,1
791,1208,1
791,1209,1
791,1212,1
791,1214,1
791,1217,1
791,1218,1
791,1223,1
248,774,1
791,1377,1
791,1483,1
248,678,1
791,1871,1
791,1873,1
248,600,1
248,567,1
248,566,1
791,1191,1
791,1189,1
790,1200,1
791,1187,1
790,1201,1
790,1202,1
790,1208,1
790,1211,1
248,1268,1
790,1216,1
790,1261,1
790,1264,1
248,1261,1
248,1205,1
790,1377,1
248,1161,1
790,1490,1
790,1874,1
791,151,1
791,152,1
791,198,1
791,204,1
791,569,1
791,913,1
791,1179,1
791,1181,1
791,1184,1
794,1197,1
246,1926,1
799,1185,1
797,1859,1
244,1159,1
244,989,1
797,1298,1
797,1448,1
797,1449,1
797,1450,1
797,1471,1
797,1474,1
244,986,1
797,1483,1
797,1784,1
797,1875,1
794,1203,1
797,1876,1
797,1976,1
797,1989,1
244,767,1
798,1153,1
798,1171,1
798,1173,1
798,1174,1
798,1175,1
244,754,1
798,1178,1
797,1254,1
244,1227,1
244,1348,1
244,1463,1
797,1077,1
797,1174,1
797,1175,1
797,1177,1
244,1908,1
797,1179,1
797,1181,1
797,1183,1
244,1902,1
797,1189,1
797,1191,1
797,1194,1
797,1197,1
797,1199,1
797,1202,1
797,1203,1
797,1204,1
797,1205,1
797,1206,1
797,1208,1
244,1480,1
797,1212,1
797,1214,1
798,1179,1
798,1182,1
798,1184,1
243,1544,1
798,1815,1
798,1822,1
798,1844,1
243,1346,1
798,1871,1
243,1241,1
798,1996,1
243,1233,1
799,139,1
799,192,1
243,1224,1
799,1004,1
799,1164,1
243,1151,1
243,985,1
799,1171,1
799,1175,1
243,771,1
799,1177,1
799,1178,1
799,1181,1
799,1183,1
799,1184,1
798,1782,1
798,1481,1
798,1185,1
798,1444,1
244,479,1
798,1194,1
798,1196,1
798,1197,1
798,1198,1
798,1201,1
798,1202,1
798,1204,1
798,1208,1
244,157,1
798,1211,1
798,1215,1
798,1216,1
244,156,1
798,1226,1
798,1227,1
798,1228,1
798,1241,1
798,1251,1
243,1902,1
243,1899,1
798,1288,1
798,1385,1
244,1926,1
797,204,1
796,1991,1
795,1183,1
795,1191,1
795,1193,1
795,1194,1
795,1195,1
795,1197,1
795,1199,1
795,1200,1
795,1201,1
795,1202,1
795,1204,1
245,1464,1
245,1463,1
795,1210,1
795,1211,1
795,1213,1
245,1453,1
245,1444,1
245,1407,1
795,1377,1
795,1391,1
795,1453,1
795,1477,1
795,1736,1
795,1189,1
795,1180,1
795,1832,1
795,1178,1
794,1205,1
246,1902,1
246,1890,1
794,1211,1
794,1219,1
794,1226,1
246,597,1
246,475,1
246,5,1
245,1959,1
794,1464,1
794,1479,1
794,1480,1
794,1736,1
794,1957,1
794,1974,1
794,1975,1
794,1976,1
794,1988,1
794,1995,1
245,1955,1
245,1890,1
795,1177,1
795,1805,1
245,1161,1
796,1976,1
245,158,1
245,157,1
796,1298,1
245,156,1
796,1443,1
796,1448,1
796,1449,1
796,1471,1
796,1480,1
796,1483,1
796,1552,1
796,1687,1
796,1699,1
796,1737,1
796,1801,1
796,1815,1
796,1830,1
796,1835,1
796,1865,1
796,1873,1
796,1894,1
796,1910,1
796,1917,1
796,1973,1
796,1251,1
245,525,1
795,1901,1
796,1220,1
795,1918,1
795,1965,1
796,202,1
245,1074,1
245,1010,1
796,1174,1
796,1175,1
796,1178,1
796,1179,1
245,986,1
796,1182,1
796,1184,1
796,1185,1
796,1188,1
796,1190,1
796,1197,1
796,1201,1
796,1202,1
245,895,1
796,1206,1
245,894,1
796,1210,1
245,527,1
808,796,1
808,797,1
808,807,1
817,1233,1
817,1204,1
817,1205,1
817,1207,1
228,1951,1
817,1210,1
817,1211,1
817,1215,1
817,1218,1
817,1220,1
817,1221,1
817,1231,1
817,1236,1
818,1238,1
817,1238,1
817,1240,1
228,1577,1
817,1242,1
817,1243,1
817,1245,1
817,1247,1
817,1248,1
817,1275,1
817,1300,1
817,1304,1
229,25,1
817,1201,1
817,1196,1
817,1192,1
817,31,1
229,1367,1
817,335,1
229,1347,1
229,1248,1
817,518,1
817,519,1
229,1174,1
817,677,1
229,1155,1
229,862,1
817,1170,1
817,1174,1
817,1175,1
817,1178,1
817,1180,1
229,599,1
817,1182,1
229,591,1
817,1186,1
817,1187,1
229,89,1
817,1190,1
817,1474,1
228,1463,1
228,1427,1
818,1189,1
818,1193,1
227,1954,1
227,1902,1
818,1199,1
818,1201,1
227,1901,1
818,1204,1
818,1205,1
818,1208,1
818,1210,1
818,1211,1
818,1212,1
227,1618,1
818,1216,1
818,1219,1
818,1220,1
818,1222,1
227,1463,1
227,1455,1
818,1232,1
818,1233,1
227,1165,1
818,1235,1
228,359,1
818,1188,1
228,1264,1
818,1187,1
817,1680,1
228,1100,1
817,1750,1
817,1964,1
817,1991,1
817,1992,1
818,18,1
818,189,1
228,695,1
228,566,1
818,591,1
228,486,1
228,406,1
818,1174,1
818,1176,1
818,1177,1
818,1178,1
818,1179,1
818,1180,1
818,1181,1
818,1183,1
228,362,1
818,1185,1
817,19,1
816,1974,1
816,1966,1
815,1252,1
815,1261,1
815,1368,1
815,1675,1
815,1678,1
815,1681,1
230,1830,1
815,1777,1
815,1966,1
816,52,1
816,155,1
816,276,1
816,352,1
816,478,1
230,1673,1
816,798,1
816,911,1
230,1647,1
816,1142,1
816,1143,1
816,1169,1
816,1178,1
816,1181,1
816,1182,1
815,1254,1
815,1248,1
230,1463,1
815,1246,1
815,1203,1
815,1205,1
815,1206,1
815,1208,1
815,1211,1
815,1212,1
815,1213,1
231,187,1
815,1216,1
815,1217,1
815,1221,1
815,1224,1
231,157,1
231,67,1
231,65,1
815,1235,1
815,1237,1
815,1238,1
815,1239,1
230,1957,1
815,1241,1
815,1242,1
815,1245,1
816,1183,1
816,1186,1
816,1805,1
230,269,1
230,182,1
816,1242,1
816,1243,1
230,156,1
816,1245,1
230,64,1
816,1247,1
230,32,1
816,1250,1
816,1251,1
816,1252,1
816,1256,1
816,1268,1
816,1271,1
816,1273,1
816,1283,1
816,1299,1
816,1368,1
229,1915,1
229,1463,1
816,1694,1
816,1698,1
816,1734,1
230,188,1
816,1238,1
816,1189,1
230,419,1
816,1190,1
816,1194,1
816,1195,1
816,1198,1
230,1313,1
816,1205,1
816,1206,1
816,1207,1
816,1208,1
816,1211,1
230,862,1
816,1213,1
816,1215,1
230,777,1
816,1219,1
816,1220,1
230,732,1
816,1231,1
816,1232,1
816,1233,1
816,1234,1
816,1235,1
816,1236,1
227,1116,1
818,1240,1
815,1200,1
821,118,1
820,1254,1
820,1255,1
820,1299,1
226,54,1
820,1376,1
820,1454,1
225,1968,1
820,1680,1
820,1913,1
820,1964,1
821,2,1
821,188,1
818,1241,1
821,334,1
225,1938,1
821,342,1
821,452,1
821,484,1
821,800,1
225,1795,1
821,903,1
821,904,1
821,1125,1
821,1143,1
226,131,1
820,1250,1
820,1249,1
226,180,1
820,1211,1
820,1213,1
226,577,1
820,1217,1
820,1219,1
820,1225,1
820,1230,1
820,1231,1
820,1232,1
820,1234,1
820,1235,1
820,1236,1
820,1237,1
820,1238,1
820,1239,1
226,564,1
820,1241,1
820,1242,1
820,1243,1
820,1244,1
820,1245,1
226,450,1
226,266,1
821,1162,1
225,1463,1
821,1176,1
821,1232,1
821,1234,1
225,566,1
821,1236,1
821,1237,1
821,1238,1
821,1239,1
821,1240,1
225,551,1
821,1242,1
821,1243,1
225,549,1
821,1245,1
821,1246,1
821,1247,1
821,1248,1
821,1249,1
821,1250,1
821,1252,1
821,1253,1
821,1254,1
821,1256,1
225,548,1
821,1299,1
821,1233,1
821,1231,1
821,1178,1
821,1222,1
821,1179,1
821,1180,1
225,1356,1
821,1182,1
821,1183,1
225,1342,1
225,1322,1
225,1168,1
821,1188,1
225,1167,1
821,1190,1
821,1195,1
821,1198,1
821,1200,1
821,1201,1
821,1202,1
821,1205,1
821,1206,1
821,1210,1
225,978,1
821,1215,1
821,1217,1
821,1221,1
820,1210,1
226,1061,1
226,1179,1
819,1176,1
819,1179,1
819,1180,1
819,1181,1
819,1185,1
819,1186,1
819,1187,1
819,1188,1
819,1192,1
819,1193,1
819,1198,1
819,1199,1
819,1202,1
819,1203,1
819,1205,1
819,1208,1
819,1211,1
819,1214,1
819,1218,1
819,1219,1
819,1220,1
819,1231,1
819,1232,1
819,1233,1
819,1178,1
819,1175,1
226,1482,1
819,1173,1
227,408,1
818,1243,1
818,1245,1
818,1246,1
818,1247,1
818,1248,1
818,1249,1
818,1250,1
227,359,1
818,1252,1
818,1253,1
818,1255,1
818,1256,1
818,1258,1
227,117,1
818,1717,1
818,1850,1
818,1916,1
818,1917,1
818,1992,1
819,519,1
227,25,1
819,1090,1
819,1235,1
819,1237,1
820,1206,1
820,292,1
820,798,1
820,870,1
226,1264,1
226,1249,1
820,1175,1
820,1176,1
820,1177,1
820,1178,1
820,1181,1
820,1184,1
820,1186,1
226,1225,1
820,1188,1
820,1189,1
820,1190,1
820,1193,1
820,1195,1
820,1197,1
820,1199,1
820,1201,1
820,1202,1
226,1206,1
820,1205,1
820,381,1
820,198,1
819,1238,1
820,109,1
819,1239,1
819,1240,1
226,1464,1
819,1242,1
819,1243,1
819,1244,1
819,1245,1
226,1463,1
819,1249,1
819,1250,1
819,1251,1
819,1252,1
226,1444,1
819,1254,1
819,1256,1
819,1258,1
819,1304,1
819,1306,1
819,1340,1
819,1677,1
819,1896,1
226,1399,1
819,1902,1
815,1202,1
815,1199,1
236,1253,1
810,1246,1
235,63,1
235,0,1
810,1226,1
234,1907,1
810,1235,1
810,1237,1
810,1238,1
234,1416,1
234,1409,1
810,1242,1
810,1243,1
810,1247,1
811,1780,1
810,1250,1
234,1338,1
234,1311,1
810,1274,1
810,1474,1
810,1542,1
234,1310,1
810,1701,1
810,1704,1
810,1777,1
234,1125,1
810,1218,1
810,1216,1
810,1213,1
810,1212,1
235,599,1
235,401,1
809,1972,1
809,1986,1
810,3,1
810,117,1
810,630,1
810,800,1
810,816,1
810,1140,1
810,1170,1
810,1175,1
235,145,1
810,1188,1
810,1190,1
810,1193,1
810,1196,1
810,1197,1
235,143,1
810,1200,1
235,142,1
810,1203,1
810,1208,1
234,1124,1
234,1123,1
810,1948,1
811,1207,1
234,617,1
811,1214,1
811,1215,1
811,1217,1
811,1225,1
234,332,1
811,1235,1
811,1236,1
811,1237,1
811,1238,1
811,1239,1
811,1240,1
234,319,1
811,1242,1
811,1243,1
811,1244,1
811,1247,1
811,1360,1
811,1375,1
234,143,1
811,1488,1
811,1540,1
811,1684,1
811,1208,1
811,1206,1
810,1978,1
811,1205,1
811,3,1
811,190,1
811,617,1
811,817,1
811,821,1
234,1024,1
811,1172,1
234,953,1
811,1176,1
811,1177,1
811,1178,1
811,1179,1
811,1181,1
811,1184,1
811,1190,1
811,1191,1
811,1192,1
811,1194,1
811,1197,1
811,1198,1
811,1199,1
811,1201,1
234,758,1
809,1796,1
809,1782,1
809,1778,1
808,1216,1
808,1222,1
236,321,1
808,1236,1
808,1237,1
808,1239,1
236,170,1
808,1241,1
808,1242,1
808,1243,1
808,1245,1
808,1247,1
808,1248,1
236,166,1
236,153,1
236,144,1
808,1441,1
808,1525,1
808,1542,1
236,64,1
808,1709,1
808,1715,1
808,1778,1
808,1802,1
808,1218,1
808,1214,1
236,63,1
236,365,1
236,1211,1
808,1169,1
808,1174,1
808,1176,1
808,1179,1
808,1180,1
808,1181,1
808,1182,1
808,1184,1
808,1190,1
808,1194,1
808,1195,1
808,1196,1
236,1094,1
808,1199,1
236,968,1
236,890,1
236,762,1
236,444,1
808,1208,1
808,1209,1
808,1211,1
808,1212,1
808,1853,1
808,1985,1
809,1743,1
809,1203,1
809,1205,1
809,1206,1
809,1215,1
809,1221,1
235,683,1
235,606,1
809,1236,1
809,1237,1
809,1238,1
809,1239,1
809,1240,1
809,1241,1
809,1242,1
809,1243,1
809,1244,1
809,1247,1
809,1249,1
809,1250,1
809,1258,1
809,1339,1
809,1445,1
809,1542,1
809,1607,1
809,1204,1
809,1201,1
809,189,1
809,1200,1
235,1966,1
809,873,1
235,1464,1
809,892,1
809,931,1
235,1463,1
235,1407,1
809,1141,1
809,1173,1
809,1174,1
809,1175,1
809,1176,1
809,1177,1
809,1179,1
809,1180,1
235,1307,1
809,1183,1
809,1184,1
235,1306,1
235,1305,1
809,1194,1
235,810,1
809,1199,1
811,1779,1
811,1795,1
815,1198,1
814,1188,1
814,844,1
814,863,1
814,1175,1
814,1176,1
814,1177,1
814,1178,1
814,1179,1
814,1180,1
814,1184,1
814,1186,1
814,1187,1
814,1190,1
234,142,1
814,1191,1
231,1986,1
231,1894,1
231,1662,1
814,1199,1
814,1205,1
814,1207,1
814,1210,1
814,1211,1
231,1474,1
814,1215,1
232,144,1
814,554,1
232,718,1
814,189,1
813,1246,1
813,1249,1
813,1250,1
813,1254,1
232,1313,1
232,1264,1
813,1340,1
813,1373,1
232,1263,1
813,1581,1
232,1262,1
232,1242,1
232,1174,1
813,1730,1
813,1731,1
813,1846,1
813,1851,1
232,1127,1
813,1986,1
814,7,1
814,48,1
232,1125,1
814,144,1
231,1468,1
814,1220,1
231,1446,1
815,7,1
231,1169,1
815,478,1
815,587,1
815,798,1
231,805,1
815,856,1
815,992,1
815,1170,1
815,1174,1
815,1175,1
815,1176,1
231,660,1
815,1180,1
815,1181,1
231,255,1
815,1184,1
815,1188,1
231,230,1
231,188,1
815,1191,1
815,1192,1
815,1193,1
815,1195,1
815,40,1
815,6,1
814,1223,1
814,1748,1
231,1359,1
231,1350,1
814,1233,1
814,1234,1
814,1235,1
814,1236,1
814,1237,1
231,1311,1
231,1259,1
814,1241,1
814,1242,1
814,1243,1
814,1245,1
814,1246,1
814,1247,1
231,1258,1
814,1249,1
231,1216,1
814,1273,1
231,1175,1
814,1373,1
814,1390,1
814,1600,1
232,1349,1
813,1243,1
813,1242,1
812,1198,1
233,1655,1
812,1201,1
812,1202,1
812,1203,1
812,1204,1
233,1608,1
233,1533,1
812,1210,1
812,1213,1
812,1224,1
812,1233,1
233,1311,1
812,1236,1
233,1254,1
233,981,1
812,1239,1
812,1240,1
812,1241,1
812,1242,1
812,1243,1
812,1244,1
812,1245,1
233,795,1
812,1199,1
812,1197,1
812,1249,1
233,1666,1
811,1967,1
812,4,1
812,5,1
812,144,1
812,190,1
812,293,1
812,378,1
812,427,1
233,1988,1
233,1987,1
812,1138,1
812,1164,1
812,1175,1
812,1176,1
233,1986,1
812,1180,1
812,1181,1
233,1919,1
812,1187,1
812,1189,1
812,1190,1
812,1191,1
812,1194,1
812,1248,1
233,209,1
813,1241,1
813,1179,1
813,1187,1
232,1711,1
813,1189,1
232,1595,1
813,1191,1
813,1194,1
813,1195,1
813,1199,1
813,1200,1
232,1559,1
813,1206,1
813,1211,1
813,1212,1
232,1465,1
232,1464,1
813,1231,1
813,1233,1
813,1234,1
232,1463,1
232,1451,1
813,1237,1
813,1239,1
813,1240,1
813,1185,1
813,1177,1
812,1266,1
813,1176,1
233,186,1
812,1374,1
812,1401,1
812,1444,1
812,1636,1
812,1695,1
233,143,1
233,54,1
232,1988,1
812,1874,1
812,1967,1
812,1984,1
813,43,1
813,48,1
813,66,1
813,144,1
813,147,1
813,198,1
813,204,1
813,562,1
813,644,1
813,809,1
813,1133,1
849,1183,1
849,1184,1
849,1185,1
958,1893,1
958,1524,1
958,1576,1
958,1613,1
958,1647,1
958,1671,1
958,1698,1
958,1720,1
958,1830,1
958,1864,1
192,1021,1
958,1892,1
958,1986,1
192,1397,1
959,64,1
192,1020,1
959,502,1
959,504,1
959,516,1
959,850,1
192,786,1
959,979,1
959,1035,1
959,1434,1
959,1556,1
958,1279,1
958,1066,1
958,918,1
958,911,1
957,1021,1
957,1106,1
957,1205,1
957,1403,1
957,1434,1
957,1436,1
957,1671,1
957,1842,1
957,1851,1
957,1876,1
192,1302,1
957,1919,1
957,1978,1
192,1157,1
192,1124,1
958,80,1
958,365,1
958,477,1
192,1112,1
958,504,1
192,1100,1
958,761,1
958,765,1
959,1613,1
959,1631,1
959,1842,1
192,539,1
961,1034,1
961,1039,1
961,1042,1
961,1043,1
961,1108,1
961,1198,1
961,1200,1
961,1215,1
961,1434,1
961,1436,1
961,1516,1
961,1582,1
961,1604,1
961,1688,1
961,1902,1
961,1988,1
961,1998,1
962,48,1
962,148,1
962,499,1
962,504,1
191,1914,1
962,759,1
961,920,1
961,250,1
192,689,1
961,115,1
960,64,1
960,520,1
960,582,1
960,616,1
960,690,1
960,762,1
960,1036,1
192,613,1
960,1039,1
960,1041,1
960,1081,1
960,1213,1
960,1395,1
960,1431,1
960,1432,1
960,1528,1
960,1613,1
960,1723,1
960,1753,1
960,1754,1
960,1888,1
960,1902,1
960,1986,1
957,987,1
957,921,1
849,1186,1
953,641,1
193,105,1
952,1842,1
952,1864,1
952,1869,1
952,1993,1
953,32,1
953,141,1
953,250,1
192,1941,1
192,1834,1
953,483,1
192,1720,1
957,919,1
953,1207,1
953,1438,1
953,1530,1
953,1559,1
953,1613,1
953,1707,1
953,1708,1
953,1710,1
953,1713,1
953,1718,1
953,1720,1
193,245,1
952,1701,1
952,1483,1
952,1313,1
951,1314,1
951,1461,1
951,1522,1
951,1624,1
951,1666,1
951,1667,1
951,1694,1
951,1745,1
193,1033,1
951,1795,1
951,1799,1
951,1827,1
951,1839,1
951,1879,1
951,1888,1
952,140,1
952,588,1
193,903,1
952,977,1
952,985,1
193,488,1
952,998,1
952,1312,1
953,1723,1
953,1755,1
954,345,1
955,1693,1
955,1741,1
955,1871,1
956,276,1
956,475,1
956,482,1
956,1066,1
956,1528,1
956,1560,1
956,1613,1
956,1630,1
956,1666,1
192,1483,1
956,1706,1
956,1797,1
956,1799,1
956,1800,1
956,1871,1
192,1433,1
956,1926,1
956,1984,1
956,1987,1
957,309,1
957,498,1
955,1703,1
955,1674,1
954,365,1
955,1641,1
954,482,1
954,1217,1
954,1225,1
954,1386,1
954,1389,1
954,1629,1
954,1631,1
954,1760,1
954,1780,1
954,1796,1
954,1843,1
954,1847,1
192,1648,1
954,1895,1
955,363,1
955,482,1
955,764,1
192,1645,1
955,1349,1
955,1448,1
955,1502,1
955,1523,1
955,1613,1
962,985,1
962,1037,1
962,1041,1
190,1812,1
967,1554,1
967,1562,1
967,1580,1
967,1684,1
967,1850,1
967,1872,1
967,1873,1
190,1841,1
967,1916,1
967,1999,1
190,1818,1
968,497,1
962,1043,1
968,499,1
968,760,1
968,1053,1
968,1055,1
968,1364,1
968,1593,1
968,1681,1
968,1721,1
968,1839,1
968,1844,1
968,1849,1
967,1364,1
967,1199,1
190,1848,1
190,1851,1
966,1053,1
966,1199,1
966,1200,1
966,1285,1
966,1615,1
966,1721,1
966,1760,1
966,1799,1
966,1872,1
966,1873,1
966,1879,1
967,97,1
190,1933,1
967,146,1
967,479,1
967,496,1
967,499,1
967,501,1
967,588,1
967,598,1
190,1884,1
967,873,1
190,1855,1
968,1850,1
968,1879,1
968,1880,1
970,159,1
970,477,1
970,496,1
970,498,1
190,1465,1
190,1424,1
190,1407,1
970,1506,1
190,1384,1
970,1663,1
970,1665,1
970,1869,1
970,1874,1
970,1875,1
970,1890,1
970,1985,1
970,1997,1
190,801,1
971,136,1
971,146,1
971,147,1
190,762,1
971,356,1
190,376,1
970,414,1
970,129,1
968,1984,1
969,1985,1
968,1985,1
968,1989,1
190,1740,1
969,270,1
969,504,1
969,587,1
969,748,1
190,1694,1
190,1587,1
190,1494,1
969,1053,1
969,1107,1
969,1200,1
969,1225,1
969,1271,1
969,1533,1
969,1558,1
969,1594,1
969,1677,1
969,1692,1
969,1800,1
969,1850,1
969,1980,1
191,362,1
966,1051,1
966,979,1
191,1836,1
963,790,1
963,791,1
963,985,1
963,1028,1
963,1040,1
963,1045,1
963,1048,1
963,1050,1
191,1820,1
963,1356,1
963,1439,1
963,1570,1
963,1928,1
191,1738,1
191,1640,1
964,736,1
964,1034,1
191,1618,1
964,1095,1
964,1181,1
964,1349,1
964,1553,1
964,1612,1
963,789,1
963,499,1
964,1847,1
963,314,1
962,1044,1
191,1877,1
962,1047,1
962,1199,1
962,1200,1
962,1224,1
962,1244,1
962,1330,1
962,1579,1
962,1581,1
962,1582,1
962,1583,1
962,1631,1
962,1632,1
962,1643,1
962,1675,1
962,1810,1
962,1832,1
962,1891,1
962,1936,1
963,50,1
963,158,1
191,1857,1
964,1635,1
964,1885,1
966,946,1
965,1854,1
191,1426,1
191,1407,1
965,1882,1
965,1893,1
965,1909,1
965,1984,1
965,1985,1
191,1342,1
966,134,1
966,164,1
966,436,1
966,465,1
966,497,1
966,501,1
966,504,1
191,1336,1
966,624,1
191,1314,1
966,756,1
191,1189,1
966,853,1
191,511,1
191,418,1
965,1863,1
965,1759,1
964,1893,1
965,1708,1
964,1910,1
191,1596,1
965,47,1
191,1595,1
965,466,1
965,501,1
965,502,1
191,1574,1
965,755,1
965,788,1
965,873,1
965,922,1
965,982,1
965,1020,1
965,1046,1
965,1050,1
965,1052,1
965,1053,1
965,1066,1
965,1089,1
965,1234,1
965,1502,1
965,1662,1
951,1217,1
951,1072,1
951,1066,1
195,1329,1
935,1976,1
935,1978,1
935,1992,1
935,1994,1
935,1996,1
935,1999,1
936,9,1
936,77,1
195,1429,1
195,1407,1
936,494,1
936,851,1
939,1353,1
936,855,1
936,1173,1
936,1445,1
936,1746,1
936,1751,1
936,1753,1
936,1768,1
936,1769,1
936,1773,1
195,1284,1
936,1851,1
935,1785,1
935,1694,1
935,1608,1
935,1518,1
934,1566,1
934,1690,1
934,1718,1
934,1719,1
934,1724,1
934,1775,1
934,1863,1
934,1987,1
934,1989,1
934,1991,1
934,1993,1
934,1994,1
934,1995,1
934,1996,1
195,1464,1
195,1462,1
935,842,1
935,998,1
935,1091,1
935,1172,1
935,1434,1
935,1466,1
935,1509,1
936,1860,1
936,1874,1
936,1878,1
938,418,1
938,946,1
938,1467,1
938,1515,1
938,1640,1
938,1696,1
938,1808,1
938,1841,1
195,123,1
938,1878,1
938,1895,1
938,1973,1
938,1992,1
938,1993,1
938,1995,1
938,1996,1
938,1997,1
939,103,1
939,111,1
939,834,1
939,844,1
194,1948,1
194,1894,1
939,1040,1
195,491,1
938,361,1
936,1883,1
938,66,1
936,1965,1
936,1995,1
936,1997,1
937,8,1
937,198,1
195,1149,1
195,1148,1
937,675,1
195,1081,1
937,1049,1
937,1051,1
937,1305,1
937,1372,1
937,1373,1
937,1460,1
937,1572,1
937,1595,1
937,1723,1
937,1819,1
937,1851,1
195,773,1
937,1973,1
937,1996,1
934,1459,1
934,1352,1
195,1564,1
196,1282,1
930,221,1
930,222,1
930,223,1
930,666,1
196,1226,1
930,1016,1
196,1173,1
930,1054,1
930,1080,1
196,1080,1
930,1435,1
930,1443,1
930,1486,1
930,1663,1
930,1692,1
930,1839,1
930,1845,1
196,641,1
196,564,1
196,534,1
931,263,1
931,503,1
931,1009,1
196,1281,1
196,1305,1
931,1175,1
930,0,1
929,6,1
929,136,1
929,460,1
929,637,1
929,887,1
929,999,1
929,1016,1
929,1021,1
929,1410,1
929,1523,1
929,1600,1
929,1605,1
929,1634,1
196,1430,1
929,1708,1
196,1420,1
929,1710,1
196,1407,1
929,1847,1
196,1400,1
929,1856,1
196,1318,1
929,1961,1
931,1023,1
931,1316,1
934,1253,1
932,1882,1
195,1714,1
933,449,1
933,450,1
195,1660,1
933,998,1
933,1002,1
933,1027,1
933,1248,1
933,1458,1
933,1482,1
933,1500,1
933,1722,1
933,1776,1
933,1847,1
933,1886,1
933,1979,1
933,1992,1
195,1584,1
934,604,1
934,751,1
934,1039,1
934,1045,1
934,1205,1
932,1978,1
932,1871,1
931,1386,1
932,1853,1
931,1483,1
931,1720,1
931,1722,1
931,1724,1
931,1847,1
931,1848,1
196,467,1
931,1873,1
931,1882,1
931,1887,1
196,460,1
932,220,1
196,23,1
932,589,1
932,920,1
932,1119,1
932,1239,1
932,1372,1
932,1380,1
932,1585,1
932,1592,1
195,1913,1
932,1847,1
939,1260,1
939,1530,1
951,1040,1
948,1210,1
947,1894,1
947,1978,1
947,1997,1
948,722,1
194,1306,1
194,1119,1
948,1078,1
948,1082,1
948,1117,1
948,1124,1
194,677,1
948,1367,1
939,1761,1
948,1608,1
948,1718,1
948,1724,1
948,1737,1
948,1779,1
948,1780,1
194,590,1
948,1868,1
194,548,1
194,521,1
949,386,1
947,1857,1
194,1309,1
194,1329,1
947,1701,1
946,1006,1
946,1035,1
946,1090,1
194,1409,1
946,1646,1
946,1826,1
946,1872,1
946,1995,1
946,1999,1
947,76,1
947,141,1
194,1389,1
194,1337,1
947,669,1
947,674,1
947,1074,1
947,1125,1
947,1126,1
947,1203,1
947,1258,1
947,1498,1
947,1574,1
947,1659,1
949,483,1
194,495,1
194,378,1
950,1603,1
950,1875,1
951,26,1
193,1729,1
193,1659,1
951,283,1
951,286,1
951,607,1
951,768,1
951,926,1
951,927,1
951,929,1
951,933,1
951,943,1
951,944,1
193,1407,1
193,1392,1
193,1386,1
193,1308,1
193,1149,1
951,1031,1
951,1034,1
951,1036,1
951,1037,1
950,1874,1
950,1582,1
949,549,1
950,1317,1
194,105,1
194,25,1
949,1091,1
949,1204,1
949,1211,1
949,1434,1
949,1443,1
949,1498,1
949,1545,1
193,1957,1
949,1724,1
949,1779,1
949,1780,1
193,1892,1
949,1888,1
949,1892,1
949,1932,1
193,1865,1
193,1862,1
193,1818,1
950,1068,1
950,1204,1
950,1246,1
946,219,1
945,1979,1
945,1892,1
940,1995,1
194,1779,1
941,542,1
941,783,1
941,1041,1
941,1086,1
941,1125,1
941,1173,1
941,1357,1
941,1549,1
941,1861,1
941,1976,1
941,1996,1
942,356,1
942,733,1
942,887,1
942,1253,1
942,1531,1
942,1547,1
942,1636,1
942,1706,1
942,1739,1
942,1781,1
942,1828,1
940,1996,1
940,1978,1
943,1033,1
940,1977,1
939,1778,1
939,1784,1
194,1870,1
939,1970,1
939,1977,1
939,1982,1
939,1986,1
939,1996,1
939,1997,1
940,181,1
194,1860,1
940,431,1
940,728,1
194,1859,1
940,979,1
940,1033,1
940,1078,1
940,1516,1
940,1531,1
940,1552,1
940,1614,1
940,1696,1
940,1973,1
942,1995,1
943,1036,1
945,1751,1
944,1038,1
194,1594,1
944,1842,1
944,1868,1
944,1871,1
944,1893,1
944,1978,1
944,1994,1
945,149,1
945,220,1
945,492,1
945,495,1
945,496,1
945,508,1
945,666,1
945,797,1
945,1035,1
945,1127,1
945,1128,1
945,1196,1
945,1569,1
945,1633,1
945,1658,1
945,1737,1
944,1173,1
944,1036,1
943,1083,1
944,1034,1
943,1180,1
943,1187,1
943,1363,1
943,1430,1
943,1441,1
943,1483,1
943,1599,1
943,1614,1
943,1717,1
943,1780,1
943,1860,1
943,1882,1
943,1894,1
943,1895,1
943,1917,1
943,1977,1
944,139,1
944,297,1
944,604,1
944,733,1
944,793,1
944,946,1
944,1019,1
190,224,1
971,691,1
189,1897,1
994,1619,1
994,1085,1
994,1120,1
994,1154,1
994,1166,1
994,1184,1
185,21,1
994,1253,1
994,1361,1
994,1488,1
994,1590,1
994,1592,1
994,1653,1
996,1895,1
184,1964,1
994,1751,1
994,1765,1
184,1882,1
994,1827,1
184,1878,1
994,1850,1
994,1866,1
994,1869,1
184,1824,1
184,1817,1
994,1079,1
994,1047,1
994,919,1
994,756,1
993,1166,1
993,1171,1
993,1225,1
993,1438,1
993,1457,1
993,1674,1
993,1761,1
993,1767,1
993,1826,1
993,1827,1
993,1863,1
993,1868,1
185,280,1
993,1874,1
993,1876,1
993,1878,1
993,1924,1
993,1971,1
994,11,1
994,90,1
994,125,1
994,158,1
994,515,1
184,1741,1
994,1879,1
994,1886,1
995,1900,1
995,1936,1
995,1981,1
995,1993,1
995,1995,1
184,1435,1
996,110,1
996,249,1
996,439,1
996,498,1
184,1424,1
996,627,1
996,637,1
996,1033,1
996,1262,1
996,1360,1
996,1370,1
996,1393,1
996,1394,1
996,1523,1
996,1572,1
996,1612,1
996,1825,1
996,1878,1
995,1901,1
995,1884,1
994,1895,1
995,1876,1
994,1971,1
994,1992,1
184,1730,1
995,110,1
184,1603,1
995,280,1
995,411,1
995,473,1
995,513,1
995,691,1
184,1524,1
995,1084,1
995,1146,1
995,1174,1
995,1410,1
995,1418,1
995,1464,1
995,1469,1
995,1493,1
995,1595,1
995,1682,1
995,1839,1
995,1873,1
993,1120,1
993,1088,1
993,1086,1
990,439,1
990,1006,1
990,1071,1
990,1086,1
990,1252,1
990,1360,1
990,1435,1
990,1564,1
990,1596,1
990,1608,1
990,1722,1
990,1738,1
990,1859,1
990,1942,1
990,1980,1
991,119,1
991,159,1
991,249,1
991,390,1
991,393,1
991,395,1
991,439,1
991,690,1
991,691,1
990,685,1
990,410,1
991,950,1
990,380,1
988,1890,1
988,1921,1
988,1922,1
988,1945,1
988,1953,1
989,381,1
989,432,1
989,906,1
989,953,1
989,1050,1
989,1134,1
989,1385,1
989,1465,1
989,1535,1
989,1546,1
989,1591,1
989,1810,1
989,1856,1
989,1860,1
989,1921,1
989,1922,1
989,1923,1
990,311,1
991,823,1
991,1046,1
993,1079,1
992,1705,1
992,1718,1
992,1793,1
992,1852,1
185,1080,1
992,1866,1
992,1869,1
992,1871,1
992,1873,1
992,1875,1
992,1878,1
992,1880,1
992,1930,1
992,1971,1
993,89,1
185,1066,1
993,309,1
993,407,1
993,415,1
993,756,1
993,809,1
993,947,1
993,951,1
185,328,1
992,1706,1
992,1695,1
185,1501,1
992,1593,1
991,1249,1
991,1510,1
991,1670,1
991,1797,1
185,1462,1
991,1874,1
185,1407,1
991,1913,1
991,1934,1
991,1947,1
992,165,1
185,1400,1
992,400,1
992,538,1
185,1397,1
992,682,1
992,801,1
185,1345,1
992,1055,1
185,1319,1
992,1225,1
992,1244,1
992,1439,1
996,1879,1
996,1896,1
185,1794,1
1004,1498,1
1003,1896,1
1003,1952,1
1004,504,1
1004,605,1
1004,1024,1
1004,1027,1
1004,1166,1
1004,1410,1
1004,1463,1
1004,1485,1
183,1460,1
1004,1511,1
997,439,1
1004,1551,1
1004,1562,1
1004,1611,1
183,1407,1
1004,1680,1
1004,1693,1
1004,1726,1
1004,1763,1
1004,1796,1
183,1314,1
183,1122,1
1003,1810,1
1003,1777,1
1003,1761,1
1003,1683,1
1002,1601,1
1002,1668,1
1002,1830,1
1002,1995,1
1003,123,1
1003,126,1
1003,390,1
1003,501,1
183,1597,1
1003,644,1
1003,646,1
1003,931,1
1003,1080,1
1003,1163,1
1003,1166,1
1003,1168,1
1003,1411,1
183,1556,1
1003,1512,1
1003,1572,1
1003,1597,1
1003,1643,1
1003,1649,1
1004,1989,1
1005,127,1
1005,128,1
183,1041,1
1005,1987,1
183,1035,1
1006,683,1
1006,897,1
1006,1424,1
1006,1496,1
1006,1497,1
183,1033,1
1006,1506,1
1006,1556,1
1006,1570,1
1006,1585,1
1006,1659,1
1006,1681,1
1006,1803,1
1006,1867,1
1006,1872,1
1006,1880,1
183,884,1
1007,347,1
1007,370,1
1007,529,1
1007,530,1
1005,1958,1
1005,1938,1
1005,347,1
1005,1930,1
183,1086,1
183,1085,1
1005,683,1
1005,1047,1
1005,1480,1
1005,1481,1
1005,1500,1
183,1065,1
1005,1519,1
1005,1580,1
1005,1583,1
1005,1706,1
1005,1732,1
1005,1769,1
183,1061,1
1005,1776,1
183,1053,1
1005,1813,1
1005,1884,1
1005,1894,1
1005,1914,1
1005,1916,1
1005,1926,1
1002,1581,1
1002,1579,1
1002,1558,1
998,1647,1
998,1829,1
998,1898,1
998,1979,1
184,1312,1
999,165,1
184,1307,1
184,1220,1
999,487,1
999,656,1
184,1122,1
184,1086,1
999,1001,1
184,1085,1
999,1109,1
999,1208,1
999,1214,1
999,1402,1
184,1055,1
999,1588,1
999,1613,1
999,1825,1
999,1931,1
1000,324,1
998,1799,1
998,1469,1
1000,481,1
998,1434,1
997,658,1
184,1407,1
997,920,1
997,1226,1
997,1253,1
997,1260,1
184,1387,1
184,1383,1
997,1414,1
997,1829,1
997,1886,1
997,1916,1
998,373,1
998,626,1
998,797,1
998,1157,1
998,1162,1
998,1403,1
998,1404,1
184,1360,1
184,1345,1
998,1407,1
998,1408,1
1000,446,1
1000,498,1
1002,1539,1
183,1906,1
1001,644,1
183,1896,1
1001,1488,1
1001,1542,1
1001,1777,1
1001,1893,1
1001,1936,1
1001,1938,1
1001,1999,1
183,1842,1
1002,123,1
1002,479,1
1002,500,1
1002,931,1
1002,972,1
183,1816,1
1002,1167,1
1002,1186,1
1002,1276,1
1002,1405,1
1002,1407,1
1002,1481,1
1002,1517,1
1001,504,1
1001,481,1
184,897,1
1001,480,1
1000,501,1
184,824,1
1000,508,1
1000,785,1
184,802,1
184,776,1
1000,1079,1
1000,1095,1
1000,1137,1
1000,1398,1
184,734,1
1000,1411,1
1000,1413,1
184,535,1
1000,1769,1
1000,1881,1
1000,1933,1
1000,1938,1
1000,1947,1
184,203,1
184,158,1
1001,424,1
1001,479,1
185,1741,1
185,1814,1
189,1811,1
187,1892,1
976,1880,1
976,1881,1
188,26,1
977,128,1
977,165,1
977,166,1
977,368,1
977,489,1
977,497,1
977,704,1
977,758,1
977,1127,1
187,1403,1
977,1263,1
977,1388,1
977,1542,1
977,1564,1
977,1585,1
977,1682,1
977,1684,1
977,1754,1
977,1866,1
977,1879,1
977,1880,1
976,1873,1
976,1871,1
976,1870,1
976,1869,1
975,1870,1
975,1871,1
975,1873,1
188,366,1
975,1879,1
975,1880,1
188,321,1
976,131,1
188,230,1
188,216,1
976,730,1
976,762,1
976,982,1
976,1011,1
976,1034,1
976,1248,1
976,1275,1
976,1490,1
976,1653,1
976,1659,1
976,1691,1
188,65,1
976,1868,1
977,1881,1
977,1989,1
978,163,1
978,1880,1
979,216,1
979,367,1
979,368,1
979,608,1
979,643,1
979,740,1
979,1033,1
979,1064,1
979,1141,1
979,1166,1
979,1199,1
979,1247,1
979,1447,1
979,1603,1
979,1780,1
979,1806,1
979,1844,1
979,1889,1
979,1896,1
979,1915,1
979,1921,1
979,1999,1
980,96,1
978,1989,1
978,1879,1
187,1875,1
978,1867,1
187,1848,1
978,368,1
187,1812,1
978,495,1
978,496,1
187,1768,1
978,734,1
978,972,1
978,973,1
187,1684,1
978,1064,1
978,1137,1
978,1198,1
978,1602,1
978,1634,1
978,1679,1
978,1685,1
978,1717,1
978,1752,1
978,1793,1
978,1795,1
978,1796,1
978,1833,1
975,1869,1
975,1853,1
975,1832,1
972,1053,1
189,1226,1
972,1308,1
189,1124,1
972,1518,1
972,1567,1
972,1863,1
972,1869,1
189,396,1
189,363,1
972,1876,1
972,1878,1
972,1880,1
972,1882,1
972,1983,1
972,1986,1
973,131,1
973,440,1
973,465,1
189,362,1
973,747,1
973,908,1
189,229,1
188,1896,1
972,1272,1
189,1407,1
188,1873,1
189,1450,1
971,1132,1
971,1272,1
189,1810,1
971,1285,1
971,1339,1
971,1569,1
971,1597,1
971,1647,1
189,1592,1
971,1874,1
971,1875,1
971,1876,1
971,1878,1
971,1879,1
972,142,1
972,465,1
972,501,1
972,739,1
972,746,1
189,1462,1
972,758,1
972,759,1
972,788,1
188,1893,1
188,1867,1
975,1713,1
188,1407,1
974,1767,1
974,1769,1
974,1858,1
188,1347,1
974,1869,1
974,1870,1
188,1345,1
188,1299,1
188,1228,1
188,1124,1
188,1121,1
974,1877,1
188,902,1
975,108,1
975,136,1
975,610,1
975,681,1
975,1062,1
975,1248,1
975,1469,1
975,1598,1
975,1617,1
975,1630,1
974,1765,1
188,1414,1
973,1222,1
974,1556,1
973,1270,1
973,1374,1
973,1467,1
973,1861,1
188,1860,1
188,1828,1
188,1822,1
188,1791,1
188,1720,1
188,1663,1
188,1607,1
188,1568,1
188,1514,1
188,1485,1
974,132,1
974,306,1
188,1472,1
188,1442,1
188,1433,1
974,1269,1
974,1271,1
974,1401,1
974,1404,1
187,1407,1
980,588,1
988,1861,1
986,1609,1
186,960,1
986,314,1
986,909,1
986,1031,1
186,936,1
986,1291,1
986,1426,1
986,1430,1
986,1532,1
986,1549,1
986,1608,1
186,819,1
980,662,1
986,1678,1
186,512,1
986,1784,1
986,1816,1
986,1836,1
986,1858,1
986,1920,1
986,1942,1
986,1949,1
987,134,1
186,510,1
986,73,1
985,1999,1
985,1952,1
985,1949,1
186,1469,1
985,248,1
186,1468,1
985,483,1
985,589,1
985,910,1
186,1455,1
186,1409,1
985,1098,1
985,1118,1
985,1121,1
985,1259,1
985,1291,1
985,1599,1
985,1642,1
985,1651,1
985,1760,1
985,1784,1
186,1311,1
985,1876,1
985,1896,1
985,1920,1
186,1167,1
987,313,1
186,260,1
987,505,1
987,1949,1
988,248,1
988,252,1
185,1878,1
185,1854,1
988,516,1
988,635,1
988,775,1
988,797,1
988,870,1
988,968,1
988,1080,1
988,1102,1
988,1127,1
988,1146,1
988,1411,1
988,1526,1
988,1554,1
988,1592,1
185,1853,1
988,1633,1
988,1695,1
988,1714,1
185,1816,1
987,1999,1
987,1942,1
987,620,1
987,1923,1
987,641,1
987,879,1
987,910,1
987,923,1
987,1034,1
987,1055,1
987,1083,1
987,1124,1
987,1169,1
987,1236,1
186,167,1
987,1446,1
987,1593,1
987,1613,1
987,1713,1
186,117,1
987,1851,1
987,1857,1
987,1867,1
186,116,1
987,1872,1
987,1920,1
185,1899,1
984,1910,1
984,1875,1
984,1785,1
187,663,1
981,1120,1
187,281,1
981,1343,1
981,1429,1
981,1447,1
981,1615,1
981,1665,1
981,1770,1
981,1789,1
187,251,1
981,1857,1
187,170,1
981,1884,1
981,1888,1
981,1889,1
981,1959,1
981,1974,1
981,1999,1
982,132,1
186,1968,1
982,373,1
186,1957,1
982,667,1
981,1098,1
981,907,1
982,849,1
981,876,1
187,1374,1
187,1228,1
980,1063,1
187,1194,1
980,1167,1
187,1082,1
980,1415,1
980,1704,1
980,1847,1
187,932,1
980,1889,1
980,1980,1
980,1989,1
981,74,1
981,76,1
981,143,1
981,238,1
981,251,1
981,357,1
981,376,1
187,826,1
981,573,1
981,635,1
982,758,1
982,906,1
984,1784,1
983,1597,1
983,1620,1
983,1801,1
983,1837,1
983,1849,1
983,1870,1
983,1901,1
983,1933,1
984,46,1
984,238,1
984,450,1
984,754,1
186,1557,1
984,1032,1
984,1063,1
984,1101,1
984,1291,1
984,1373,1
984,1601,1
984,1612,1
984,1613,1
984,1632,1
984,1666,1
984,1781,1
983,1605,1
983,1480,1
982,1005,1
186,1746,1
982,1245,1
982,1270,1
982,1480,1
982,1581,1
982,1740,1
982,1744,1
982,1802,1
982,1849,1
982,1850,1
982,1863,1
982,1866,1
982,1876,1
982,1884,1
982,1954,1
983,74,1
983,466,1
186,1953,1
186,1893,1
983,506,1
186,1878,1
983,848,1
983,919,1
186,1762,1
928,1887,1
928,1876,1
928,1852,1
871,1985,1
207,49,1
871,1081,1
871,1130,1
871,1131,1
871,1176,1
871,1184,1
206,1954,1
871,1186,1
871,1445,1
871,1656,1
871,1974,1
872,527,1
875,1552,1
872,605,1
872,778,1
872,805,1
872,1082,1
872,1184,1
872,1185,1
872,1187,1
872,1253,1
872,1304,1
872,1422,1
872,1663,1
207,130,1
207,212,1
871,374,1
207,297,1
869,1739,1
869,1987,1
870,330,1
870,339,1
870,356,1
870,372,1
870,478,1
870,488,1
870,783,1
870,816,1
870,1129,1
870,1183,1
870,1184,1
870,1185,1
870,1187,1
870,1397,1
870,1585,1
870,1615,1
870,1618,1
870,1647,1
870,1732,1
207,303,1
871,124,1
872,1719,1
872,1837,1
872,1928,1
874,1186,1
206,1448,1
206,1407,1
206,1310,1
206,1306,1
874,1302,1
874,1428,1
206,1302,1
874,1618,1
874,1627,1
874,1641,1
874,1805,1
874,1958,1
874,1989,1
874,1996,1
875,139,1
875,142,1
875,746,1
875,1187,1
206,1128,1
875,1189,1
206,608,1
875,1483,1
875,1490,1
206,1452,1
874,1162,1
872,1959,1
874,858,1
872,1988,1
873,293,1
873,771,1
206,1656,1
873,804,1
873,887,1
873,1142,1
873,1148,1
873,1174,1
873,1185,1
873,1187,1
873,1188,1
873,1685,1
873,1686,1
873,1803,1
874,2,1
874,3,1
874,93,1
874,110,1
874,501,1
206,1596,1
874,744,1
206,1464,1
869,1734,1
869,1733,1
869,1679,1
207,1571,1
207,1509,1
866,1142,1
866,1146,1
866,1152,1
866,1153,1
866,1183,1
866,1184,1
866,1186,1
866,1187,1
866,1215,1
866,1310,1
866,1528,1
866,1549,1
207,1487,1
866,1616,1
866,1809,1
866,1823,1
866,1985,1
866,1987,1
866,1991,1
867,473,1
867,523,1
867,1072,1
207,1565,1
207,1646,1
867,1183,1
866,734,1
864,1979,1
864,1984,1
864,1985,1
864,1988,1
864,1989,1
864,1993,1
207,1773,1
865,704,1
865,1181,1
865,1183,1
865,1527,1
865,1546,1
865,1553,1
865,1613,1
865,1681,1
865,1879,1
865,1896,1
865,1979,1
865,1986,1
865,1987,1
865,1990,1
866,51,1
207,1732,1
867,1182,1
867,1184,1
869,1656,1
868,1186,1
868,1223,1
207,1214,1
868,1365,1
868,1536,1
868,1538,1
868,1627,1
868,1647,1
868,1654,1
868,1986,1
207,998,1
869,481,1
869,783,1
207,616,1
869,1060,1
869,1178,1
869,1183,1
869,1184,1
869,1185,1
869,1186,1
869,1395,1
869,1417,1
869,1614,1
869,1654,1
868,1207,1
868,1185,1
867,1185,1
868,1184,1
867,1186,1
867,1193,1
867,1425,1
867,1509,1
867,1538,1
867,1560,1
207,1413,1
867,1739,1
207,1384,1
867,1986,1
867,1987,1
867,1989,1
867,1990,1
868,58,1
868,700,1
868,720,1
868,753,1
868,796,1
868,809,1
868,818,1
868,875,1
868,1141,1
868,1183,1
875,1492,1
875,1647,1
864,1896,1
883,1545,1
882,1826,1
882,1831,1
882,1861,1
205,611,1
883,224,1
883,245,1
205,606,1
883,652,1
883,762,1
883,981,1
883,1147,1
883,1565,1
875,1690,1
883,1580,1
883,1793,1
883,1816,1
883,1826,1
883,1833,1
883,1834,1
883,1869,1
883,1994,1
205,551,1
884,334,1
884,650,1
882,1795,1
882,1739,1
882,1594,1
882,1537,1
881,1693,1
205,1341,1
881,1795,1
881,1810,1
205,1312,1
881,1991,1
882,13,1
882,19,1
882,32,1
882,215,1
882,299,1
882,539,1
882,624,1
882,729,1
882,763,1
205,907,1
882,774,1
882,1134,1
882,1176,1
882,1177,1
882,1404,1
205,726,1
882,1474,1
884,731,1
884,891,1
884,919,1
886,696,1
205,123,1
886,908,1
886,1178,1
886,1180,1
204,1892,1
886,1796,1
886,1806,1
886,1818,1
886,1830,1
886,1836,1
886,1838,1
886,1995,1
887,28,1
887,535,1
204,1891,1
204,1877,1
887,1087,1
887,1182,1
887,1232,1
887,1271,1
204,1805,1
887,1692,1
887,1816,1
205,141,1
205,416,1
884,1128,1
886,1,1
884,1146,1
884,1159,1
884,1160,1
884,1315,1
884,1545,1
884,1796,1
884,1800,1
884,1820,1
884,1867,1
885,243,1
885,619,1
885,1129,1
885,1161,1
885,1206,1
205,487,1
205,454,1
885,1704,1
885,1796,1
885,1829,1
885,1924,1
885,1935,1
885,1997,1
886,0,1
205,1393,1
881,1564,1
881,1455,1
876,1664,1
876,1813,1
876,1819,1
876,1859,1
876,1953,1
876,1989,1
877,498,1
877,533,1
877,981,1
206,487,1
877,1154,1
877,1188,1
877,1189,1
877,1190,1
877,1191,1
877,1222,1
206,418,1
877,1689,1
877,1690,1
877,1764,1
877,1876,1
877,1985,1
877,1988,1
877,1991,1
876,1806,1
876,1519,1
206,239,1
876,1482,1
875,1691,1
875,1693,1
875,1755,1
875,1767,1
875,1768,1
875,1947,1
875,1989,1
875,1996,1
875,1997,1
876,1,1
206,536,1
876,368,1
206,514,1
876,891,1
876,1122,1
876,1148,1
876,1176,1
876,1188,1
876,1189,1
876,1209,1
876,1338,1
876,1394,1
876,1425,1
878,752,1
878,821,1
881,1308,1
879,1704,1
205,1669,1
880,619,1
880,751,1
880,1187,1
880,1564,1
880,1570,1
880,1615,1
880,1833,1
880,1834,1
880,1980,1
880,1991,1
880,1993,1
880,1999,1
881,5,1
881,206,1
881,270,1
881,275,1
881,555,1
205,1566,1
881,636,1
881,749,1
881,767,1
881,1224,1
879,1990,1
205,1759,1
878,890,1
879,1572,1
878,1035,1
206,124,1
878,1189,1
878,1190,1
878,1624,1
878,1691,1
878,1834,1
878,1958,1
878,1961,1
205,1900,1
205,1891,1
879,103,1
879,118,1
879,476,1
879,583,1
879,636,1
879,642,1
879,647,1
879,652,1
879,731,1
879,732,1
879,913,1
879,1202,1
864,1943,1
864,1842,1
887,1974,1
210,550,1
853,1180,1
853,1181,1
853,1182,1
853,1183,1
853,1185,1
853,1188,1
853,1205,1
853,1210,1
853,1248,1
853,1261,1
210,657,1
210,519,1
856,1180,1
853,1682,1
853,1979,1
853,1981,1
853,1991,1
210,513,1
210,510,1
854,529,1
854,530,1
854,594,1
854,827,1
854,1059,1
853,1178,1
853,785,1
853,777,1
852,1995,1
852,1178,1
852,1179,1
852,1180,1
852,1181,1
852,1183,1
852,1184,1
852,1185,1
852,1186,1
852,1187,1
852,1188,1
852,1215,1
852,1224,1
852,1230,1
852,1243,1
852,1250,1
852,1251,1
852,1253,1
852,1390,1
0,1,1
852,1613,1
0,93,1
852,1974,1
852,1976,1
854,1178,1
854,1179,1
210,509,1
855,1185,1
855,1187,1
855,1188,1
855,1201,1
855,1205,1
855,1217,1
855,1225,1
855,1230,1
855,1252,1
855,1319,1
209,1916,1
209,1890,1
855,1426,1
855,1574,1
209,1821,1
855,1720,1
855,1866,1
209,1751,1
856,351,1
209,1714,1
209,1591,1
856,822,1
856,909,1
856,966,1
855,1186,1
209,1955,1
854,1182,1
855,1182,1
854,1183,1
854,1184,1
854,1185,1
854,1187,1
854,1196,1
854,1208,1
854,1212,1
854,1448,1
854,1695,1
210,452,1
854,1867,1
854,1868,1
854,1995,1
210,217,1
210,14,1
855,869,1
855,966,1
855,1128,1
855,1160,1
855,1178,1
855,1179,1
855,1180,1
855,1181,1
852,1172,1
210,1049,1
210,1100,1
850,80,1
850,870,1
850,877,1
850,1072,1
850,1178,1
850,1180,1
850,1182,1
850,1184,1
211,452,1
850,1187,1
850,1188,1
850,1199,1
850,1219,1
850,1222,1
850,1228,1
850,1245,1
850,1250,1
850,1253,1
211,390,1
211,322,1
850,1257,1
850,1259,1
850,1261,1
850,1262,1
850,728,1
849,1945,1
850,1264,1
849,1882,1
849,1187,1
849,1200,1
849,1204,1
849,1205,1
849,1209,1
849,1224,1
849,1225,1
849,1228,1
849,1232,1
849,1239,1
849,1240,1
849,1243,1
211,957,1
211,924,1
211,738,1
849,1267,1
849,1268,1
211,729,1
849,1277,1
849,1396,1
849,1546,1
849,1741,1
849,1749,1
211,113,1
850,1266,1
210,1173,1
851,1187,1
851,1189,1
851,1197,1
851,1206,1
851,1221,1
851,1224,1
210,1308,1
851,1244,1
210,1303,1
851,1253,1
851,1255,1
851,1256,1
851,1259,1
851,1266,1
851,1289,1
851,1361,1
851,1426,1
851,1545,1
851,1733,1
851,1741,1
852,107,1
852,135,1
852,336,1
852,409,1
851,1188,1
210,1315,1
210,1986,1
210,1362,1
850,1272,1
850,1275,1
210,1933,1
210,1799,1
850,1289,1
850,1297,1
850,1474,1
210,1631,1
850,1624,1
850,1845,1
850,1976,1
850,1977,1
851,491,1
851,492,1
851,578,1
210,1572,1
210,1527,1
851,1071,1
851,1178,1
851,1179,1
851,1181,1
210,1464,1
851,1183,1
209,1522,1
856,1182,1
864,1261,1
861,1705,1
861,1187,1
861,1202,1
861,1218,1
861,1220,1
861,1221,1
861,1224,1
861,1395,1
861,1450,1
861,1525,1
861,1568,1
861,1589,1
861,1777,1
856,1183,1
861,1979,1
208,1601,1
861,1982,1
861,1983,1
861,1992,1
861,1998,1
862,517,1
208,1574,1
208,1464,1
862,968,1
862,1181,1
861,1184,1
861,1183,1
861,1182,1
208,1638,1
860,1217,1
860,1328,1
208,1960,1
208,1945,1
208,1909,1
208,1890,1
860,1688,1
860,1689,1
860,1690,1
860,1759,1
860,1825,1
860,1977,1
860,1978,1
860,1979,1
860,1980,1
860,1981,1
860,1982,1
208,1886,1
208,1868,1
861,585,1
861,634,1
208,1729,1
861,894,1
862,1182,1
862,1183,1
208,1434,1
863,1185,1
863,1194,1
208,111,1
208,104,1
863,1512,1
863,1543,1
208,96,1
863,1844,1
863,1978,1
863,1979,1
863,1982,1
863,1984,1
863,1986,1
864,41,1
864,53,1
864,637,1
864,748,1
208,21,1
207,1910,1
864,1023,1
207,1895,1
864,1184,1
864,1185,1
864,1186,1
863,1186,1
863,1183,1
862,1185,1
863,1182,1
862,1186,1
862,1220,1
208,1407,1
208,1337,1
208,1313,1
208,1311,1
208,1310,1
208,1012,1
862,1598,1
208,603,1
862,1617,1
862,1690,1
862,1836,1
862,1840,1
862,1977,1
862,1981,1
862,1983,1
863,264,1
863,487,1
208,499,1
863,824,1
863,1165,1
863,1180,1
860,1187,1
860,1186,1
860,1185,1
857,1183,1
857,1186,1
857,1187,1
857,1188,1
857,1192,1
857,1238,1
857,1319,1
857,1321,1
857,1328,1
857,1652,1
857,1673,1
857,1720,1
857,1866,1
857,1869,1
857,1870,1
857,1962,1
857,1978,1
858,204,1
209,742,1
858,783,1
858,1041,1
858,1131,1
858,1179,1
858,1181,1
857,1185,1
857,1182,1
858,1184,1
209,787,1
856,1184,1
856,1185,1
856,1186,1
856,1187,1
856,1188,1
856,1195,1
856,1218,1
856,1250,1
856,1268,1
856,1318,1
856,1327,1
856,1462,1
856,1652,1
856,1866,1
856,1976,1
856,1978,1
857,13,1
857,14,1
209,1339,1
857,529,1
857,840,1
209,1316,1
209,1098,1
858,1183,1
858,1185,1
860,1184,1
859,1200,1
859,1219,1
859,1243,1
209,462,1
859,1636,1
859,1652,1
859,1720,1
859,1724,1
859,1944,1
859,1952,1
859,1978,1
859,1980,1
209,122,1
860,516,1
860,541,1
860,816,1
860,817,1
860,865,1
860,996,1
860,1147,1
860,1165,1
860,1180,1
860,1181,1
860,1182,1
859,1209,1
859,1186,1
858,1186,1
859,1185,1
858,1187,1
858,1188,1
858,1197,1
858,1221,1
858,1234,1
858,1258,1
858,1358,1
858,1382,1
209,669,1
858,1619,1
858,1652,1
858,1947,1
858,1952,1
858,1976,1
858,1978,1
858,1979,1
209,614,1
859,529,1
859,1016,1
859,1128,1
859,1181,1
859,1183,1
859,1184,1
887,1834,1
888,53,1
196,1472,1
917,717,1
916,1876,1
200,1461,1
916,1946,1
916,1951,1
916,1962,1
200,1433,1
200,1430,1
200,1405,1
200,1326,1
917,522,1
917,557,1
917,826,1
199,1432,1
917,998,1
200,1310,1
917,1209,1
917,1210,1
917,1317,1
200,1306,1
200,1303,1
917,1436,1
917,1437,1
917,1675,1
200,1128,1
200,1532,1
916,1823,1
916,1790,1
916,1752,1
200,1825,1
915,1209,1
915,1271,1
915,1591,1
915,1802,1
915,1829,1
200,1721,1
200,1696,1
915,1973,1
916,532,1
916,579,1
916,683,1
916,693,1
916,865,1
916,998,1
200,1624,1
200,1622,1
200,1617,1
916,1217,1
916,1303,1
916,1443,1
916,1517,1
916,1648,1
917,1856,1
200,782,1
200,673,1
918,1857,1
918,1970,1
919,34,1
919,485,1
919,586,1
919,682,1
919,738,1
919,948,1
919,1006,1
919,1303,1
919,1337,1
919,1433,1
919,1621,1
919,1675,1
199,1541,1
919,1844,1
919,1845,1
199,1464,1
919,1875,1
920,54,1
920,118,1
920,225,1
920,483,1
199,1462,1
199,1876,1
199,1957,1
200,648,1
199,1958,1
200,583,1
917,1891,1
917,1961,1
918,100,1
918,586,1
918,604,1
918,776,1
918,906,1
918,998,1
918,1179,1
918,1209,1
918,1210,1
918,1230,1
918,1476,1
918,1503,1
918,1504,1
200,471,1
200,460,1
199,1968,1
918,1676,1
918,1677,1
918,1678,1
918,1679,1
915,1031,1
915,1030,1
915,952,1
911,687,1
201,1402,1
201,1345,1
911,695,1
911,743,1
201,1344,1
911,1212,1
911,1785,1
201,1321,1
201,1311,1
911,1862,1
201,1310,1
911,1958,1
911,1986,1
911,1987,1
201,1275,1
912,91,1
201,1264,1
912,586,1
912,587,1
201,1142,1
912,683,1
912,1115,1
912,1210,1
911,688,1
911,500,1
201,805,1
201,1462,1
909,1842,1
909,1868,1
201,1582,1
201,1581,1
910,97,1
910,289,1
910,366,1
910,389,1
910,499,1
910,500,1
201,1518,1
910,678,1
910,696,1
910,755,1
910,825,1
910,852,1
910,1171,1
910,1251,1
910,1282,1
910,1569,1
910,1577,1
910,1840,1
910,1889,1
912,1569,1
912,1853,1
200,1854,1
914,854,1
200,1959,1
914,945,1
914,951,1
914,1007,1
914,1115,1
914,1210,1
914,1246,1
914,1272,1
914,1317,1
914,1441,1
914,1466,1
914,1549,1
914,1603,1
914,1604,1
914,1822,1
914,1853,1
200,1872,1
914,1867,1
914,1881,1
200,1859,1
914,1976,1
914,1999,1
915,84,1
914,940,1
201,461,1
201,753,1
914,226,1
201,734,1
912,1936,1
912,1964,1
201,659,1
913,796,1
913,941,1
201,507,1
913,957,1
913,958,1
201,506,1
913,1041,1
913,1112,1
913,1212,1
913,1227,1
913,1305,1
913,1443,1
913,1545,1
913,1640,1
913,1847,1
913,1973,1
913,1979,1
913,1997,1
914,80,1
920,575,1
920,733,1
909,1495,1
197,197,1
925,1834,1
197,448,1
197,440,1
197,431,1
197,408,1
197,398,1
925,1856,1
197,363,1
197,323,1
197,213,1
925,1860,1
925,1868,1
920,773,1
925,1978,1
197,69,1
926,585,1
197,68,1
196,1900,1
196,1898,1
926,690,1
196,1887,1
926,695,1
926,759,1
196,1803,1
925,1798,1
925,1797,1
925,1721,1
925,1654,1
924,1720,1
197,1873,1
197,1792,1
197,1739,1
197,1738,1
924,1866,1
924,1887,1
924,1909,1
925,431,1
925,488,1
197,999,1
197,644,1
197,590,1
197,510,1
197,509,1
925,966,1
197,505,1
925,1051,1
925,1184,1
925,1238,1
925,1350,1
197,460,1
925,1606,1
926,1026,1
926,1027,1
926,1210,1
927,1776,1
196,1575,1
196,1562,1
196,1554,1
196,1540,1
927,1857,1
196,1516,1
927,1982,1
928,384,1
928,703,1
928,767,1
928,1022,1
928,1193,1
928,1222,1
928,1242,1
928,1432,1
928,1472,1
928,1525,1
928,1631,1
928,1703,1
928,1721,1
928,1723,1
928,1781,1
928,1791,1
927,1777,1
927,1712,1
926,1220,1
927,1656,1
926,1240,1
926,1606,1
926,1623,1
926,1719,1
926,1723,1
196,1695,1
926,1857,1
926,1859,1
926,1863,1
926,1865,1
926,1868,1
926,1961,1
926,1981,1
927,108,1
927,471,1
196,1673,1
196,1588,1
927,770,1
927,1084,1
927,1195,1
927,1386,1
927,1462,1
927,1606,1
924,1719,1
924,1718,1
924,1710,1
921,695,1
198,1888,1
921,1049,1
198,1883,1
921,1114,1
921,1238,1
198,1879,1
198,1878,1
921,1844,1
921,1858,1
198,1709,1
921,1861,1
198,1667,1
198,1527,1
921,1871,1
198,1505,1
198,1501,1
198,1482,1
198,1461,1
921,1894,1
922,90,1
198,1457,1
922,342,1
198,1442,1
921,813,1
198,1946,1
922,717,1
921,691,1
920,1062,1
920,1114,1
920,1205,1
920,1221,1
920,1227,1
920,1483,1
199,1313,1
199,1052,1
920,1756,1
920,1785,1
920,1787,1
920,1788,1
920,1804,1
920,1805,1
920,1815,1
199,507,1
199,374,1
920,1864,1
199,76,1
921,87,1
921,131,1
921,483,1
198,1968,1
198,1423,1
198,1407,1
924,1699,1
923,1312,1
923,1588,1
923,1616,1
923,1700,1
923,1720,1
198,466,1
923,1855,1
923,1856,1
923,1867,1
198,351,1
198,333,1
198,149,1
198,140,1
924,604,1
197,1958,1
197,1957,1
924,973,1
924,1228,1
924,1330,1
197,1945,1
197,1895,1
197,1877,1
924,1663,1
924,1688,1
923,1374,1
923,995,1
922,1057,1
923,689,1
922,1190,1
922,1208,1
922,1209,1
198,1307,1
922,1381,1
198,1306,1
922,1429,1
922,1588,1
198,1300,1
922,1615,1
922,1700,1
922,1831,1
922,1842,1
922,1849,1
922,1868,1
198,1275,1
198,1120,1
922,1961,1
923,14,1
198,612,1
923,492,1
923,501,1
923,505,1
909,1576,1
909,1440,1
888,653,1
895,23,1
894,1759,1
203,1462,1
203,1428,1
203,1381,1
894,1805,1
894,1889,1
894,1907,1
203,1343,1
894,1951,1
894,1953,1
895,22,1
895,493,1
898,1174,1
203,1313,1
203,1308,1
895,1212,1
895,1275,1
895,1343,1
895,1432,1
895,1484,1
895,1530,1
895,1606,1
895,1637,1
895,1638,1
894,1740,1
203,1476,1
894,1216,1
894,1196,1
893,1055,1
893,1065,1
893,1177,1
893,1198,1
893,1336,1
893,1339,1
893,1341,1
893,1751,1
203,1885,1
203,1868,1
203,1864,1
203,1823,1
893,1771,1
893,1796,1
893,1871,1
893,1872,1
893,1926,1
203,1707,1
894,1019,1
203,1607,1
894,1112,1
894,1133,1
894,1177,1
895,1688,1
895,1741,1
895,1760,1
896,1816,1
896,1860,1
896,1907,1
896,1989,1
897,65,1
203,316,1
203,313,1
203,312,1
897,623,1
897,892,1
897,1213,1
897,1460,1
897,1483,1
897,1495,1
897,1637,1
897,1763,1
897,1798,1
203,230,1
897,1907,1
897,1996,1
203,222,1
898,365,1
203,221,1
898,1169,1
896,1817,1
896,1798,1
203,1244,1
203,459,1
895,1763,1
203,1201,1
895,1770,1
895,1810,1
895,1839,1
895,1978,1
203,1175,1
203,1065,1
203,974,1
203,967,1
896,703,1
896,1210,1
896,1336,1
896,1357,1
896,1468,1
896,1483,1
896,1495,1
896,1523,1
896,1529,1
896,1667,1
896,1674,1
896,1703,1
203,460,1
203,1891,1
203,1903,1
203,1935,1
889,1065,1
889,1210,1
889,1270,1
889,1271,1
889,1374,1
889,1401,1
889,1433,1
889,1464,1
889,1573,1
889,1670,1
889,1671,1
889,1672,1
889,1764,1
889,1798,1
889,1816,1
889,1829,1
889,1858,1
889,1995,1
890,29,1
890,30,1
890,53,1
890,54,1
890,466,1
890,1088,1
889,1151,1
889,779,1
890,1190,1
204,1645,1
888,734,1
888,1087,1
888,1122,1
888,1169,1
888,1183,1
888,1199,1
888,1202,1
888,1374,1
888,1796,1
888,1800,1
888,1829,1
888,1859,1
888,1981,1
888,1983,1
888,1994,1
888,1999,1
889,21,1
204,1677,1
889,84,1
889,110,1
889,521,1
204,1659,1
889,596,1
890,1094,1
890,1432,1
892,1854,1
891,1664,1
891,1826,1
891,1827,1
891,1831,1
204,460,1
204,326,1
892,20,1
892,65,1
892,143,1
892,263,1
204,297,1
892,1133,1
204,217,1
892,1430,1
892,1432,1
892,1445,1
892,1446,1
892,1455,1
204,142,1
204,130,1
203,1994,1
203,1975,1
892,1808,1
892,1836,1
204,539,1
204,768,1
890,1433,1
891,1603,1
204,1458,1
890,1701,1
204,1439,1
204,1342,1
890,1825,1
890,1826,1
890,1834,1
890,1845,1
204,1322,1
890,1888,1
891,30,1
891,159,1
204,1308,1
204,1307,1
891,538,1
204,1233,1
891,1198,1
891,1200,1
891,1349,1
204,905,1
891,1430,1
891,1431,1
891,1432,1
898,1171,1
898,1175,1
909,1282,1
906,349,1
905,1494,1
905,1570,1
905,1571,1
905,1574,1
905,1644,1
905,1698,1
905,1823,1
905,1868,1
905,1931,1
905,1951,1
202,516,1
906,466,1
898,1206,1
906,489,1
906,491,1
202,472,1
202,460,1
906,494,1
906,496,1
906,563,1
906,596,1
202,304,1
906,1208,1
906,1322,1
905,1386,1
905,1222,1
905,1180,1
202,519,1
904,646,1
202,1235,1
202,1234,1
202,1175,1
904,783,1
904,784,1
904,1074,1
904,1119,1
904,1170,1
904,1455,1
904,1494,1
904,1806,1
904,1844,1
904,1983,1
905,104,1
202,797,1
905,469,1
905,493,1
905,497,1
202,659,1
905,708,1
905,710,1
905,782,1
906,1539,1
906,1618,1
906,1627,1
908,34,1
201,1878,1
908,592,1
908,663,1
908,734,1
908,825,1
908,898,1
908,1306,1
908,1537,1
908,1613,1
908,1614,1
908,1694,1
908,1791,1
908,1952,1
909,104,1
909,302,1
909,500,1
909,664,1
909,947,1
909,958,1
909,1174,1
909,1197,1
909,1208,1
909,1209,1
908,498,1
202,118,1
906,1680,1
202,119,1
906,1792,1
907,31,1
907,32,1
907,489,1
202,269,1
907,500,1
907,576,1
202,137,1
202,120,1
907,997,1
907,1118,1
907,1312,1
907,1313,1
907,1367,1
907,1495,1
907,1560,1
907,1572,1
907,1574,1
907,1618,1
907,1783,1
907,1804,1
907,1811,1
907,1845,1
904,78,1
903,1981,1
903,1646,1
899,1491,1
899,1593,1
899,1699,1
202,1696,1
900,636,1
900,680,1
900,791,1
900,1065,1
900,1125,1
900,1169,1
900,1170,1
900,1171,1
900,1174,1
900,1175,1
900,1176,1
900,1225,1
900,1263,1
900,1276,1
900,1278,1
900,1442,1
900,1486,1
900,1491,1
900,1493,1
900,1562,1
899,1492,1
899,1486,1
900,1643,1
899,1431,1
898,1222,1
898,1278,1
898,1395,1
203,219,1
898,1461,1
898,1462,1
898,1487,1
898,1637,1
898,1834,1
203,212,1
203,195,1
898,1905,1
202,1963,1
899,346,1
899,436,1
202,1886,1
899,773,1
899,774,1
899,1172,1
899,1175,1
202,1883,1
899,1223,1
899,1226,1
900,1606,1
900,1783,1
903,1639,1
202,1342,1
902,1170,1
902,1176,1
902,1279,1
902,1360,1
902,1361,1
202,1309,1
902,1628,1
902,1638,1
902,1648,1
902,1660,1
902,1711,1
902,1761,1
902,1913,1
902,1952,1
903,73,1
202,1274,1
903,154,1
903,330,1
903,645,1
903,769,1
903,1017,1
903,1115,1
903,1368,1
902,1154,1
902,924,1
901,278,1
902,777,1
901,423,1
901,579,1
901,622,1
901,711,1
901,720,1
901,893,1
901,1170,1
901,1176,1
901,1442,1
901,1485,1
901,1502,1
202,1434,1
901,1675,1
901,1679,1
901,1888,1
901,1979,1
902,102,1
202,1431,1
202,1407,1
202,1363,1
202,1343,1
902,570,1
902,611,1
852,1678,1
